13.5669
13.3291
14.9609
16.6093
17.8422
19.6366
20.5386
22.0429
23.0067
24.231
25.5482
26.9059
27.9264
29.0689
28.7435
29.1426
29.3368
30.7012
30.1243
30.3213
31.1387
31.2331
31.4018
31.5628
31.0405
31.4247
31.2228
29.854
29.9213
28.4522
28.8144
27.0391
26.0286
26.2979
23.7205
23.599
21.8395
22.4851
21.9411
18.6843
18.258
16.7175
15.4608
15.1696
13.5334
12.792
12.1395
10.9793
10.2015
9.89813
8.98843
8.97954
8.2403
8.09843
7.45891
7.52907
6.11437
7.63247
6.9494
7.53794
6.43561
6.35538
7.2836
7.24937
5.99014
6.53485
7.01403
6.66992
7.94304
6.43696
6.57475
6.32723
6.84413
6.11283
6.90042
6.24323
7.45646
6.78641
6.94229
6.36887
6.22489
7.21295
7.25104
7.32712
6.54408
6.47378
6.75842
7.46001
6.84284
6.3396
6.16076
6.44653
6.13531
6.22257
6.01015
7.07334
7.24181
7.62281
7.2531
7.79467
7.57144
7.72075
7.14316
7.13966
7.78239
7.24855
7.85705
7.80004
7.32119
7.61075
8.24421
9.12159
9.26554
8.82287
9.49278
11.4325
11.6783
12.8923
14.2447
15.1877
15.0875
15.8678
17.6911
18.081
19.8022
20.287
21.2851
21.7592
23.5612
25.0054
25.4119
27.144
27.4396
28.4785
28.2189
29.9869
29.9052
30.1305
31.5718
31.3869
31.6873
32.1939
31.3082
31.3438
30.5835
31.3945
30.6858
30.1356
29.9008
28.9178
28.728
28.6631
27.5918
26.3856
23.7618
23.9201
22.5028
22.679
21.91
20.1223
18.1958
18.5825
16.9969
16.3687
15.0751
14.3881
12.3737
12.5518
10.8838
10.6505
9.99397
10.725
9.76537
8.83476
8.91812
7.36122
7.38391
8.40329
8.65816
7.6421
6.98937
7.61847
7.75224
7.65105
7.16721
7.02017
7.29504
8.24248
8.05427
8.53612
7.72811
7.72074
7.91803
7.35094
8.26625
6.88423
8.00903
6.82944
7.61801
7.59423
7.54829
8.38073
7.12951
7.83624
8.10789
7.79799
7.73235
8.06506
8.61231
8.61971
8.69027
8.32455
8.94728
8.18871
7.8196
8.71013
8.54843
7.81512
8.05691
8.34505
8.32236
8.52336
7.86911
7.06955
7.38874
7.42752
7.80623
6.96874
8.014
8.37496
8.14038
8.1783
8.90118
10.2636
10.6354
11.4751
11.2335
12.7174
12.909
14.0024
