28.4605
28.5949
28.4202
27.7053
28.3488
28.0562
28.446
28.3682
28.8563
28.7449
29.198
28.7826
28.7075
28.9423
28.5378
28.4279
28.683
28.0447
28.4533
28.8324
29.2552
29.5243
28.2603
28.407
28.6235
28.0692
27.9709
28.0753
28.3093
28.0083
27.5323
27.9348
27.4669
27.9354
27.8355
27.7063
28.1246
28.3486
27.5947
27.7464
27.4511
27.3842
27.8865
27.2879
27.5559
27.4332
27.1673
27.5331
27.3014
27.5851
28.2579
27.7455
28.3728
27.5535
26.9993
26.4674
26.6406
26.2185
26.2644
26.959
26.7429
26.623
26.2434
25.9309
26.2097
25.9925
26.1901
26.622
26.2532
25.6377
26.0643
25.7473
26.5015
26.1226
26.9044
26.8995
26.4078
25.9788
25.8627
26.7062
26.2331
26.5639
26.3262
25.6074
25.4789
25.1971
25.4167
24.3059
25.5926
24.4421
24.4762
24.3667
25.129
24.8996
23.9776
23.8041
23.3255
23.3773
24.1369
23.2348
22.428
24.3847
22.2866
22.6145
22.3745
22.1324
22.9932
22.3174
21.7711
22.0306
22.0181
21.2835
20.8621
21.9932
21.1515
21.0108
20.5731
20.0192
19.7049
19.9983
19.4154
20.0504
19.3434
19.9187
19.7081
19.4805
19.3505
19.599
19.67
18.9432
18.5812
19.191
19.1827
18.9478
18.9009
19.1137
18.5851
18.7289
18.785
19.0489
18.5621
18.6249
18.4611
18.9751
18.7347
19.2484
18.3728
18.9117
19.0465
19.1428
18.923
19.0132
18.7404
18.5062
18.4169
19.3666
18.8372
18.8972
19.1631
18.9064
19.0355
19.3005
19.2979
19.1204
18.9722
19.3292
18.6821
18.2652
19.0004
19.2566
18.8612
19.3371
19.0802
18.737
19.8323
19.7606
19.769
19.7552
19.3223
19.6487
19.4875
19.9355
20.01
20.0999
20.7088
20.726
20.578
21.3477
20.6729
20.8237
20.4546
20.49
19.8889
20.1663
20.349
20.9291
20.7692
20.2575
19.7
20.0933
20.8185
21.2384
21.1546
21.2098
21.484
22.0329
20.714
21.5116
20.8095
22.0287
21.6247
21.6192
20.3672
20.9675
21.0501
21.1463
20.707
19.6588
21.0265
20.9952
21.6409
21.5345
21.0747
21.3548
21.1394
21.1013
21.2422
21.3044
22.1227
21.9508
22.1209
21.6253
21.419
22.4038
21.3942
21.1283
21.6722
21.4696
21.4976
21.6471
21.9469
20.9966
21.046
21.6575
21.3096
20.6963
21.3727
20.9326
21.4395
20.1942
19.6006
19.7899
20.8587
20.3055
20.1711
19.494
19.3527
19.949
19.7451
20.4203
19.4064
19.656
19.235
18.699
19.0338
19.3565
20.6397
19.5944
19.2257
18.4524
18.999
19.9833
19.3802
19.2351
18.6855
17.8848
19.1407
18.8608
20.1956
18.7546
19.6673
19.3938
20.2091
18.5573
18.9635
18.6887
19.1599
19.3362
18.7218
18.0787
19.4264
19.2833
19.3554
17.8205
18.9225
17.9217
18.2797
18.5936
18.1976
17.4138
16.3873
16.9858
16.9619
17.5118
17.2534
16.8738
17.1556
16.8584
16.8511
16.5354
17.1332
17.0712
16.1755
15.8173
16.5263
16.4218
17.0003
17.4568
16.4654
17.0432
16.7021
16.6994
16.8146
17.0788
16.6541
16.8202
17.0366
16.47
16.7513
17.2873
17.5619
16.6911
16.9427
17.2912
17.7989
17.4635
17.0323
17.6664
17.3665
17.2569
17.9787
17.5991
18.2122
17.8562
17.9764
17.518
17.863
17.1942
17.7175
17.0695
18.0297
17.5739
17.6919
17.8254
17.5226
17.2342
17.5657
17.7068
17.6112
17.3524
17.1406
16.8975
18.0053
17.9493
18.0036
17.2041
17.9251
17.7859
17.224
17.0744
16.8991
16.9734
17.556
17.2489
17.6575
17.6662
18.3481
17.7698
17.8827
17.6178
17.193
16.7055
17.497
16.7923
17.4198
17.1087
17.2401
17.7978
17.6809
17.9949
18.2661
17.8015
17.5289
16.9813
17.8999
17.9974
18.1308
17.9233
17.812
17.7658
17.2728
17.6038
18
17.942
17.0404
17.1239
17.5192
17.0091
17.6133
16.9271
16.4143
17.3531
17.7297
17.713
17.4932
17.3788
17.1556
18.58
18.0411
17.4767
17.4257
16.6536
17.1933
17.0837
17.254
17.3192
17.0965
17.5493
17.6067
17.1194
17.0774
17.0515
16.3789
16.3817
16.2768
17.0848
17.8107
17.4077
17.3801
17.2789
16.7281
16.5545
17.0078
17.2927
17.0413
17.2148
17.5637
16.9709
17.0818
16.9246
16.8229
17.0548
16.7739
17.3123
17.0847
17.4003
17.6598
17.3317
17.1487
17.7753
17.4683
17.8129
17.6833
16.9579
16.9437
17.5225
17.3668
16.9965
16.8171
16.5833
17.2016
17.3914
17.194
16.928
16.8359
16.8567
16.8048
16.6788
17.0556
17.4181
17.2989
17.3675
17.2713
17.2379
17.7254
17.4442
17.2364
17.4412
17.1166
17.4657
17.3274
17.1183
17.079
16.8043
17.1296
16.661
17.3669
16.8756
16.6521
16.1971
16.435
16.7548
16.4491
16.5658
16.2322
16.103
16.2148
15.9089
16.3979
16.2785
16.2767
16.0439
16.0908
16.3339
16.404
17.0937
16.8441
16.4597
16.8828
16.9706
17.1431
17.6423
17.2385
17.5748
17.4704
17.9767
17.7077
17.6234
17.4199
17.4178
17.5586
18.0467
17.8221
17.729
17.4203
17.7625
17.2633
17.3125
17.49
17.0407
17.2628
16.8288
17.2594
17.0347
16.7378
16.6461
16.613
16.8949
16.8581
16.5024
15.9105
16.244
16.3022
17.2804
16.9574
16.7205
16.0962
16.4683
16.7506
16.7191
17.1346
16.7456
16.9216
16.8523
16.932
16.9208
17.1901
17.2253
17.4453
16.9077
17.0894
16.6375
17.3594
17.5983
17.0306
17.5727
17.2178
17.816
17.4576
17.9336
17.6756
18.047
17.721
17.8981
17.6775
17.1773
16.9111
16.8741
17.1289
16.9864
17.2488
17.3032
17.5591
17.1918
16.6699
16.6569
16.7088
16.6279
16.5037
16.8125
