51.367
53.8994
53.3762
55.6176
54.7623
56.0824
53.8934
54.0511
51.5129
54.7892
54.501
57.1043
54.4368
56.462
54.5505
54.8934
52.3491
54.2352
54.3752
55.46
54.0695
56.0033
54.6861
55.8671
53.6787
56.6557
56.153
57.5444
55.8355
56.7259
54.7484
53.946
51.3346
54.1197
53.3484
56.0928
54.6206
55.941
54.3292
55.2601
52.9219
55.5389
55.3379
57.5528
54.592
56.991
55.07
55.8675
53.3839
56.6733
56.8881
56.853
54.491
57.1233
53.5446
55.5477
50.6731
54.4781
53.2214
56.6452
54.4405
56.3732
53.3972
54.4411
51.4922
54.5529
54.5223
56.0065
53.856
55.8628
55.2333
56.3073
53.5637
56.0369
55.9691
58.841
56.3561
58.2812
56.0124
56.772
53.3584
56.5472
56.5587
57.8314
54.7116
56.9634
53.6723
54.1589
49.8201
53.861
52.7849
55.2948
52.7271
54.173
52.116
52.7129
50.7136
53.9124
51.406
53.7374
52.3653
55.0269
52.7439
54.4936
50.1349
55.0324
54.8418
57.1141
54.0236
55.9076
54.4825
55.2022
51.6512
56.1334
55.3881
58.2631
56.0441
56.7271
55.0713
55.8162
51.7206
54.8235
54.8894
56.7326
55.3588
56.0664
53.5647
53.6306
50.0522
53.4098
52.2889
55.589
53.1243
56.9852
53.111
53.8654
49.2536
53.1122
52.6715
52.5239
43.4326
46.5587
46.3466
46.8503
46.4544
48.6886
47.2954
48.8208
46.3298
48.0336
47.2926
47.2219
45.4073
46.7159
45.145
45.6106
45.3337
46.6265
45.5906
46.0505
44.3771
46.1806
45.2697
46.5346
44.6238
45.2734
44.5733
44.8489
43.1798
45.5576
44.7405
46.349
46.0134
47.1416
45.7321
46.9967
45.8881
47.6937
46.4672
47.2689
46.8924
46.8979
45.9295
45.9052
45.4372
46.5281
46.3529
46.2907
45.1028
47.7077
47.7051
47.6722
46.933
46.4516
45.7921
46.9202
45.5774
45.5714
44.9936
46.5756
44.6512
45.994
46.1538
47.2898
46.3678
47.0022
46.8391
47.7428
46.8416
48.4294
47.5414
47.8296
46.8657
48.1189
47.0038
48.4961
48.2763
48.2308
47.8242
47.7992
47.3516
47.0355
47.478
48.5999
47.043
47.7199
46.8896
47.7895
48.2215
47.8205
47.7734
46.8364
47.0738
46.301
46.1866
46.6925
47.9339
48.5195
49.0581
48.6823
