52.1539
52.7881
52.4422
52.2057
51.3558
51.7612
51.7408
51.3925
50.9973
50.6582
51.183
49.8365
50.7091
49.7797
49.1235
49.4026
50.7191
49.8143
48.8589
49.6147
49.1466
50.6798
51.7614
51.9482
51.6791
52.4578
50.7889
52.8162
49.1786
51.8933
45.7994
46.7342
46.6376
50.7346
46.8778
50.9983
51.0902
52.4535
49.7195
52.1435
50.7083
47.1149
49.5402
55.3749
56.1537
58.0723
57.7175
58.3479
56.4041
59.2551
58.2556
57.3558
58.9295
60.7681
59.6291
63.4189
63.9248
64.2682
64.6933
65.0886
64.3296
62.0476
60.4272
61.9454
59.9769
58.2557
56.1357
57.4546
55.5032
58.4977
56.7782
59.2509
57.6042
59.8328
61.2856
62.6467
63.5309
62.8594
63.9496
61.4802
59.1515
57.7876
56.1059
53.6838
49.2648
50.6884
48.4446
50.7804
47.2231
50.9073
48.2798
48.4215
49.3172
49.8254
49.8557
52.1677
52.5666
54.496
52.8795
56.9418
55.6957
56.2055
53.6926
53.7215
56.2336
57.8714
53.372
55.7663
57.8229
57.838
57.2217
56.7304
56.7912
57.8024
56.3664
57.4965
55.8936
60.2277
61.6061
63.3491
66.6997
65.971
66.9985
67.3782
63.9174
65.4485
64.3127
69.1252
72.4632
72.9807
74.4076
74.598
73.2856
76.1224
78.5869
80.4233
79.6038
78.2768
78.0804
75.7578
72.5515
68.2432
65.7065
63.8024
59.5949
60.0969
58.9631
59.8674
57.2672
57.8472
57.6388
60.5058
60.2056
59.9719
62.2105
63.6662
62.1234
64.1066
62.4122
62.9357
61.1707
62.1586
62.2319
61.7267
61.2501
66.1147
63.3843
68.7256
65.7972
69.6636
71.9145
73.0789
75.2692
77.7214
79.0263
80.2162
77.1489
77.8159
79.8791
78.4296
76.0732
73.1217
64.43
66.2176
66.9437
69.3271
66.6527
68.3626
64.9523
64.8487
62.5684
62.5053
66.3511
65.2594
58.4567
60.043
56.8014
58.2787
54.2113
54.1911
55.0859
51.7916
50.5217
52.575
51.7036
55.6778
55.1958
56.1543
55.6138
56.1912
53.0608
57.4976
56.1828
57.1702
58.0535
57.8668
55.9625
54.2429
50.9983
52.5704
52.1142
52.4236
53.2167
55.5063
57.3148
57.8045
53.8534
56.2748
57.2622
55.2759
55.2295
59.8624
62.4286
64.759
67.2507
70.0077
71.3464
69.9258
71.9667
70.5691
71.2042
71.0138
68.9272
65.3978
64.8116
61.7302
58.77
62.237
61.9575
62.0496
60.106
63.676
64.7509
67.7527
63.1011
63.957
63.194
63.6581
63.1424
64.1631
65.4632
65.7611
65.0481
64.9709
63.8498
64.0655
63.9731
64.9948
63.7655
63.7992
63.6081
64.1452
61.7924
61.2873
60.6305
62.4244
65.2595
67.4936
69.1907
69.0587
68.6152
70.7078
70.1372
70.1773
70.9314
68.0977
65.8279
64.0175
62.9482
62.6784
63.2278
64.1281
61.5129
65.4134
64.7675
64.708
64.358
61.9326
63.7361
61.8755
