48.699
47.9786
47.7699
47.9449
48.262
47.4782
47.1753
47.7726
48.6982
48.6102
48.1117
50.222
50.0764
49.6284
48.6069
49.4261
48.455
47.9455
46.6832
46.1448
46.8205
44.6875
46.2025
44.984
44.5962
43.0414
43.3294
41.4296
39.6308
38.9832
38.9894
40.4384
39.9996
40.0425
39.9642
39.9912
39.0955
40.4458
42.8571
41.3439
42.7998
42.4258
42.5581
44.0161
44.2175
44.0402
42.4815
43.8038
45.0443
44.8091
45.4606
46.3307
46.4713
45.7261
46.108
45.7031
44.4923
45.8892
45.3683
45.0383
45.3424
44.5988
42.9405
44.2191
43.5955
43.071
41.0977
40.8913
39.5684
39.5864
38.9545
40.2326
39.3155
39.8743
40.4967
39.2553
39.5863
41.167
41.0981
40.5249
40.6066
39.6812
41.4854
41.8484
43.4771
41.6803
43.0213
41.9868
41.0164
40.8935
41.1441
41.4512
40.2465
41.5427
41.8403
40.9313
41.4768
42.1298
42.4133
43.3622
44.7073
43.5086
44.2823
44.7499
45.0921
45.1661
45.9008
46.8425
47.6585
46.7409
47.1599
46.5629
46.0374
45.0887
44.4875
43.4378
42.7918
41.9742
41.4058
42.5969
43.4272
41.3634
41.7325
42.8025
44.399
45.4343
45.4763
45.674
45.009
45.9115
45.3967
46.2678
46.7775
46.4379
46.1428
46.7494
46.7497
44.9691
44.5721
43.9823
44.2488
43.592
42.4955
41.9655
42.6316
40.4712
40.6682
40.3263
39.5436
40.1881
40.3793
38.2771
39.074
38.7031
37.4671
38.1065
41.2262
38.9438
37.9453
38.5734
38.3677
37.6177
39.272
37.0319
37.2549
36.8902
38.8714
39.1835
39.4312
38.8807
38.885
39.4039
38.3023
40.0492
40.0834
40.4935
39.7503
37.6587
41.6357
40.7403
42.5479
38.8052
38.4795
39.1363
38.8106
35.9191
38.4612
38.9017
37.9367
38.4151
39.5638
37.6863
39.2658
38.6851
36.9158
35.9257
35.7261
35.6726
36.4481
35.0451
35.7574
37.1914
37.5259
38.1893
40.3831
39.5766
39.5798
38.3121
38.4788
40.0947
38.8483
40.411
39.9386
41.4275
41.8244
42.3945
44.3129
43.5957
43.1232
43.3902
43.8375
45.8351
45.7454
46.25
46.1818
46.8397
46.4067
46.9495
48.6757
47.3164
46.5147
47.5229
47.4992
46.6384
46.2689
46.3961
45.9519
45.1327
44.8263
45.0274
45.821
44.4267
43.5004
43.6144
44.1168
44.543
45.1794
44.4814
45.4386
45.2246
44.4882
44.8989
45.5327
45.9063
45.733
45.6074
45.4155
45.5638
45.1823
45.5437
45.0162
45.7955
46.4925
46.4465
46.645
46.4453
46.2807
45.3798
45.161
45.368
45.539
48.4105
46.5567
46.1533
48.2655
46.8238
45.5976
44.9826
43.344
42.2783
43.4824
42.658
43.6953
43.2484
42.5908
41.646
40.2995
37.2145
39.2501
37.368
38.1846
36.5353
34.1656
35.9909
35.6324
34.8544
37.7625
39.109
39.4134
41.4656
43.7464
38.9937
41.6033
41.4694
40.3186
38.8441
39.5372
40.2662
39.7905
40.0363
40.9908
41.2794
42.7066
41.6447
41.309
40.7266
41.8034
41.7164
41.2256
41.7934
42.8413
42.1457
42.5937
41.5757
43.5717
42.7516
41.7536
42.4746
41.7018
40.2974
39.6283
40.3043
38.6504
39.7183
38.0657
36.2771
35.889
33.4136
32.1311
32.6038
31.4638
29.1066
28.5712
30.0858
27.8889
26.825
27.354
24.9741
23.2607
22.8638
22.5476
21.9751
23.1562
23.5517
22.503
23.7737
26.2699
25.7484
28.5696
28.3093
28.7188
29.0706
30.2317
31.1118
32.9857
33.3696
34.4228
35.3166
36.0047
35.0388
35.9121
35.4858
36.2063
34.8012
33.7356
35.1535
32.7774
32.5942
31.775
30.942
32.0118
33.0517
32.7394
32.732
30.6474
29.2652
28.874
28.1445
29.828
29.7953
28.9007
31.1693
30.2214
29.3776
30.2181
31.5991
28.3573
29.8103
28.0427
28.6237
29.0634
28.2003
28.3435
28.6032
28.2279
30.0334
31.0042
30.4202
31.0655
31.7429
32.8592
32.4154
31.1684
33.203
33.2066
33.6532
33.6486
34.3719
33.9266
32.666
34.647
34.4222
33.9391
34.5144
34.2472
33.7291
33.2046
34.6505
33.1517
32.5453
33.2193
33.8356
33.2853
33.3394
33.4525
33.6984
34.2126
34.219
33.9661
33.0513
33.9302
34.1863
33.3437
32.1145
33.3692
32.1078
32.8862
33.191
34.2704
33.3218
34.2125
36.2797
36.4421
36.2121
36.4347
38.1382
36.0771
36.7566
35.6803
37.9987
37.3093
36.509
36.4695
35.9869
35.5845
36.819
36.2
36.4932
37.5994
36.4355
36.3928
36.9566
38.4855
38.4353
39.4625
38.2131
38.3664
38.7543
38.4178
39.4841
41.7134
40.2701
40.9096
41.7821
41.1422
40.994
41.6936
41.4621
41.6247
42.6958
41.6652
42.0213
43.1318
40.8582
40.1901
41.3038
39.9498
40.009
41.7634
39.5316
