21.7977
24.3257
24.6597
25.934
26.2751
29.1694
29.4757
30.4206
31.9246
32.7095
32.5382
33.6698
35.1814
35.2328
35.6388
35.8675
34.4392
35.9466
36.4194
35.7864
36.5117
36.997
36.001
35.7704
35.3603
35.0215
34.0123
34.6627
33.4401
33.1406
32.9203
30.8127
29.3906
28.541
27.8711
27.0847
25.1439
23.5688
22.3694
21.9208
20.2073
19.125
16.7866
15.1315
14.8575
13.7679
12.0837
11.409
11.4008
11.9608
9.98441
10.7519
10.6863
10.9191
11.7041
12.0185
11.2049
11.9388
13.8017
13.2767
14.1595
16.4637
16.5807
16.4719
18.3147
18.6234
17.0984
17.3037
18.0961
17.122
17.8339
18.851
19.6189
19.393
17.7287
20.1971
17.7052
19.2185
20.6716
19.6491
19.2134
19.751
19.706
19.5242
18.571
18.5655
18.9421
19.0613
19.1775
17.7002
17.4901
16.0712
16.1706
15.7517
14.1004
13.6313
13.7385
12.1149
12.51
10.6862
11.0265
10.6247
10.1748
10.969
10.0821
9.57017
8.71022
8.58452
7.12065
8.06736
9.15331
10.1336
10.2346
11.1246
11.3978
12.1027
14.491
14.8653
16.3366
17.8973
19.621
19.0882
20.4379
21.5706
23.2803
24.9263
26.7822
27.7238
29.5438
29.5059
29.5595
31.8968
32.1289
32.0502
34.2531
33.9687
34.9416
34.7825
35.2443
35.7237
34.4812
36.0226
35.4947
36.0464
35.5702
34.6134
35.0831
35.2671
34.8617
35.1812
35.1524
34.1964
33.9294
32.7529
32.0679
29.9787
30.9342
29.9836
28.8094
27.1965
26.3308
24.6431
23.6137
22.8002
21.5961
20.5412
18.3992
17.616
16.1198
15.1312
14.4286
14.0538
12.5337
11.4925
10.4419
10.1087
9.60444
10.0286
8.56892
8.31534
8.30087
8.17407
9.16953
9.01256
9.33884
10.1705
10.1463
11.4849
10.9525
10.9421
11.8573
11.7232
12.2107
12.2
12.4669
12.1186
12.8981
13.4631
12.5713
12.9003
13.3766
13.6837
13.963
14.6462
14.0598
14.3732
14.2917
15.4292
14.4621
13.7058
15.2345
14.7267
13.5815
14.5115
13.3366
14.0173
14.4728
13.7731
14.5322
14.2754
13.9133
14.3482
13.1099
13.0791
11.7271
12.8235
12.1885
12.4178
12.5754
12.0422
12.3732
10.2588
11.3234
10.963
10.682
12.2407
11.1991
11.6586
12.4081
12.6445
12.3207
13.3136
15.0924
15.908
14.5006
16.2864
16.6976
16.7092
18.3891
20.2834
