48.699
47.9786
47.7699
47.9449
48.055
46.937
47.7761
48.2604
48.4944
47.8203
48.2481
51.7702
53.334
52.4969
51.7614
53.0131
51.9585
50.9452
51.8163
51.1729
51.098
51.1788
50.0857
49.0456
50.0987
48.9257
47.7236
47.2266
45.0066
45.2854
45.4134
46.6543
47.0921
47.8724
47.1897
48.2919
49.9605
49.2884
49.4498
48.9386
48.3726
48.2484
49.9299
49.1479
48.664
48.3542
49.2924
49.9439
51.0183
51.9783
52.0617
54.4495
51.1785
51.3451
51.8109
50.2993
49.0986
49.0303
46.718
48.3778
48.7737
49.6672
48.3617
50.1787
48.5474
48.4429
47.206
44.3856
43.25
43.1378
43.038
44.2681
45.3199
44.095
44.3793
43.3578
43.0446
46.4267
47.2298
46.542
42.5422
43.0738
44.1256
46.62
47.4602
46.5823
46.0695
45.3342
44.5471
46.5704
45.3486
45.6841
45.1589
44.967
42.8806
44.948
47.3173
47.6821
45.9671
47.4622
47.5593
49.3898
50.4733
50.6416
51.1605
50.1597
51.2163
51.7864
54.4151
53.6657
53.4534
52.9232
50.897
47.937
48.8683
46.5568
46.6746
45.7956
45.0815
46.0356
46.0472
46.3147
43.8347
44.6758
45.8165
47.5645
49.4112
48.5009
49.2287
49.7648
50.4194
53.084
54.6946
53.798
51.0486
51.8181
50.5851
48.1167
49.1639
46.9154
45.987
46.659
43.4136
42.8216
42.895
45.2547
42.2079
42.1021
40.5936
41.8857
41.1517
40.6766
37.7169
37.5385
36.0664
38.1485
40.1819
41.2512
40.0607
40.3544
40.5438
39.3605
39.182
38.6917
39.0331
37.797
37.2236
38.9335
39.0654
38.3684
38.1174
39.2806
39.8032
42.7354
41.4363
42.6671
41.3601
39.8354
41.2717
40.9438
43.9042
41.0084
39.4836
40.0213
39.4799
39.0997
38.821
41.4033
41.8089
40.1995
39.4277
39.2819
40.7668
39.1473
37.3286
38.7407
37.969
37.3913
38.5902
38.6692
38.0835
39.6962
39.0467
39.4328
40.4543
41.4519
41.3967
39.517
39.5737
41.1843
39.9613
41.7613
41.9172
42.4247
42.6252
43.3776
45.6491
45.6382
46.1602
44.9949
46.8373
47.5153
47.5145
47.9315
47.1184
46.9417
48.3073
48.9565
52.8541
51.7666
50.5438
49.7431
49.9327
49.3395
49.7544
48.9351
48.9965
48.3335
47.239
48.0609
49.258
48.7023
48.3835
48.8565
48.3085
49.3236
49.5478
48.0973
47.5003
46.31
45.6335
48.3425
49.5592
48.6111
48.7475
49.244
48.7786
48.8466
48.3879
48.0563
47.4563
47.8763
48.7363
50.615
51.8531
51.4553
51.8534
52.1606
51.8153
51.4887
53.9645
52.0275
53.3958
53.4702
52.3377
52.7802
53.8825
52.8937
49.2714
50.5066
47.5576
48.273
49.0771
46.7571
46.5014
46.8133
45.7274
45.2347
46.9884
47.0649
49.0954
48.3708
44.1944
44.5969
44.3129
44.2438
44.1184
45.6712
44.9717
45.2179
51
44.7647
45.6843
50.5776
49.2732
48.7524
47.8537
47.6698
47.658
47.9521
47.6305
49.0879
50.2496
50.3099
49.4741
50.3458
51.1751
50.1824
49.1744
48.4118
47.2172
49.0005
47.1188
49.0796
54.5751
51.3687
50.7746
51.9894
49.9996
48.1119
49.5768
47.7484
47.2247
47.4662
48.8281
48.8182
52.7907
51.8478
50.1983
48.2755
47.0778
48.843
46.6126
45.1637
45.2503
46.1733
47.9308
50.7052
53.9217
51.2337
49.0055
48.5484
47.1469
47.7115
46.9983
47.0715
46.9599
47.7093
48.0259
48.6064
49.791
49.6102
49.055
48.8961
48.345
47.8478
48.3032
47.264
48.1678
48.0403
48.622
47.7057
49.2488
47.3097
46.9036
47.0504
47.2269
46.2853
45.0297
45.6794
46.5099
43.0484
41.5393
42.8433
42.6701
40.8074
39.5292
41.5686
42.5775
41.1503
39.9091
40.7255
40.3579
39.2643
40.674
40.9943
41.1871
42.2468
42.0702
41.0958
41.4385
40.8488
40.0431
41.1409
41.0762
41.5584
42.3583
45.1364
45.7253
45.6164
44.5908
45.112
45.1163
44.3756
42.1794
43.348
42.5746
42.6092
41.5461
41.6354
43.3467
43.7559
44.7409
43.1563
43.5491
43.2011
41.1184
42.9851
42.1577
40.5974
42.4115
42.572
46.8648
46.7981
46.0407
45.6875
45.4993
44.7579
44.9837
44.413
44.2272
43.7743
42.987
45.5616
50.4601
48.7529
48.4192
47.7088
46.6747
47.039
47.02
46.832
45.4434
45.6894
44.9224
46.4531
49.8072
48.8898
47.4215
47.5968
48.2125
47.6024
47.3842
46.9625
46.4808
45.3688
45.7728
46.8689
52.0296
48.1878
47.4839
47.1395
45.8584
45.4365
47.3217
43.792
46.2
47.0489
45.1086
45.3496
51.1524
48.091
48.2347
50.5666
50.3558
50.3516
49.2184
49.0836
49.5319
48.5146
48.188
49.2356
52.1939
50.8558
50.8215
50.5733
47.8763
48.8102
49.6451
49.0343
