29.6871
29.2563
29.9145
28.7933
28.9041
29.4859
30.038
29.474
30.5961
28.813
29.5005
30.8795
28.1539
28.9934
27.9558
29.0808
26.5297
27.4651
28.0043
27.5545
27.1175
26.1593
27.2199
26.3127
26.5309
26.7345
25.893
26.0657
26.7261
26.4094
27.2116
27.5577
27.5266
27.3403
26.8316
27.5486
27.2648
27.3828
27.5563
27.6165
28.0567
26.4752
27.2663
27.0606
27.0317
27.8101
27.2288
27.2806
28.1366
28.4074
28.0251
27.8446
28.0999
27.8116
28.0871
28.8541
28.8357
28.9635
29.0346
28.8335
28.9627
28.2637
29.8358
30.9143
30.6068
31.3816
32.0804
32.0579
32.9766
32.5082
32.6876
32.6527
34.2715
35.1819
35.9853
35.2553
35.0395
35.6793
35.632
35.0155
35.9511
36.2804
36.4633
36.1206
36.0001
34.6483
34.2525
33.9919
32.7792
32.39
31.419
30.2915
29.8449
30.4459
29.3307
28.5285
29.2299
29.1851
28.9205
27.9924
29.3551
28.3825
28.8325
29.1814
29.7591
29.3512
30.6033
30.2901
29.8464
30.6261
29.9734
31.0679
30.8923
30.5158
31.3359
31.3428
30.7403
30.41
29.507
29.5952
29.9344
29.7152
29.5769
29.4227
29.9215
29.815
30.1678
30.2885
30.419
30.7363
29.9254
30.5808
32.1426
31.0471
31.1737
31.0309
30.5361
30.8873
30.9095
30.5243
30.3497
31.1651
30.3472
31.8166
31.1303
31.0695
30.8348
31.487
31.522
30.3465
30.281
31.2388
30.9143
31.2583
32.4546
32.5276
32.2008
31.9698
31.9703
32.9787
32.5863
33.3977
34.4018
37.6772
38.4789
37.4478
37.3418
38.6925
39.7693
40.0946
39.6572
39.1481
38.9241
38.9896
40.3996
39.1582
38.9492
39.3049
38.5603
37.7315
36.9137
37.049
37.0918
36.5285
37.3045
37.3405
36.7529
37.0604
36.8927
36.5763
36.1098
36.9421
36.4523
35.6007
36.1463
36.0954
35.9537
35.4898
35.6835
35.5603
35.8991
35.6387
34.8323
34.7096
35.432
35.7084
34.9794
34.4908
35.313
35.9085
35.5569
36.9323
36.4337
36.784
36.4954
36.6546
36.7406
37.1131
36.3317
37.6222
36.2166
36.9391
36.0829
36.3616
37.5829
36.5454
37.7556
37.9946
37.2006
37.8098
37.0907
37.417
37.6845
38.0819
37.6093
38.0044
38.2906
37.4396
37.788
38.1099
37.83
37.5635
37.7638
36.9399
35.9427
37.9564
36.7999
36.0034
36.4875
36.7871
38.6634
38.0817
38.0577
38.3213
38.6242
38.5396
39.1238
39.1015
38.9485
38.0559
39.1383
38.3906
39.3553
38.1871
38.447
39.1424
38.4591
39.5568
38.4001
38.1533
38.4391
38.8323
37.8256
38.1644
37.5654
38.684
37.5934
39.2803
37.7109
37.27
38.2175
37.7605
38.22
38.1661
37.2438
36.7341
37.3269
38.0889
38.5434
37.592
37.946
37.663
36.3359
36.9849
37.7801
37.5732
37.5234
36.2888
36.4036
36.9197
