56.1386
54.8774
55.0517
55.8683
55.4747
55.6766
54.6071
55.0911
54.9914
55.2938
54.9353
54.6805
54.9229
54.4087
55.5517
55.4339
54.2616
55.6059
54.9513
54.2257
54.8619
55.4081
55.3393
56.5024
55.3835
55.6178
54.7321
55.309
55.1708
55.9215
55.2514
55.688
54.0543
55.2939
53.8011
54.4946
54.3782
54.0667
54.0346
53.1275
54.0839
55.5426
55.7316
53.5148
54.354
54.2219
54.5167
54.1853
53.7294
54.4061
53.8683
54.1709
54.8479
53.3712
54.0282
51.8483
52.2234
52.135
54.1119
53.9854
54.7975
54.2293
54.1265
54.8009
53.6861
53.2679
54.7648
53.6092
53.2974
53.8283
53.4532
53.5148
53.9862
54.6456
54.3231
53.5351
53.336
54.0324
53.7316
53.0087
54.4764
54.7953
54.4644
54.5714
54.1227
53.5699
54.2377
53.1811
53.1756
52.5364
53.029
53.5222
52.8425
53.074
53.5559
53.3887
53.1705
53.0059
53.3812
52.6237
53.5917
52.9575
54.0569
52.9546
53.5708
53.7438
52.9125
52.4503
52.5277
52.0712
53.6201
52.2191
52.9578
52.8043
53.6007
53.2118
53.4608
53.7799
54.0117
53.5129
54.3113
54.356
53.7702
54.6965
54.0517
54.3898
54.3316
54.5761
52.1972
51.5745
52.9548
52.8448
54.6621
53.3324
53.101
54.3557
53.2586
54.1764
53.8862
53.4688
49.2611
48.0215
49.7159
47.7008
47.8358
48.2604
47.4625
48.8346
48.2466
49.0583
47.4317
47.0239
47.4928
47.9487
47.031
47.3342
48.8722
48.1706
48.2104
46.9488
48.2994
48.9425
47.2913
48.239
47.0336
49.2917
47.2485
48.6749
47.5897
49.4193
47.0981
48.1593
47.4057
48.4582
48.8663
48.0561
46.4288
47.8811
47.9804
47.776
48.0277
47.4114
47.0937
47.3684
48.5744
48.3305
47.7052
48.8033
48.3607
49.138
48.3746
48.7858
48.5053
48.7915
48.8167
47.1666
47.8097
46.4209
46.9081
48.382
48.1999
47.7941
48.03
46.5295
48.0456
48.2064
47.8154
48.0962
48.0506
47.7279
48.4535
49.1006
48.037
49.2241
49.4293
48.2328
50.0716
47.751
48.7902
47.768
48.9271
48.5647
50.0741
49.8447
48.971
48.5279
49.1784
49.0242
48.9927
48.669
47.4687
48.3727
48.6618
49.2784
49.0653
48.3475
48.9805
49.0462
48.857
48.7946
