33.3776
32.7789
32.9244
33.2511
33.2309
33.5657
34.4747
34.1267
33.5257
34.6717
33.5523
33.4765
32.3021
33.854
33.8545
33.8947
34.2185
34.3352
33.8029
34.1994
34.0439
34.1287
33.0874
33.7354
32.0598
32.741
32.6375
33.2644
33.8159
33.4274
34.0549
32.6918
33.4289
33.759
32.2688
32.2161
31.0473
32.3569
32.2487
32.251
32.1892
31.5284
32.324
31.6131
31.3462
31.7065
32.3107
31.6176
30.843
32.3893
31.0456
33.2193
32.0511
32.5782
32.1008
31.7216
30.9198
31.5206
31.1579
31.8298
30.074
31.136
30.6164
31.1408
30.9778
31.0578
31.2872
31.347
31.1114
31.0087
30.426
31.1847
30.1437
30.5098
30.8016
31.7311
31.8867
30.9513
31.8278
31.5074
31.0468
31.7509
32.0915
31.5247
29.8307
31.6363
31.9233
31.1251
30.8608
30.9172
31.0366
31.5704
31.7857
31.9247
31.0639
30.5966
28.4508
29.2394
30.6357
29.3544
28.2173
28.6907
28.2963
28.5992
27.9935
28.6087
28.8261
28.209
26.548
28.8026
28.5823
27.2384
27.7947
28.4802
27.6315
27.3517
27.4693
26.1285
26.4289
26.1804
24.6022
26.7782
26.2081
25.5213
26.1341
24.7411
25.4193
25.678
26.6286
25.8081
26.773
26.2126
24.4193
26.919
25.9118
26.8335
26.4844
26.7597
24.9997
27.195
26.4117
25.1474
26.2594
25.5844
23.7283
25.6022
25.7844
24.6583
26.3482
26.0124
25.7596
26.9333
26.2209
24.265
25.9414
26.2135
24.323
25.9602
25.5574
24.7435
25.5325
25.6529
25.0599
25.743
25.8431
25.1688
26.3152
25.709
23.9027
25.8848
25.7047
24.944
26.0849
26.3034
25.5851
26.2829
26.2827
25.3185
27.4868
27.1836
25.3656
27.4218
26.978
26.6108
28.2399
28.1197
27.2374
27.3764
27.7868
27.3222
28.5872
29.3885
26.3153
27.9389
28.769
28.1843
28.778
27.906
25.8038
26.9736
27.57
27.3914
29.0114
29.2966
27.0832
29.7782
29.0447
28.3316
28.9949
29.5569
28.0634
28.7087
27.1214
27.2851
30.4235
29.653
27.0902
27.7573
28.8754
27.6102
29.2062
29.8172
28.0172
29.8304
28.5481
27.6893
29.9595
30.3679
28.4323
30.233
30.0288
28.4565
29.3962
28.655
27.1216
28.0757
28.3238
27.147
29.5742
29.5556
28.7664
28.4037
27.8804
27.3937
27.7879
27.9268
26.8852
27.8521
27.788
26.1758
26.7791
26.9153
26.7997
27.1111
26.8142
25.0733
26.8476
25.053
24.9074
25.8378
25.3725
24.6587
26.7087
25.95
24.486
26.0429
27.1114
25.2044
26.198
26.1029
25.0667
26.8289
26.1033
25.116
25.7719
25.3868
24.9682
26.4531
26.6532
24.5167
27.128
25.5849
26.2037
25.2412
25.3449
23.8636
25.7916
25.6437
24.9643
24.6153
25.2128
24.7975
26.0355
25.14
25.0404
25.6923
24.5173
24.1621
24.3323
23.9558
22.28
24.3764
23.3495
23.5454
23.2631
22.857
22.8492
22.1535
22.4461
21.3357
23.079
22.8305
21.3044
21.8853
22.62
21.1972
21.2856
22.1428
20.6973
22.3764
21.378
21.1168
22.3887
21.1277
21.4302
21.6857
20.4558
20.4799
21.0393
21.8732
21.299
21.6243
21.3496
21.7006
23.0753
21.4044
21.015
22.1181
22.4797
21.4019
22.238
22.0972
21.6627
22.3916
21.7923
21.0594
22.5485
21.4704
22.0043
21.8948
22.0946
21.9526
21.6893
22.2878
21.5123
21.1716
21.3755
21.2516
23.0699
22.8502
21.3861
22.7933
22.8236
22.427
22.0552
21.7928
22.2585
21.7626
21.9219
21.6085
22.0318
22.306
21.5267
21.7493
22.3576
22.1146
22.3616
22.1655
22.0805
22.472
21.6937
20.9281
21.754
21.825
20.8921
21.8695
22.2347
22.0099
21.9825
22.8974
22.2307
21.9467
22.6431
21.9766
22.9082
22.6429
21.8089
22.6837
22.4841
21.9409
22.5164
22.3437
22.4494
23.2807
22.3004
21.2731
22.9085
22.3794
21.6073
22.8421
21.3629
21.9537
22.1109
22.5761
22.0856
22.2277
21.9501
21.6596
23.1404
23.3557
22.0469
22.2316
22.3159
21.8701
22.4231
22.4569
21.5903
21.5325
21.8315
20.7571
22.2716
21.9684
20.7092
21.57
21.7564
21.044
22.1738
22.0895
21.5101
21.4801
21.5356
20.3612
21.8648
22.0955
20.8793
22.2527
22.7579
21.7938
21.9741
21.5409
20.8039
21.9662
22.1078
21.173
22.1264
22.2763
21.2329
22.9575
22.5901
22.3348
22.8574
22.7463
22.563
22.6487
23.217
21.9337
22.8996
22.8769
21.3123
22.1223
22.446
21.4715
22.2324
21.4702
20.9494
21.1936
21.3779
20.9935
22.8369
22.3677
20.8156
22.6351
22.4234
21.5672
22.1461
21.6043
21.2406
21.9609
22.2892
21.5625
22.5256
22.9002
20.6642
21.779
21.7657
20.73
21.5435
21.6427
20.7335
20.8702
21.1225
20.3262
21.5493
21.7098
19.6094
21.4152
21.5726
20.9686
21.9089
21.136
20.792
20.5627
20.6892
20.0349
21.456
20.914
20.1611
21.4202
21.1082
19.9177
20.9416
21.5183
21.0594
21.1866
21.4258
21.028
22.5743
22.4179
21.0105
22.536
22.3188
22.021
22.6323
22.6306
21.8908
22.7292
22.6021
21.8537
22.6444
22.6248
21.2164
22.444
22.7731
22.0125
21.9788
22.4699
21.7387
22.4247
22.1359
21.7281
22.2398
22.284
19.9126
22.0889
21.2658
21.4695
21.8203
21.8316
21.5695
21.7708
21.9284
21.8426
22.4831
22.9394
21.4199
22.7674
22.5334
21.5067
22.6352
22.2313
21.965
22.1619
21.9614
21.5857
22.992
23.3811
21.8318
23.1782
22.7813
22.2367
22.6645
22.6877
22.1462
22.2784
22.8442
22.3134
23.0029
22.8202
21.6248
22.9812
23.0131
22.329
23.2443
22.4312
21.4109
22.3383
21.6348
20.826
22.1787
20.9775
