32.0773
30.2051
30.4684
30.3545
29.336
29.8574
28.8796
27.8733
28.6291
28.8639
30.0311
29.0822
29.6195
29.2124
28.3481
27.3104
27.627
27.5822
27.2071
27.0619
26.2341
25.6234
24.9567
24.6868
23.7597
22.0274
22.0824
21.8464
22.3732
22.718
21.8969
21.2538
20.2137
20.0887
19.8843
20.1083
18.8525
17.8412
18.4296
18.5476
18.2393
18.7346
18.7391
19.5826
19.6365
20.5844
21.1798
21.1219
21.6999
21.9737
20.8628
21.624
22.3447
22.5613
22.2254
22.805
22.6412
22.9266
22.9592
22.3453
21.969
22.269
22.4693
22.7308
22.2812
22.7963
22.547
21.6053
21.1325
21.3367
20.2918
19.4751
18.7461
18.6169
18.7383
19.4818
18.7127
17.5263
18.5535
18.515
17.5488
18.7068
18.0305
17.5388
18.7521
19.4212
19.9034
19.7299
20.6372
19.52
20.2887
20.7674
20.4726
20.7885
21.2068
22.1658
21.7172
22.7282
22.6256
22.46
23.5489
23.251
23.4145
23.5035
23.2368
22.0021
21.6073
23.2522
23.6496
24.5173
23.4044
23.5008
23.2416
24.1
22.8924
24.0068
23.4666
24.1424
25.2098
24.7959
24.9981
25.1148
25.9558
26.3978
25.9644
25.7225
26.04
26.3429
26.2782
26.2946
26.3169
26.7306
28.2887
27.2243
28.311
28.0976
27.6715
27.5436
27.7129
28.0937
26.8789
26.2047
26.6638
25.9046
26.8254
27.6255
29.1327
29.4447
30.2006
31.1338
32.8969
32.8731
32.2814
32.701
33.5834
34.4937
33.9795
35.0242
35.8818
34.6328
35.6848
35.5893
35.6842
35.8251
36.7939
36.8372
38.0042
37.8752
39.4355
39.8065
38.9159
38.8453
38.7873
38.4874
39.6611
40.0699
39.8
40.5941
40.8264
40.5006
42.1392
41.3159
40.8499
42.3262
42.062
42.8237
43.0424
41.911
44.0158
43.7209
43.6553
42.3235
42.1041
41.5438
41.4782
42.2624
41.8441
41.1107
41.5946
41.2132
41.1135
42.3124
42.2582
41.6748
40.7812
42.5508
41.5681
41.0089
41.5449
40.4436
39.8338
40.576
40.1725
40.2598
39.992
39.9266
40.3754
39.6573
40.2574
39.6789
40.4988
40.5695
39.774
40.0302
39.6443
39.8463
39.3149
39.4409
39.2521
38.3087
37.2702
37.2549
37.7832
36.1288
35.9789
36.0775
34.6783
34.9985
34.7035
33.474
34.8175
32.9096
33.3128
33.7908
32.745
30.2013
30.624
30.4315
29.6648
29.4271
27.8858
28.6555
29.1669
27.7869
28.1827
27.6608
27.127
26.0332
26.2464
27.1129
25.7988
24.6773
24.6577
24.6329
23.6345
22.6171
22.2997
22.3492
22.8785
22.3206
22.6368
21.4626
21.6314
20.2329
21.1759
20.8779
21.1752
21.6875
21.237
20.5136
20.9808
19.5666
19.3707
20.1487
19.5247
18.9083
20.0443
19.7178
18.7374
19.9854
18.9197
19.4332
19.1383
19.0803
19.3526
19.091
18.4317
18.6189
18.3188
18.4509
18.9149
17.15
18.1731
19.5833
18.8054
18.5913
18.5201
19.1357
18.5449
19.4486
18.7281
18.0603
18.0959
18.572
18.5722
17.6887
17.9019
19.0977
18.0365
17.6027
18.543
18.207
17.4217
17.5132
18.2239
17.6178
18.1296
18.2575
17.885
18.1263
18.5493
19.0644
17.7672
18.1073
18.6484
18.6509
18.3749
18.6268
18.5237
18.3007
17.9813
18.3365
18.0998
18.5623
17.9958
18.2629
17.7349
17.7082
18.208
17.9959
17.2413
17.583
18.3157
17.1753
18.041
18.0627
18.8938
18.7079
17.201
18.1014
18.9117
18.6016
18.2997
19.5376
18.809
19.0295
19.1899
19.4193
18.2963
18.3603
18.6842
19.0284
19.9744
18.9707
19.3399
20.7038
20.889
21.008
21.0255
21.5134
20.5639
20.9913
22.6512
22.7192
21.7138
22.9495
23.19
23.916
23.7558
25.4058
25.2515
25.2029
26.5536
27.1155
26.5269
27.1079
28.4396
28.8465
28.624
30.2632
30.2778
31.1708
32.2304
31.774
33.1729
33.1219
33.9292
34.8896
34.8152
35.145
36.5986
37.3841
37.9744
37.4689
38.6129
39.198
38.4971
38.3509
39.3891
39.8774
39.8899
40.3548
41.4275
42.2431
42.1348
41.9262
42.8345
42.0852
42.512
42.3654
42.3585
42.8219
44.224
42.97
43.0425
44.1011
43.8177
44.8043
45.7947
44.2544
44.6091
45.8442
45.0776
44.8436
45.0897
45.2572
43.9515
44.6722
43.5808
44.6076
45.0556
44.3891
42.6885
43.7696
42.7577
43.564
43.1809
43.3954
41.6051
42.0752
40.166
41.3722
42.0305
40.4039
40.6756
39.3079
39.5204
38.9281
38.5225
38.9495
38.5411
38.9028
38.7607
37.6904
37.0518
37.4747
37.0407
36.3713
35.661
36.0084
35.2465
34.329
34.9199
33.9041
34.6211
33.8731
31.7797
33.3889
30.7604
30.8591
32.3659
30.1766
28.7926
29.6459
28.4072
27.8085
26.8606
27.1112
26.5644
26.1403
