51.0931
52.1314
52.6553
52.1937
53.773
53.8432
52.8434
53.2934
54.6717
56.3159
55.5049
56.6998
56.253
57.0173
56.7933
56.6775
57.7234
57.7561
56.9317
57.5656
58.3274
57.2705
58.3069
57.4334
57.3791
58.6703
57.5154
57.2586
57.0248
56.5014
56.9031
56.2526
57.2
56.8306
57.0097
54.9017
54.902
55.8009
56.2262
55.2576
54.1166
54.3021
54.4421
54.0819
52.5418
53.5192
53.1605
52.8834
53.287
52.5261
51.3486
51.9341
50.6561
49.2784
49.9376
48.6596
49.3172
48.5895
48.5769
47.5102
46.9349
46.6954
45.7663
46.4239
44.1725
44.4753
45.615
43.4421
44.1796
44.1704
44.0665
43.0352
41.8825
42.1407
42.2992
42.9582
41.9893
41.4483
40.8724
41.4469
41.3912
41.3389
39.6
41.2643
41.3655
40.0214
41.1145
41.5176
40.4086
40.3622
41.0518
41.4554
41.289
41.1375
41.5104
42.8298
42.6999
42.7441
43.5174
43.7921
43.053
45.3667
45.0667
44.4048
46.0702
45.6887
46.5375
46.203
47.4514
46.847
47.767
48.8711
49.1504
49.1841
49.6682
50.3621
50.0203
50.9201
51.6402
52.076
51.0593
53.5415
52.5749
53.9903
54.2457
53.4208
53.4524
53.9114
54.861
54.0773
56.2547
55.8585
55.5884
55.1242
55.9779
55.2576
57.6822
57.497
56.686
56.2686
56.8797
56.165
56.5965
57.2007
57.5188
57.7777
57.3276
57.3527
58.2828
57.4031
56.7003
56.85
57.4811
56.328
57.1385
55.7399
56.0212
55.9069
55.4903
56.5012
54.4166
55.6127
53.9647
54.6561
53.8486
53.5357
53.8007
53.2767
53.3822
52.4396
51.2213
52.4371
50.4256
50.4549
49.8531
49.6342
48.2913
48.7644
48.7429
48.6383
48.2323
45.8006
45.4654
46.5179
46.5566
45.3315
45.5257
44.6166
44.513
45.0476
43.1454
42.8809
43.0954
43.5575
42.4839
42.2989
41.4989
41.2956
40.8917
40.261
41.232
41.3134
39.9704
40.5668
40.2074
41.3444
39.9043
40.5301
40.7063
40.6486
41.3886
40.808
41.2105
42.3255
42.3762
41.8441
42.668
42.5763
42.4852
43.4386
43.9134
44.982
44.3102
45.0302
44.0288
46.0592
46.7198
46.361
47.3095
45.7726
48.0383
48.325
48.2131
49.5826
50.3331
50.9069
50.8497
51.4845
51.4103
52.4481
