29.3191
28.0431
28.7214
28.1333
28.7066
28.109
27.6349
27.8651
27.7136
27.4883
28.0418
28.0984
27.7027
28.4487
28.4406
29.7686
29.5302
27.7659
31.2661
27.7155
28.3471
28.1482
28.1128
26.6948
27.9191
27.6665
27.5053
27.6295
28.742
27.047
27.7847
27.603
27.3983
28.4199
27.6829
27.7655
28.5211
27.5815
27.4006
27.2023
26.6489
27.8332
28.9601
27.9566
28.3944
28.7032
28.3416
30.4608
29.9852
29.4197
27.5515
28.7128
29.2008
30.1528
30.1868
30.516
29.1026
30.1825
30.2592
30.3421
30.215
32.8451
31.6928
31.0689
33.0304
32.0698
32.1994
30.4543
30.9962
29.5146
31.508
30.0606
31.5382
31.4764
29.9951
32.1665
30.0989
30.0743
31.0813
31.567
30.3797
30.6296
30.0815
30.253
29.7315
30.5985
30.383
29.7454
29.7674
28.8186
28.0142
27.4458
28.4947
27.3516
26.3867
25.8221
25.979
24.9196
25.078
24.8573
25.1919
23.8759
23.4601
24.174
23.5492
23.336
22.211
22.4641
21.5599
23.4541
21.3611
22.6897
22.1493
22.0883
23.9255
22.8033
22.5306
22.6636
21.5109
20.7444
20.6996
20.9325
20.8346
19.6101
20.4455
21.5575
21.2701
23.1567
21.8599
21.0034
22.0558
21.7696
21.2076
24.0197
21.4078
22.786
22.9798
21.3044
21.911
21.8401
21.514
19.5085
21.562
21.1113
20.7741
22.6077
22.3179
23.0026
22.7201
22.1483
22.4969
21.8079
20.4129
22.6762
23.2137
21.0731
23.0409
23.1967
23.6562
21.9243
23.4718
22.3272
23.0999
24.7892
23.0654
23.1831
24.6462
22.5722
21.9679
22.1304
20.8768
22.9326
22.5851
22.4394
20.8809
22.1888
21.1752
22.8967
21.0728
22.2648
21.9899
21.9466
23.2566
22.8596
23.1853
24.0646
23.3722
24.7912
23.3667
23.7804
24.7405
23.7938
24.1071
23.7703
24.178
23.5793
23.3922
25.0238
23.1298
23.9567
24.7538
24.6844
24.5598
25.319
24.8892
24.7336
25.1509
25.9884
26.4579
24.9025
26.6557
25.5256
24.9408
24.5202
25.0747
25.0597
25.5397
24.6166
26.3041
25.688
26.0377
26.6408
25.1898
24.7964
24.803
25.0057
25.0734
25.2883
26.1585
26.6388
26.4285
25.1634
25.8133
25.9657
25.172
27.0516
26.0346
26.9622
27.1399
28.2179
26.3544
26.6244
30.2063
28.7455
25.8032
26.2456
25.5446
24.6307
25.4719
26.3732
