45.2258
46.1357
47.8647
47.8748
49.1792
48.5855
48.2204
49.3806
49.8488
49.9005
49.6722
50.0221
50.8329
50.9106
50.4681
50.3152
51.3137
50.4082
49.8992
49.4041
48.7981
48.9274
48.5426
48.2224
48.0769
47.9099
46.6852
46.0963
45.0498
46.0776
45.71
44.6104
43.2368
43.1415
42.0959
41.0611
39.9718
39.4196
37.7907
35.4907
34.5296
34.3049
34.0686
31.6615
30.9866
29.3103
28.1267
28.5207
26.8848
26.5922
25.3139
23.6177
23.9496
24.366
24.0888
24.0743
23.8943
24.3273
24.6952
23.873
24.9761
23.9197
24.2425
23.5162
24.2417
23.4262
24.2274
25.3519
24.9347
26.112
24.3416
23.1031
25.2078
25.511
24.2542
24.1772
24.3104
23.8957
23.4983
23.8049
24.3917
22.8363
24.5494
23.0574
24.4678
22.8878
22.4135
23.3101
23.5153
22.6001
21.992
22.0975
23.8396
23.1593
23.4816
23.5941
24.2698
23.7022
24.2406
26.1369
26.9439
29.631
28.7681
30.3997
32.4751
33.2244
33.4672
36.1773
35.95
37.9795
37.713
38.5988
40.2076
40.7702
42.056
43.4803
44.4898
44.5749
46.1632
45.8908
47.3426
48.0495
48.0576
48.8176
48.8007
49.8043
48.867
50.4691
50.8951
51.1389
50.7194
52.2908
51.3373
50.7051
52.358
51.6645
51.9135
52.1685
51.1547
50.9523
55.2504
55.2982
53.9398
54.5853
53.5085
52.2477
53.1727
52.8932
52.0004
51.7105
50.0362
51.0318
49.0538
48.8684
48.6097
47.6953
45.6678
44.736
45.5168
43.9308
42.9544
42.3447
39.782
40.1661
38.5628
38.8348
37.3741
36.7402
35.3762
34.766
33.6438
32.0686
31.202
31.2584
28.3609
27.0838
26.7733
26.492
24.6505
24.4369
23.731
22.7909
21.4571
21.4338
21.2624
20.1933
19.9835
20.2023
19.281
20.0539
18.5416
18.8137
18.7538
18.5044
18.317
18.7659
18.3622
18.5296
19.508
19.3206
20.5631
19.9833
20.1961
20.656
21.4219
21.7679
22.9482
22.584
24.7103
24.8732
26.5011
27.098
28.6231
28.8201
30.0688
30.6849
31.3534
33.1627
34.0839
34.5843
37.1103
37.7599
39.8564
39.4369
40.9604
41.3873
43.0189
43.1386
45.1734
46.0528
46.1453
48.3647
48.3091
49.1602
49.8823
49.7867
51.6696
51.7629
53.2791
53.5804
