42.4214
42.4214
42.4214
42.1789
41.4824
42.2922
41.9568
40.5076
40.7246
41.6169
41.7142
40.9827
41.5337
40.7824
41.9367
41.5726
40.8107
40.3888
39.8718
39.5364
38.2726
38.6865
40.0331
39.0014
39.1564
39.3277
39.0763
38.6668
38.9987
38.3592
38.0928
37.384
37.7065
38.6076
38.8335
38.9111
39.3019
39.7401
39.268
39.7694
38.6888
39.7476
40.5341
39.5134
41.5256
41.0671
41.5154
41.8837
41.868
42.4131
40.6333
41.689
41.1828
41.7979
41.5749
40.9434
40.3293
41.43
41.068
41.7572
41.1308
41.9244
41.8236
40.9108
41.0886
41.4321
41.3286
40.4687
40.6347
40.154
39.9756
40.3944
41.0872
39.9131
40.317
40.1723
39.559
40.167
40.2826
40.2238
40.1768
40.1755
40.2884
40.7333
41.3275
41.1519
41.3523
41.2861
41.8119
40.3603
41.1748
41.343
41.6574
41.5754
41.6531
41.739
42.0297
43.8758
44.3568
42.2902
42.6845
40.8323
41.1617
41.8406
41.6199
39.6449
40.6975
41.5448
40.9715
40.247
41.2774
41.4833
41.0639
41.82
41.795
42.207
42.8624
41.9306
41.5678
41.8458
43.0556
43.9381
44.4195
43.6305
42.7683
41.9215
42.3532
42.941
42.3873
41.7531
42.6245
43.3983
43.7492
43.5827
43.824
42.7404
41.967
43.6605
43.5973
43.1615
42.7062
41.9574
41.2937
41.2695
42.3862
43.269
41.6245
41.9436
40.2224
40.4584
41.1635
42.0792
42.3734
41.9891
42.1371
41.742
42.1101
41.3195
41.5606
41.9845
42.1362
41.7389
41.2407
41.4456
40.5508
39.7772
39.6283
39.9267
39.1465
39.4616
40.2351
39.9076
39.6062
40.5106
38.8356
39.3204
39.8684
40.9499
41.3719
41.3705
42.4953
41.8273
41.8341
42.2654
42.3792
44.4533
44.4948
43.9748
42.7576
42.2469
42.7933
42.2747
40.4262
39.835
40.2148
40.6326
40.4748
39.6108
40.2791
40.4008
38.3518
38.4741
40.1801
39.4562
39.727
41.4884
42.2966
42.1219
42.3328
43.0807
43.2084
42.6246
42.7601
41.7839
40.1892
40.5384
41.9386
43.0287
44.5944
44.6642
42.9652
45.2431
45.3644
44.7087
43.9701
44.1245
44.1555
45.7042
45.0017
45.3646
44.5247
45.771
45.3774
47.2708
47.3597
46.9326
45.9445
44.7347
45.5667
47.092
45.8446
45.7771
45.4483
46.5814
46.6912
46.7246
46.1242
45.6538
46.319
45.6371
45.926
45.454
46.5596
44.8573
45.2475
47.1689
46.9505
45.3571
46.4588
47.174
47.3591
45.9545
47.0342
46.5934
44.5982
44.9234
46.3601
46.1527
45.2483
44.9125
45.5973
46.1572
45.8369
46.1094
46.7123
46.0901
46.4019
48.0239
46.6792
45.6403
45.0783
43.7741
45.1309
45.3263
44.5511
44.0024
46.868
46.5015
44.7576
46.0767
47.3828
47.2805
45.4735
45.9025
46.0554
45.5837
46.8737
45.9241
45.5929
45.2084
45.9533
45.6382
45.5776
46.5143
46.2082
46.8063
45.6643
47.1421
45.2395
46.2773
46.5942
46.4241
46.9909
47.5668
48.0869
47.0248
46.9305
47.8231
45.6904
45.6453
46.6327
46.21
46.1824
44.3161
45.6572
45.0404
45.253
44.2359
46.9225
47.4565
48.1823
48.5452
46.2113
46.6773
46.395
46.594
47.256
45.9084
46.9414
47.4614
46.8164
48.1738
48.2968
46.361
46.658
47.9167
47.0939
46.5737
46.4793
45.7912
46.9299
46.7055
47.1719
46.3766
48.0115
47.5862
48.78
46.7835
48.0722
49.6193
49.0204
49.302
48.1021
48.363
47.7776
47.8076
48.1214
48.1456
47.133
45.8529
46.041
47.362
46.9623
47.4468
47.0432
46.6426
47.4149
47.2292
46.3903
46.6731
47.08
47.7315
47.4553
47.549
46.5667
47.0159
48.3247
48.7848
48.9189
48.1952
47.2398
47.2261
48.2266
47.3887
47.48
48.0985
48.3462
46.4623
46.5969
48.6086
48.3196
49.2083
48.2466
47.3712
48.527
47.973
48.8888
48.1558
49.5637
47.4365
48.3779
47.9516
47.1698
47.2962
48.9192
48.0593
47.2796
47.6742
47.8894
47.0108
46.2791
48.2007
48.3741
49.3657
48.476
48.2038
47.6155
46.8109
48.0014
48.2165
48.1256
49.1956
48.2384
49.1194
48.9585
47.0696
47.2622
47.5302
47.9323
46.9123
48.0285
46.1887
45.0579
47.4011
47.4099
46.4804
44.5188
45.9853
45.5106
46.3807
46.3804
46.0097
45.299
45.2274
46.5247
48.2224
46.8935
47.6124
47.1277
45.0198
46.0728
45.0324
45.8925
45.8698
45.7025
45.9221
45.4387
46.2548
46.1113
44.4538
43.5472
44.5782
44.8693
46.6701
46.0937
45.7858
45.6905
46.4313
46.6612
47.5578
47.8098
48.6169
49.0655
49.3561
48.1494
48.8109
49.0831
49.3003
49.0758
48.85
46.7613
48.1628
49.6513
48.0461
47.6297
46.7225
45.749
45.3006
45.5031
46.8293
