43.2352
44.0083
44.4846
44.0958
44.7594
44.2379
42.6989
39.9226
40.4704
39.5364
39.1164
37.5672
36.6762
37.6974
36.635
36.3971
34.4815
35.4451
36.0244
36.9185
37.1647
37.4149
35.3453
34.7859
33.7452
33.0379
34.1041
33.009
33.6417
33.6008
32.0458
32.5931
31.9215
33.7995
34.6228
36.6305
38.4725
38.1216
38.7307
36.5629
37.3535
35.8679
34.2913
34.8526
33.7053
33.7294
32.0355
31.3803
31.2103
32.2518
33.7931
35.2606
38.3087
39.6447
41.1466
42.1478
42.8154
43.6856
39.4559
40.3461
39.4821
36.3144
34.568
32.2888
30.5351
30.4043
30.6523
31.2681
31.7407
33.0946
33.8637
33.5931
32.8487
35.7659
37.4551
39.7253
42.4324
42.075
41.6705
42.0819
40.971
41.2029
42.2072
40.6386
40.8659
39.5722
38.4342
38.7589
39.1666
38.4496
37.4497
36.1437
36.1547
35.4261
33.6714
33.6167
32.3882
32.3267
32.4874
30.3268
30.5476
30.548
30.4466
29.3596
31.0816
29.2757
28.7206
30.2625
32.2585
32.934
34.3822
35.8724
36.3182
36.4246
34.5228
36.7764
33.9972
34.7596
33.4706
35.2608
34.9189
37.597
37.817
36.9965
36.4781
34.907
33.2397
33.2201
37.4719
37.3112
34.5723
37.1486
34.2828
33.5618
35.0689
35.1978
34.632
33.5458
34.0525
32.4488
30.4049
28.9286
30.1532
27.8386
28.1062
27.3441
28.2334
24.4243
25.3941
25.0937
26.0387
25.1388
26.8361
25.9163
28.0065
27.704
27.704
27.0699
27.6434
27.8599
27.227
25.6886
26.8531
25.8532
25.8525
27.0047
26.1981
27.8947
27.6101
27.3657
25.8653
25.1891
27.9854
26.7617
26.961
26.5027
27.8649
25.2402
25.4384
27.0291
27.7039
26.7735
30.2724
31.1061
29.6238
31.9857
32.463
31.8199
32.3097
30.1462
28.9901
30.2652
29.5033
29.6808
26.4446
26.1699
25.5329
25.597
27.5119
26.7225
28.2858
27.6087
27.8783
30.0097
27.5683
26.173
24.8555
24.8838
21.8423
23.8857
26.1734
25.3502
26.5348
28.1528
29.2168
30.4856
29.6567
29.6015
29.0316
28.0274
28.54
29.9896
28.9653
28.5642
28.5541
28.3969
28.2867
29.323
30.3128
30.8169
32.0918
34.5432
33.667
33.5623
32.1291
30.3055
29.0834
31.099
30.317
33.1595
34.8374
36.1458
37.4009
34.5756
34.9771
32.6518
30.2258
30.0639
29.7961
28.6299
30.0061
29.4817
29.1897
31.1292
31.1161
30.4332
31.1593
29.9129
30.531
32.2329
31.3643
30.0251
30.0428
28.8105
29.8032
28.2852
28.4683
30.1497
28.9766
28.4784
28.2972
29.2789
30.2383
28.7972
29.4847
29.6763
32.0745
31.2039
31.4755
32.0468
32.418
31.6916
33.4472
32.2999
32.6921
32.9125
32.1745
32.0394
31.9427
30.7869
35.1423
33.5713
34.6738
33.7639
33.8407
34.0721
33.9385
32.8868
31.7411
31.1181
