50.0418
50.3188
51.2783
50.0802
50.6623
49.3498
49.0055
48.7225
48.2304
47.5557
46.3877
47.1337
47.4
46.1676
46.1564
45.8618
43.3807
44.4086
43.7679
43.2002
41.7157
41.5874
40.845
41.1889
40.2068
39.4953
39.6118
39.5004
39.0044
39.252
38.4702
37.7332
36.8289
35.9307
35.5583
34.9468
35.3642
33.6875
33.4081
33.2739
32.6124
32.5041
31.7978
32.637
33.4909
32.7467
31.1935
30.1014
30.7146
29.9815
28.7258
29.209
27.7337
29.2326
27.6243
28.6141
26.7395
26.518
25.2845
25.1976
26.0609
24.9388
24.2788
24.9752
23.6077
23.6864
22.5131
23.3079
22.6055
22.7561
22.2385
22.1265
21.7431
21.1204
20.5961
20.5446
20.371
18.8516
18.3138
18.6821
19.5978
19.0546
19.9496
21.4754
22.5801
22.7859
22.7915
24.3571
23.6251
23.1097
22.9501
22.2756
22.7644
23.124
23.0238
22.4335
21.9603
21.9818
21.8117
22.2821
21.6467
20.9476
20.7542
21.8072
22.9969
23.2144
22.764
23.588
23.2538
24.3015
24.6706
26.194
25.7022
26.9016
26.3811
26.9991
26.2987
25.162
26.7825
26.1984
26.6371
26.1913
26.6377
26.5061
27.3506
26.5015
26.0024
26.4255
27.4955
27.0407
27.9247
27.7006
28.1537
28.0403
27.6013
28.8668
28.3351
30.2479
29.2196
29.3564
29.6888
30.7371
31.1735
31.0291
32.4804
31.8921
31.8809
33.4495
33.5487
34.0144
35.367
37.3417
38.3117
39.0692
39.3465
40.1721
40.8747
41.2728
41.1357
41.9165
42.5949
42.8832
42.9762
43.7196
44.1407
44.6246
45.8915
47.2029
47.7572
47.6049
47.6268
48.2255
49.1647
48.8448
49.121
49.0838
50.4861
50.4677
51.5611
51.3537
51.5057
51.6244
51.3098
52.8853
53.4206
53.977
52.6445
52.667
54.4019
54.9119
54.6118
54.8307
55.3871
54.6008
55.3108
56.2664
55.7361
55.5678
54.8115
55.7221
56.3955
55.3846
57.235
57.603
58.4887
57.1578
56.5727
57.1098
56.2427
56.6603
55.0076
55.35
53.5962
53.1775
55.112
53.3518
53.2142
52.8861
53.9379
53.1687
53.7808
53.9256
55.1016
54.5003
54.5219
52.9216
54.2996
54.7155
52.8876
53.6142
54.1803
52.8565
54.1614
53.4359
52.5618
52.1406
52.0133
50.6563
52.5779
51.7439
52.1287
51.696
51.2178
51.783
51.0638
50.4266
50.6489
49.3234
50.2542
50.5212
49.9816
49.4128
49.4962
49.1854
48.1169
48.7864
48.821
47.5029
47.5801
46.8902
45.6788
46.4998
47.5366
46.3871
45.7594
44.9231
43.4371
44.3818
43.2122
43.7109
43.0542
42.7483
42.4092
42.0933
42.1206
40.9314
41.2415
40.7281
40.6378
39.6481
39.8439
39.2357
38.1675
37.8051
37.5935
36.8425
36.123
36.0998
35.1663
35.3144
34.5896
33.3238
34.327
32.6533
32.8214
32.5475
32.4717
32.4712
32.0166
31.9663
30.1511
30.373
31.7867
31.2593
30.6873
29.9801
29.3758
28.421
27.904
27.3522
27.1783
26.8513
27.3344
27.3961
27.4403
26.8991
27.8868
27.591
26.7907
25.5355
25.8212
24.4202
23.635
23.8941
22.97
23.0421
22.7024
23.1914
23.8687
23.3697
22.7224
22.7518
22.5934
22.6116
22.4946
22.1883
21.4209
21.6563
21.2792
19.4171
20.8432
19.8919
18.0892
18.7508
18.3091
19.5164
19.4784
19.5854
19.6198
19.9044
19.592
20.4712
20.0831
20.306
20.8298
20.7979
22.682
22.352
22.1256
24.3416
23.718
24.5754
23.4492
23.8373
22.7441
23.4817
23.8347
22.8727
23.958
23.2328
24.7782
24.0936
24.8718
25.2715
25.8006
25.9599
26.6595
27.5898
28.0035
27.9671
28.1366
28.543
29.747
29.4371
29.3221
30.7167
30.9155
30.6758
32.9055
31.9744
32.7218
33.6757
34.0659
34.5799
35.1884
35.1487
36.3814
36.9639
37.1096
37.3239
38.0117
39.3081
40.0039
40.1331
40.8334
41.24
41.5635
42.4905
42.9982
43.2365
44.1614
44.6074
45.1449
44.8396
46.6658
46.6585
46.4457
47.391
47.7476
47.705
49.6276
48.1008
48.4769
48.71
49.8181
50.5941
49.5816
50.854
52.0179
50.7219
51.73
51.436
52.3436
52.3734
52.2069
53.0314
53.3709
52.764
52.8632
53.2129
54.1737
54.2458
53.8561
53.7076
53.7655
53.9408
55.4564
54.803
53.9513
55.4406
55.5667
55.5304
56.3419
55.6126
56.5457
56.5143
56.2612
56.1607
56.0261
56.0172
57.4648
56.52
56.6434
57.0143
56.4081
57.1459
56.6692
57.6541
57.1632
56.0641
55.701
55.8679
56.8249
55.7809
57.0678
56.9447
57.0347
57.4453
56.8721
56.5192
56.4349
56.6428
57.1176
56.7371
55.5773
54.468
56.8972
55.016
54.4455
55.7651
54.7615
53.3754
55.3388
53.4385
54.6166
53.3937
53.8468
54.2474
53.4106
53.8661
