58.4152
59.7787
59.9282
59.8056
59.0532
60.2451
59.6569
59.6498
59.4737
60.1942
59.4785
58.6784
57.5593
58.4932
57.6752
57.3476
56.6405
58.2189
57.415
57.8446
57.0941
57.4848
58.1654
57.7547
56.4745
58.0765
57.7076
57.4798
56.5445
56.6851
55.7765
56.373
54.4095
57.2474
56.4951
57.6617
56.8696
57.9576
57.3054
57.8767
57.0111
58.0225
58.528
59.1244
58.074
58.7436
59.1144
59.837
59.4504
60.0469
58.6825
59.1531
57.4439
58.0256
57.891
58.7181
57.7914
59.5882
59.3876
60.0611
59.8843
59.9376
60.524
63.0096
62.5613
63.5224
62.3382
62.6733
61.2278
61.4384
60.6191
61.3463
59.6074
61.4398
61.1831
60.6723
60.3087
60.5041
59.0709
61.5703
60.4195
61.2509
60.0475
60.3904
59.4759
60.5879
60.2647
61.3498
59.903
60.7506
60.5918
60.3687
59.4836
61.0396
60.8856
60.9655
60.4929
61.1609
61.0368
61.0442
60.0308
61.4262
60.732
61.7444
61.7469
62.7692
60.5227
60.8488
59.6458
60.3829
59.7189
60.1084
58.1328
60.1122
59.448
59.7324
59.0663
60.5446
59.9641
60.9335
59.79
60.2842
59.8826
60.2573
60.3734
60.7708
60.0638
61.7796
60.8592
61.7818
61.3194
61.9397
60.4837
61.4345
60.0493
61.474
59.6342
61.7243
61.544
61.023
59.7169
61.3626
61.4697
62.1766
60.1746
61.8447
60.0628
61.1517
60.1412
60.4731
60.2682
60.7171
59.2543
60.4279
60.059
61.5309
60.5108
60.5489
60.0294
61.3558
60.7214
61.7226
59.3455
61.2888
59.8705
61.0177
60.2646
60.7884
60.0415
60.2747
59.9133
59.2218
57.9507
59.3089
59.1598
59.8805
59.1965
60.3072
59.951
59.9696
59.1196
60.1424
60.5193
60.7465
60.3807
61.5913
60.5518
61.436
59.3671
61.1202
60.6165
61.9069
61.4475
61.6149
60.9432
60.7271
59.2267
60.3611
59.7523
59.2337
56.9504
59.4285
58.4388
59.8507
59.0461
60.2053
59.9675
61.7288
60.0444
60.9531
59.9518
60.3853
59.0661
59.8708
59.4877
59.9175
59.1251
59.9995
59.3609
60.1219
59.5849
60.6753
60.4515
61.6709
60.0855
61.3619
60.6507
60.4121
58.9662
60.1513
59.7138
59.9203
59.3064
59.6747
59.1562
59.2103
57.8909
59.8058
59.4934
59.9681
58.7533
61.2465
59.2469
60.274
59.1637
60.2996
59.4304
59.6715
59.9496
59.9434
59.5411
59.4928
58.8147
59.6652
59.4091
59.8832
58.8154
60.1611
59.1507
59.4014
57.7421
59.2156
58.2024
58.4344
57.5973
58.7917
57.8837
58.8579
57.5933
59.4646
58.6173
59.6951
57.736
59.7167
58.9542
58.9889
58.9113
59.9095
59.5289
60.1212
58.7527
60.3233
58.7966
59.4205
59.1251
59.2674
58.8912
59.6076
58.443
60.2814
59.6236
60.4509
59.0995
59.9238
60.0588
60.5175
59.473
61.1234
61.6644
60.8686
