60.2146
60.1499
60.426
59.1604
60.3901
59.8574
59.5778
60.256
59.6548
59.7924
60.6208
59.559
61.1305
61.0201
61.3448
59.466
62.0422
61.1689
60.7847
61.7748
62.2099
61.1606
62.2692
61.1818
60.8735
62.2852
61.49
61.5281
61.2595
62.6355
61.9837
62.8833
62.2486
62.7605
61.9023
61.9083
62.389
63.4814
63.233
62.4642
63.9689
63.354
62.7322
62.5006
63.1444
63.1635
63.7349
63.1517
62.8338
63.335
63.8075
63.6684
64.4148
63.884
63.9448
63.8678
63.3029
63.0543
63.2407
63.1295
64.3554
63.8587
65.25
64.3661
64.3625
65.0238
64.3218
64.7139
63.6902
66.4519
64.0301
65.9959
64.8494
65.3893
65.712
66.3269
66.1354
66.1838
65.2973
67.1549
66.2438
66.142
66.3869
65.9978
67.0579
66.1924
66.0958
67.3207
66.9633
66.5762
66.9768
65.4283
66.2139
66.411
67.7945
66.8408
66.7625
66.5231
65.9582
66.4077
65.4967
67.4726
65.8495
65.8238
66.3168
66.9941
66.1172
67.6338
67.0523
66.7953
66.8335
66.7079
67.5736
67.9718
67.3761
66.9028
66.4946
67.8504
67.8507
67.8735
66.6206
67.7422
65.9802
66.9834
66.0913
67.5468
66.1392
66.9183
66.9806
68.1679
66.0019
66.6145
66.4811
66.1406
65.7094
65.4836
66.0436
66.7454
65.0428
67.4089
66.0549
64.8367
65.4259
64.8522
64.6245
64.6242
65.4581
64.9333
65.7944
65.8363
64.4428
64.7038
64.7271
63.4751
63.9088
65.5033
63.8659
64.877
63.7039
63.7213
63.3634
64.1093
63.4742
62.4307
62.6048
62.1464
63.1337
62.9387
62.9019
62.7036
63.3119
62.4914
61.761
62.4754
62.3856
62.9432
62.7022
63.0713
61.8629
61.4676
60.6483
62.2795
62.3588
61.1785
62.2436
61.1811
60.7467
60.776
60.2819
62.1189
60.1838
59.935
59.4965
58.6693
60.2706
59.5443
59.378
58.5023
58.2661
59.8141
59.2554
58.3747
58.4339
58.7273
57.842
58.0552
57.562
57.2912
58.1367
56.7757
57.4984
57.195
56.5649
57.353
56.8788
57.0119
55.4407
55.7143
56.2347
57.1498
55.0984
54.4026
55.2664
55.9308
55.7539
56.3851
55.3145
55.3122
54.3877
53.8554
54.6482
53.1963
54.0779
53.4993
52.6057
53.3318
53.8084
53.7311
52.7771
52.8967
53.071
52.8633
52.8696
51.3385
51.5336
51.7662
52.3911
51.425
51.9876
51.6703
51.263
51.9495
50.956
50.8056
51.1942
50.9668
50.2458
51.6027
51.1026
51.2251
51.748
50.8743
50.8099
51.7174
50.8824
50.9261
50.5778
51.1927
51.54
51.3484
50.8573
50.094
50.815
50.6469
49.9951
50.7304
50.9552
50.3901
50.6218
50.4315
50.82
50.8445
50.7998
50.4127
50.4003
51.8176
51.0349
50.3483
51.0492
51.3284
50.9106
51.7791
50.8217
51.6639
50.6758
51.0164
51.1189
52.546
52.266
51.1912
51.9494
52.681
53.2423
51.3506
52.0524
52.8223
51.849
52.253
52.3916
53.2397
53.4637
52.9686
53.0589
53.8522
54.0226
53.753
54.2943
54.1642
54.0466
54.2756
54.7398
54.8476
55.658
55.2471
54.3539
55.2312
55.4119
55.2343
56.1413
56.0275
56.3285
55.7759
54.958
56.3676
56.5099
57.0544
57.0183
56.7604
57.1515
58.5776
56.7066
58.316
57.8864
59.074
58.8347
58.6669
58.1357
58.7711
58.8768
57.1954
58.8863
59.6064
58.5428
59.2958
59.2829
59.0864
59.6981
59.0191
60.2312
59.8335
60.3824
58.6716
60.3143
60.6052
60.6598
59.9583
60.6761
60.6704
60.5395
62.1747
60.0974
61.2427
61.5689
61.0429
60.6325
61.4262
61.3221
61.3289
62.515
61.811
61.1715
63.1317
61.5766
61.2221
62.1623
61.3231
63.758
63.1954
61.9156
62.6161
62.3223
62.2841
62.9258
64.216
63.8577
62.5001
62.2815
63.6646
63.219
63.9694
63.2253
63.0487
64.6891
63.0211
62.3596
63.5978
63.3087
64.0178
63.7333
64.2313
64.027
64.037
63.6639
62.8236
63.7796
63.4503
64.3057
64.043
63.4383
63.3385
64.7072
63.0162
64.0035
64.388
64.2357
62.8744
62.427
63.1071
63.2232
63.4675
63.3255
63.3402
63.2291
64.1272
64.7314
64.1589
63.8448
63.3284
64.3505
63.8927
63.4771
64.2344
63.7947
64.0909
64.5818
64.4631
63.5705
62.5387
62.1081
62.6358
63.9601
63.6032
63.4649
64.17
64.0459
63.6277
63.0143
62.6402
63.2366
64.2394
62.9314
62.8213
61.606
63.5817
60.9477
63.2007
61.0823
61.803
62.1653
61.6414
61.8462
61.6217
62.1207
61.9129
61.2936
61.2777
61.5554
61.7873
61.4319
60.4106
60.6809
61.717
60.2358
59.5335
59.5034
60.4952
60.4787
59.8492
60.501
59.977
60.4842
58.6334
60.0516
60.1715
58.9996
59.4963
59.0858
59.3328
58.4709
58.3948
59.3007
58.3327
58.0737
57.5476
57.7729
57.9566
57.5041
57.0524
58.1018
57.629
57.9291
57.2668
56.6444
57.5096
57.199
56.3414
57.2028
56.675
55.8241
56.3391
55.995
56.9261
56.0379
55.5658
56.042
56.4914
55.3812
54.6036
55.6399
56.4025
55.1374
55.0129
55.2584
55.8499
55.8447
54.2048
54.6717
54.3099
53.9792
54.6318
55.1126
53.7477
53.8451
53.7519
53.9451
54.6218
53.5243
54.7058
53.6697
54.1176
53.1506
53.6217
54.1109
54.5105
53.2678
53.2604
53.2913
53.675
53.3538
52.3555
54.4891
52.9164
52.8112
53.3214
53.0924
53.5484
53.2835
53.5272
53.1618
53.2808
53.6719
52.921
52.9434
52.4141
53.1258
53.2458
52.3213
52.7227
52.3839
52.6908
52.9318
52.7385
53.0303
53.5613
52.1081
53.1274
51.3782
52.7614
52.5802
52.2627
52.9138
53.404
53.6928
52.6989
53.6646
54.0901
53.0418
53.7038
53.0676
53.3286
