52.934
48.9008
50.489
51.899
51.6594
51.9062
52.4903
49.3567
49.7744
51.4301
49.7555
46.5185
46.8241
45.1781
48.5673
50.5415
48.548
48.4295
50.697
49.7193
49.7544
51.8642
51.5393
52.9554
56.7624
53.5893
52.7212
53.6133
52.307
51.1701
52.7432
51.2694
49.9778
52.1721
49.6496
54.1835
55.7089
51.2679
51.3045
54.8341
51.1971
50.0203
53.5395
51.0597
53.6337
58.2489
56.1783
55.7716
61.3573
56.0388
56.0333
58.5535
54.5674
55.3664
59.8499
53.0933
56.4519
60.5669
57.8384
60.2039
67.1034
57.9807
57.7463
60.3233
54.5415
51.723
54.5404
50.8035
52.5169
55.4468
54.6554
56.4818
62.6429
57.6181
58.9537
61.1665
56.1477
55.9188
57.2223
54.2253
53.0312
54.7687
51.2591
52.2671
53.129
49.8383
50.1607
50.6058
46.7537
47.1121
48.549
47.309
47.1193
48.6845
49.0748
50.5886
55.9667
55.8878
53.6911
56.4395
51.4788
51.3743
53.0776
51.2481
51.9065
53.7521
51.8417
55.443
58.8217
53.8761
54.9318
55.1408
53.8666
52.8243
53.016
52.2807
51.3283
55.1324
55.4588
58.5873
66.5091
62.5823
62.9603
63.9601
58.1547
58.5285
60.226
57.5756
60.9097
63.9024
63.8255
67.6827
79.9923
68.6215
69.9757
71.0339
65.5787
64.4285
67.4599
64.3842
64.7728
65.602
63.0723
62.1816
68.4169
58.2198
58.4895
58.9144
54.5747
53.7914
56.1567
55.3096
53.4931
56.2645
57.7046
59.1624
63.8858
59.3016
58.39
59.9675
57.3364
55.0442
56.2626
53.8035
53.1609
55.3375
58.1312
62.7738
67.2842
62.1772
64.5217
66.3556
62.5704
64.4249
65.9995
64.0904
62.893
65.0738
66.0723
67.2017
73.0302
65.2275
63.7097
65.1734
59.2135
59.554
60.5427
57.999
59.69
60.776
61.061
61.6411
69.8074
63.4829
58.5507
58.139
54.192
52.6139
54.9375
50.9246
51.6595
52.3828
48.6047
50.414
55.3174
50.8438
51.83
51.6887
49.6839
50.7835
53.0359
50.4594
50.5447
54.7465
54.2127
54.5491
63.2762
53.7349
52.7149
54.5626
51.0849
50.9026
52.1078
49.9057
51.0105
52.6829
50.3708
51.752
60.7011
52.1906
52.95
56.8737
55.3774
56.4469
58.4432
55.3588
55.0631
58.0565
57.9973
61.4439
71.0984
62.7277
65.0341
65.5039
58.8106
58.1646
59.4396
56.0185
54.0988
57.8522
54.7586
57.7361
66.6167
62.3636
62.4258
61.6658
56.2218
55.9229
56.7385
56.357
56.4839
59.2999
59.8572
57.4221
65.0056
58.1072
56.5388
59.5271
55.2087
54.7762
55.5894
54.4218
53.4734
54.4141
54.8871
56.4907
65.7819
63.4526
63.9923
65.5462
63.0166
63.7011
64.6951
59.7525
60.9845
61.319
58.4843
60.517
66.4781
61.4936
61.5534
62.8611
59.9989
61.4146
62.935
57.4303
59.8477
61.8676
62.1894
66.6717
