22.5589
22.1554
21.9312
20.9605
22.0901
21.4219
21.1837
21.056
22.1208
22.2203
21.9723
22.5944
21.591
22.5086
22.9051
22.5108
22.5118
22.2987
21.8671
22.2369
21.9154
21.4987
22.1817
22.9354
20.8788
22.4261
21.2216
21.1969
22.398
23.0085
22.0847
21.7366
22.6738
21.3614
21.3438
21.024
20.7695
21.4154
21.6277
20.5746
20.0761
21.1769
21.4919
21.1642
20.1747
19.6428
20.1005
20.3299
19.2565
19.6969
19.7902
19.1818
19.6095
19.1502
19.1885
18.5504
18.4268
17.0471
17.3488
16.3672
15.8913
16.0592
15.618
15.5535
16.6673
17.4188
16.7801
16.7722
17.4779
16.8307
17.2657
18.3017
16.3219
17.0315
16.7924
16.2264
15.9546
15.993
15.6876
16.4702
15.2196
15.5981
15.864
15.2918
13.6931
15.9391
15.1537
15.7656
16.168
16.8052
15.6714
16.5665
16.4137
15.7316
16.0324
14.9782
14.2514
15.7498
16.0878
15.6339
15.6784
14.8275
15.5568
15.3986
15.9823
15.5282
17.2155
15.9356
16.4767
16.9463
16.5492
16.9937
17.017
16.5599
16.8104
16.3414
16.1508
16.1532
17.5847
18.4226
17.3481
18.9456
18.6618
18.7019
19.352
19.3722
18.3441
18.6959
19.583
18.6728
19.0361
19.0952
18.1063
19.3339
18.9783
19.7
20.3111
19.2987
20.5904
22.0378
21.829
20.6656
22.5395
21.6526
21.5199
21.8684
21.5211
21.3561
21.2995
22.1135
21.5182
22.2234
22.4306
21.9134
22.0733
23.1409
22.1102
21.8324
22.4113
21.0974
22.1894
22.0321
22.8248
22.5163
22.7917
21.427
23.0281
21.4995
20.5963
20.0834
20.3775
18.8757
20.013
19.7362
19.4822
20.7873
20.7663
20.3688
21.8079
22.4157
21.7691
22.8385
22.7469
22.2825
21.9888
21.6666
21.4544
21.8188
21.8441
21.9056
22.7981
23.5385
21.6448
22.5486
22.7214
22.2253
22.5956
22.814
21.7801
22.545
22.4427
22.2676
23.0452
22.7622
22.4218
22.7145
21.6287
21.1347
20.9657
22.0202
20.8073
21.1587
21.1938
20.3671
21.0978
20.6686
19.4876
20.3476
20.8216
20.7634
20.9411
20.3432
19.32
19.1028
19.2219
18.8834
19.9461
18.6746
18.2235
19.0166
18.8454
17.9937
19.092
17.949
16.7743
17.3421
18.1762
17.435
17.0141
16.3327
15.5934
17.5288
16.8414
16.4983
17.84
16.2614
15.8011
15.7868
16.2072
16.362
16.0762
16.9303
14.7578
16.4014
15.3476
15.2576
15.8341
16.5118
15.4379
15.2944
15.948
15.1907
17.2298
16.9829
15.6043
16.6455
17.6977
16.313
16.7733
17.6231
17.3017
17.4803
17.8287
17.4384
18.6397
17.7411
18.0755
18.5995
17.6708
16.9044
17.5492
18.01
17.667
18.2275
18.2175
19.2909
20.348
20.1393
19.8601
20.4717
21.1075
21.326
20.8042
20.3913
19.9796
20.5381
20.0434
19.8434
21.1262
21.6887
21.0869
21.4015
21.6179
20.4692
20.7362
21.6192
21.0031
21.5855
21.3873
21.1311
21.6591
20.9282
21.6721
21.9948
22.714
20.9477
21.0993
21.418
21.4253
20.98
20.7769
20.4636
20.757
20.4711
19.1385
20.0178
19.0365
19.2324
20.1463
19.8092
18.4273
19.5466
20.657
19.2159
19.6185
18.5129
17.412
19.5189
19.1224
18.0941
18.886
19.182
19.0078
19.2304
18.7522
18.2995
18.6012
18.9738
17.2943
17.7723
17.0926
17.1897
17.757
18.3587
17.8707
18.6439
18.9281
18.385
18.9607
19.6352
17.3842
19.1346
17.6142
18.2764
17.428
17.8038
16.6334
16.7451
17.1501
16.1418
17.887
17.087
16.4191
16.6611
16.7947
16.7286
16.1585
16.1941
15.8954
15.5645
15.0095
14.7148
15.4422
15.0288
14.0933
14.2275
14.6054
13.1648
13.5216
13.3238
12.9607
12.1099
11.4319
11.3175
10.8329
11.2854
11.2155
11.7055
11.8339
11.6721
11.72
11.3436
11.1559
11.5783
10.7006
11.0762
11.9564
11.9317
12.0182
11.9216
12.3132
12.7175
13.5438
12.5632
12.7381
12.7673
13.771
12.5445
14.1404
14.1011
13.7615
15.5027
15.3506
14.8229
15.6104
15.9134
15.0615
16.1257
16.2161
16.519
17.105
17.2177
16.8899
17.6287
17.824
17.9621
17.9207
18.1715
18.4685
18.9099
18.8679
18.2005
19.5677
18.948
17.9961
18.847
18.8501
19.1058
19.3067
18.9273
18.7977
19.3084
19.9961
19.8826
20.4313
18.9623
18.5881
19.8472
19.5866
19.1383
19.4409
19.7022
19.2054
19.8757
19.9031
19.6622
20.3838
20.9814
20.4754
20.5904
20.3506
21.0137
20.2013
20.161
20.1818
20.281
20.6362
20.1378
21.2507
20.7535
19.7144
21.3198
20.1509
21.0359
21.114
20.5668
21.1203
20.321
20.2987
19.8458
21.1205
21.0796
20.9282
21.8951
21.5409
21.3986
21.0583
20.9017
19.2301
19.7672
