49.5732
50.5144
49.3624
49.4606
51.5542
50.4969
49.7589
47.2123
45.8256
46.3083
46.7923
44.8989
43.8123
43.8438
42.542
41.7735
42.0229
43.0449
41.6774
42.7258
41.6963
42.6972
42.6066
41.4278
41.0637
41.3595
41.8087
42.1792
41.5669
41.8128
40.2921
40.6437
39.8446
42.0063
43.8559
45.7273
47.3428
47.7866
47.6815
46.1999
47.9369
45.7015
45.5772
46.7246
48.6453
47.9793
47.8978
46.3414
46.982
47.8519
49.324
53.8063
54.3612
56.3017
58.0257
58.6929
59.6454
59.8021
57.5471
56.0073
55.1384
53.3765
50.2815
48.451
47.8118
46.152
46.1636
45.6866
45.9846
48.1061
46.2755
46.935
46.3052
48.3119
50.7019
52.4594
55.0934
55.7407
53.5916
54.2756
51.3196
51.6411
52.5285
50.9884
51.1461
50.0404
48.3
49.1305
48.0501
48.3366
45.5505
45.3405
45.5491
45.2922
44.8034
44.1499
43.1153
43.6123
43.0225
43.359
43.3267
41.6286
41.3057
41.9786
41.7685
42.084
41.9143
43.6249
45.843
45.5523
46.5933
46.3962
47.6632
48.2735
48.5023
49.4119
47.0203
49.7488
48.5149
49.9996
52.0935
55.5192
53.7371
53.9047
53.4634
53.1485
54.4216
55.0246
60.1125
62.7805
62.1158
66.7542
64.7874
63.8464
65.2036
65.045
66.0382
63.4615
65.2576
63.9991
58.9927
55.5576
53.403
50.1022
46.613
45.6334
45.5905
42.027
41.4893
41.9797
43.8881
41.3816
41.2036
42.8978
43.9277
46.1954
43.8958
41.9384
42.9774
42.8855
43.2057
42.5192
43.1798
43.8529
45.7502
48.022
48.5731
50.3428
51.5532
51.172
51.626
48.8981
54.9905
56.4935
58.7338
58.7236
57.1552
58.0424
57.9592
58.7987
58.5798
52.9995
52.7461
51.407
46.9667
47.8824
50.2935
49.4128
50.2372
45.8106
46.1456
46.2091
45.539
47.7039
41.343
41.9871
41.0415
40.026
41.8816
40.5891
40.5472
40.4009
39.8274
41.7035
40.1602
38.978
38.8094
39.5044
38.0808
39.3864
41.6063
40.2662
40.735
43.9231
43.5401
44.1931
42.7253
43.0997
42.1588
41.8056
43.1786
44.5681
45.7749
45.9122
47.1951
46.5932
44.5188
46.88
46.6978
44.5981
47.6095
50.002
50.6772
51.0996
50.1488
51.2928
49.8286
51.6329
52.1684
56.7848
58.049
57.354
59.1362
55.1283
53.9125
52.4705
50.2504
49.6258
49.2448
48.0998
49.5368
49.1756
51.0584
52.6174
52.8985
52.4073
51.3663
50.4578
50.6564
51.7282
51.0228
50.4378
49.7085
48.4385
49.1309
47.057
49.2571
51.1672
48.406
49.7921
48.8227
49.2897
50.5505
49.0482
49.2525
49.9722
54.0868
53.4544
53.3998
56.7762
55.3475
55.9545
59.8779
57.9652
58.0965
57.1701
55.8559
53.5516
52.2191
52.0069
54.631
53.007
53.6571
51.9592
53.787
52.1504
55.1041
51.7095
50.1103
47.2643
