30.2641
30.8048
31.4205
30.9518
30.156
29.8536
29.9856
28.8979
29.1862
28.5464
30.3645
29.419
27.4161
27.5417
26.9818
25.9834
25.7621
25.5041
25.1301
25.7827
25.5484
25.3908
27.2274
26.9706
25.6966
26.4616
26.5045
25.4211
26.2697
27.9144
29.2612
29.2423
29.0352
28.1631
28.0027
26.0744
23.809
24.2898
24.2152
25.1168
27.515
27.502
26.3432
25.2698
24.1792
23.3753
24.5336
24.0246
23.864
24.1381
23.4537
22.5835
23.6377
23.1226
22.6227
23.4011
23.4238
22.57
23.8863
24.4727
22.1932
23.4724
24.6637
23.9437
24.9386
25.4825
24.8912
25.3183
26.292
28.4373
28.3788
27.6527
27.3562
28.7064
27.9005
27.0665
27.3513
27.1686
25.7336
25.2675
24.6956
24.0511
26.1282
25.2641
23.9081
26.0056
25.8834
25.8551
24.3534
24.779
25.0051
24.9893
25.7309
26.7315
25.756
26.6315
27.1815
26.9197
28.5205
29.9083
32.6228
34.1387
34.1955
35.3304
35.2801
35.0959
35.9841
34.5081
35.1102
36.271
35.7417
35.8301
35.2221
35.1657
34.29
35.3503
32.7773
32.14
33.736
33.6457
35.1629
37.4595
37.1599
36.2667
35.0459
34.1028
33.4579
33.3016
33.1681
33.1461
34.3031
33.8925
32.4742
33.4142
33.2291
32.7453
32.8521
32.6681
33.0429
36.0157
37.1156
37.7969
35.9856
35.2069
33.9455
34.5525
33.928
33.2313
33.8228
34.1401
36.5149
37.2188
37.6221
35.577
34.9442
33.2352
32.377
33.5102
32.6202
32.6992
33.0052
33.0907
32.704
32.7433
32.2189
33.6368
35.708
36.4238
35.8866
36.076
34.8861
32.9423
32.7206
32.1995
32.1843
32.0519
32.2614
31.0259
33.1521
34.7558
34.3205
34.6106
34.4846
41.0099
49.5635
45.1932
39.2584
36.6352
35.131
34.3158
34.2534
35.2964
35.3028
36.9729
37.6819
38.4233
38.6227
38.1273
37.644
38.5941
38.3872
38.3067
38.7258
38.4907
37.5977
37.6617
36.9232
36.2704
36.6522
35.8433
35.4583
35.8444
36.3765
36.6505
37.3501
38.1473
37.09
38.6247
38.1256
37.3753
37.4348
37.3796
37.2503
36.313
34.9677
35.5299
36.1274
35.6903
34.2411
34.9626
34.4117
33.9083
33.8165
33.9821
33.6714
33.6627
34.1095
34.1275
34.9501
33.5902
