38.772
38.3107
39.1431
39.7035
39.1961
39.6435
39.504
38.7729
38.6309
38.0706
40.6823
40.0282
38.7091
37.8932
36.5505
34.6276
31.8462
31.4149
30.4784
28.8119
28.4709
27.9266
30.3524
30.0114
27.61
28.8165
28.6025
26.1821
26.4135
28.4791
29.79
30.3681
29.8455
29.0758
28.8119
26.4629
24.722
25.0162
24.7553
25.5749
28.615
28.8552
27.2856
27.7975
25.8205
26.0144
28.3121
27.3497
25.2089
27.0006
26.3451
24.8461
25.5671
24.489
24.0163
24.6763
24.3466
23.7176
25.254
25.5602
23.7417
24.9545
25.7941
25.0306
25.5443
25.9393
25.4321
26.0903
26.9126
28.9587
28.6566
28.2177
27.6524
29.621
29.0931
28.7708
30.2438
29.5368
27.6517
27.8966
26.2578
25.4534
28.2149
27.8072
27.8809
29.6488
29.4027
28.0716
26.8971
28.972
27.0456
28.6749
29.8838
30.1679
31.3724
32.3645
32.5113
32.2177
33.6044
35.1196
36.5616
38.2055
40.2689
41.1437
41.6157
41.531
41.1349
41.3151
41.5823
40.8209
40.9913
40.6475
39.9109
39.2438
39.2122
38.6369
36.7508
36.1758
37.8891
37.7414
38.1435
39.7397
39.2678
37.9712
36.815
36.0454
35.3712
35.288
34.4748
33.8587
35.7532
35.8712
32.9473
34.0515
34.1938
32.792
32.7729
32.681
33.2202
35.7756
36.8918
38.3039
36.193
34.9983
33.8927
34.7643
34.1624
33.1482
32.7937
34.1267
35.8673
37.2163
37.3339
35.7915
35.1043
33.6721
34.0856
34.6592
33.6434
33.4984
33.6887
33.6169
33.1555
33.0762
32.9026
33.8711
36.5201
36.958
36.5858
36.6144
35.7313
33.8995
33.3483
32.9702
32.5292
32.7327
32.4487
31.4114
33.4129
35.5656
35.2092
35.1994
35.1449
41.4692
49.456
46.1571
41.3849
38.9005
37.2485
36.8688
37.5354
37.5167
36.9269
37.6361
38.8605
38.4567
39.0292
38.4928
38.2769
39.2604
39.5927
39.2687
40.2761
39.8167
39.6932
38.835
38.1365
37.1875
36.7758
36.2214
36.4108
36.2066
36.4651
36.8095
38.4612
39.0402
38.33
39.8123
39.6154
37.9973
38.0668
38.038
37.8365
37.3132
36.3291
36.2295
37.2166
37.1459
37.0035
36.9247
35.8628
34.8882
35.2584
35.1805
34.9872
35.2478
35.2112
35.3087
36.567
35.2002
