38.8442
40.4269
38.7737
38.8396
38.6368
39.3546
38.7077
38.6843
38.8687
38.2785
39.3478
38.664
38.284
37.6878
38.5485
40.4411
40.0858
39.7552
41.3711
37.7851
38.807
38.3721
38.5895
39.0867
38.6341
38.8495
38.6233
39.5721
39.7859
38.3025
38.7557
38.6142
37.7043
39.3584
38.9701
38.6196
40.3473
38.3017
39.0526
39.3228
38.9075
39.5934
40.3476
39.7766
39.7344
38.56
38.422
40.4087
41.3713
39.8864
38.1815
38.9596
39.1996
41.3397
39.081
39.226
38.2865
39.2828
39.126
39.5231
38.7507
39.7996
40.798
39.1109
39.1265
39.7165
38.1664
37.9606
40.0889
38.239
39.2416
38.6745
40.7136
39.8343
38.2254
39.4351
38.8162
38.6808
38.9385
39.9361
38.0225
39.7936
39.2061
37.9104
39.2521
38.7023
37.6714
38.2815
39.0978
38.5609
39.0477
37.4956
37.8292
37.1214
37.1401
35.9696
35.8783
36.6332
35.9148
35.4598
35.9745
34.9925
35.0859
37.1484
35.5266
34.6846
34.9364
33.1625
33.3666
34.2817
32.841
34.7839
33.6388
33.27
34.5764
34.5906
34.1622
33.2442
31.8118
32.3028
31.8565
32.8925
31.2921
30.4766
31.7849
32.8911
31.2478
32.8278
33.3723
32.9559
32.8344
32.8449
32.1981
33.8591
31.6359
32.7974
32.8615
32.2898
32.1467
32.1486
31.6878
30.7185
31.8707
31.883
32.2141
33.6188
33.3816
34.2859
33.3761
32.9654
34.0359
33.995
32.6805
33.9136
33.6866
32.3601
34.0286
34.9557
35.1135
34.2727
34.7223
33.9069
35.0574
35.7303
34.6206
34.3603
35.3682
33.8446
33.8068
33.8333
33.1214
34.7827
33.3277
33.8025
32.7347
33.4748
33.7339
33.3289
33.4871
33.3801
33.6628
33.5517
34.3314
34.4568
34.3602
34.5151
34.9177
35.7303
34.4277
35.6244
35.812
35.0266
35.7251
36.0078
35.81
34.8881
36.2205
37.0571
35.7857
35.6175
36.8771
36.6249
36.1396
36.258
36.5496
36.7365
36.7155
37.5175
37.6445
36.1335
37.5127
36.975
36.0551
36.0268
36.0113
35.578
36.525
36.695
36.9417
37.7234
37.1717
38.8406
37.9491
37.7081
36.3689
37.4002
36.8153
37.0061
37.7833
38.0797
37.3156
37.2396
38.3623
37.4524
37.3255
37.9426
37.7303
38.6412
38.9702
39.4938
38.1397
38.7164
40.5332
39.0894
38.0313
38.6277
37.873
37.0632
36.7372
38.2704
