34.0668
34.463
35.1876
35.8216
35.0726
34.5338
34.3004
34.8061
35.2049
36.3184
36.3472
35.8817
36.2719
36.4005
36.8818
37.3865
37.1587
36.6714
36.6238
36.3702
35.655
36.1801
36.0617
35.9103
36.1808
36.5691
35.0685
34.8809
34.7917
35.13
35.6625
35.7082
35.0383
35.5465
35.7853
36.966
36.2143
35.9811
36.1311
36.307
35.6762
38.0573
36.8337
36.9272
36.8787
36.6706
37.602
37.432
36.6522
37.2853
36.9938
37.1563
35.6643
37.3007
36.9367
37.8324
35.7174
37.9804
37.781
37.505
35.8159
37.8407
37.6656
36.9032
36.8687
38.3243
37.6969
38.5307
36.7486
38.3031
37.3603
38.1468
37.2715
37.6058
36.4199
37.5583
36.7368
38.1708
37.3201
37.8295
35.4519
37.7992
36.5527
37.6996
35.8889
37.3769
35.9615
36.5811
35.9171
36.7742
34.6129
34.6752
35.0711
34.3856
33.7954
33.8907
33.3686
31.8648
31.3851
31.7998
31.2821
32.7106
30.1105
32.0898
30.7101
31.1013
30.6526
31.8736
28.8091
31.5868
30.0904
30.8448
28.3148
29.6535
29.8469
31.3755
28.4198
30.217
28.5249
29.8219
28.2225
28.9978
27.0499
28.5951
26.7922
28.8947
28.1505
29.101
29.1566
29.7326
26.6673
28.6351
26.4097
27.6061
26.0502
26.8514
27.3091
26.7449
26.5833
27.0189
26.1936
25.8424
27.3614
25.5631
27.0132
27.7644
26.4238
28.2946
26.1776
28.2238
27.7458
29.4496
28.2689
29.6515
26.7097
26.2435
27.2671
28.9653
27.643
29.2024
29.1889
30.7101
27.9877
29.0908
29.3081
28.646
29.5193
28.5847
29.0995
30.0739
28.2104
29.4671
28.3071
30.4306
28.6259
29.7059
29.1614
30.1789
29.3789
28.7988
28.4293
29.9302
29.74
30.8915
30.8581
31.0017
29.6245
31.6867
29.6668
30.6461
30.7438
31.628
30.6793
32.1801
31.9412
32.1959
30.8283
32.2054
30.6657
31.7326
31.6915
32.1752
31.0961
32.0231
31.1799
31.8556
31.2117
32.1105
31.4558
32.0379
30.2251
32.0662
31.7516
31.2647
28.8672
30.8301
31.146
29.9682
29.5002
30.2023
31.0331
32.7104
32.0659
31.7145
31.8773
33.4089
31.8914
34.0359
32.7938
32.9883
32.0035
32.5983
33.2108
33.492
31.6426
31.9016
32.1775
33.3689
32.465
33.9041
32.4674
32.7062
33.2339
33.5772
33.1081
33.7401
33.2538
33.3187
33.6921
34.4434
