31.3946
28.9173
29.2729
30.4576
29.0999
28.3728
27.0396
25.9447
25.0969
23.1572
24.7963
25.3398
26.0508
22.8462
22.261
19.2114
20.0989
19.2632
16.8565
18.0776
18.617
16.4845
19.7755
19.3884
19.6536
17.9292
17.1964
14.4277
18.7271
17.9942
16.602
18.0425
16.4878
14.4641
17.027
17.8015
18.2984
19.3086
18.8934
15.1612
18.6132
16.8515
16.0027
18.1838
18.1514
16.4909
19.3809
18.8821
18.7701
19.3905
18.8817
17.3292
19.2318
18.6821
16.4115
18.8533
18.0609
16.6676
17.9546
19.4726
19.0261
19.2748
19.7781
17.8803
19.4551
18.3453
18.1562
20.0766
20.5741
19.5995
21.1141
20.6469
22.7133
21.2714
21.8489
18.3812
22.1921
22.0274
19.6498
19.4962
19.1759
17.9533
20.6034
20.8155
23.885
23.4817
22.7634
20.3668
22.256
21.7966
20.0504
21.8342
21.1154
20.1114
22.4516
22.8419
25.352
24.7837
22.7215
20.1795
23.2218
21.8504
19.7862
21.1158
21.9533
20.0217
19.7366
18.1473
19.4734
21.2995
19.3056
18.751
21.6926
21.2451
19.5302
21.2139
20.8012
18.7047
19.6144
20.3738
20.5609
21.496
21.4026
18.6633
20.41
19.4361
18.8648
20.1912
19.9158
18.9802
20.4176
19.6196
20.4504
20.538
21.0673
18.5918
20.3438
21.073
19.5851
20.6049
21.0137
18.1664
20.7395
21.1679
22.9244
21.3726
20.1161
18.7722
20.9024
20.7136
18.622
20.7498
20.486
18.3835
20.6356
21.1587
22.7939
22.4684
21.7964
21.787
23.1724
21.9584
21.0033
25.5255
25.2134
21.8909
23.2118
25.1542
26.9243
26.0875
25.2992
23.9466
26.3998
25.6663
22.2273
25.7162
25.5505
21.8701
24.7571
24.8336
25.014
26.0191
25.8564
22.9638
22.0234
24.1885
24.2788
23.3092
22.812
23.6874
24.5191
26.5959
27.0893
25.7372
25.8435
23.2199
26.0429
24.6705
23.1664
25.1918
23.5093
23.0522
23.2484
21.9489
25.0083
24.9586
23.4667
22.9067
27.4542
26.5698
23.6176
26.9903
26.1014
23.3377
26.5617
27.9951
28.6055
26.9085
26.8851
24.1199
25.7005
26.1429
24.0994
25.2512
25.2921
24.8506
27.6924
28.5736
30.9159
29.2518
28.6072
25.3753
25.9489
25.813
24.6897
25.3629
25.4815
24.6672
27.9306
29.1775
