44.2586
45.6377
45.0482
45.2382
43.9717
42.9386
42.9664
43.3848
44.1524
43.5333
44.3423
43.9158
42.9863
43.5287
44.0168
43.5853
43.4167
43.1712
43.3772
44.6972
44.3755
43.941
45.1903
45.4427
44.722
44.2275
44.6865
45.2887
46.3853
45.9732
45.4587
44.5284
43.8693
43.7799
43.5395
43.4657
44.1568
42.7921
44.2257
43.7854
43.1408
44.1419
43.728
43.7326
42.4929
43.9714
44.8789
44.0461
44.3536
43.8688
43.4362
43.3705
43.2451
42.6685
43.4991
42.0195
41.6114
43.0348
41.9807
43.4541
43.8953
44.6911
44.2952
43.5885
43.7005
42.5167
45.0239
42.8029
43.8428
43.6467
43.5298
43.3938
43.5091
43.8672
43.767
43.739
43.677
42.4953
44.0204
43.982
43.7357
42.4181
42.6762
43.8085
42.6747
42.0174
42.6069
41.8068
41.1793
41.0898
40.5493
42.2681
42.6572
43.4871
43.8602
42.1526
42.4682
44.0818
42.1683
42.1069
42.1304
42.6928
41.1214
42.9088
43.1552
42.24
41.516
40.9532
42.1326
40.3298
40.9998
41.7087
42.1382
42.491
41.9954
42.1248
41.939
42.1226
42.8617
42.3856
42.6216
42.9186
42.1075
42.9207
42.2988
42.7303
42.4484
42.7256
41.5525
40.8587
40.3509
41.3655
42.4052
42.6474
40.8544
42.1377
41.764
41.7778
42.5243
42.1487
27.2946
27.4594
28.2039
28.0277
27.8451
26.2997
28.1118
27.2018
27.1556
27.0883
26.6964
27.195
27.067
27.5914
27.8294
26.9064
27.5237
27.7053
27.3498
26.9717
26.4705
27.5612
27.6058
28.1706
27.7277
27.8789
26.9944
27.4825
27.6296
27.8303
27.8164
28.8556
29.724
29.8197
29.2411
28.9947
28.89
28.2161
27.2892
27.7376
27.1555
27.2006
27.7616
28.7336
29.314
29.8067
30.3733
29.0079
28.7117
28.7785
29.4004
28.7694
30.0587
29.1762
28.984
28.7345
28.8477
29.0438
28.7365
28.9018
29.1133
28.1643
30.0253
30.5463
29.7347
28.8857
30.3568
29.7167
30.4307
31.3764
29.8193
29.5374
29.075
30.8707
31.4821
29.8822
31.2416
31.7794
31.7639
30.9375
30.2889
30.7516
32.0131
30.9688
30.7542
30.4579
30.1079
30.9751
29.855
30.2809
31.2135
30.8613
31.6589
31.0323
32.4056
31.8261
31.5279
31.0172
32.5681
31.3204
