29.6855
31.045
30.6931
29.9447
29.0267
28.3305
28.8609
27.6803
28.2724
26.7248
27.7306
27.5107
25.9161
25.7301
25.3636
24.2178
23.5677
23.9274
23.2663
23.5604
24.1648
24.0899
23.452
23.7366
23.8452
23.7507
23.9589
24.1268
24.0579
25.8885
28.0921
27.7825
27.5563
26.7084
25.2639
23.8916
22.0303
21.7221
21.5859
24.0049
25.5326
25.6445
25.375
23.2924
21.5637
21.0556
20.931
21.2039
21.846
21.5683
20.9684
20.8019
21.1181
20.8237
20.8134
21.0539
21.0745
20.9715
20.6757
21.7491
21.0707
21.0332
22.376
22.0513
22.0196
22.7046
22.3427
23.2287
24.8795
27.3158
26.2746
25.7396
26.5245
26.1661
25.7159
24.9074
24.8041
25.3029
23.7024
22.127
21.5303
22.146
22.4138
21.5479
22.3219
23.034
23.5852
24.3891
22.4191
23.3118
24.6826
24.1012
24.5395
26.4055
24.7381
25.3142
25.5733
25.0647
25.9627
28.2723
30.7846
32.7811
32.5383
33.7609
34.514
33.8621
33.5666
32.8708
33.5662
34.7558
34.2345
35.5785
33.7882
34.1011
32.8503
32.9908
31.821
30.2105
30.822
30.7254
33.549
36.2141
36.2951
35.6316
33.2542
31.6931
31.2136
30.9506
30.9117
30.4147
31.0892
31.3655
30.4512
30.3823
31.3977
30.7647
30.6876
30.8146
32.7128
35.0181
36.6495
36.6335
34.6201
33.4724
32.4741
32.2988
32.0117
32.1838
31.6112
33.3029
35.2357
36.5771
37.305
34.4464
33.0856
32.3745
31.4702
31.8312
31.6073
31.409
31.1597
31.2177
31.5312
30.8904
31.2067
32.5336
33.8765
34.6567
35.4254
35.1523
34.1242
32.0746
30.0973
29.7308
30.0567
29.5183
29.4868
29.7151
30.9657
32.3712
33.0302
33.5233
32.9264
40.6553
46.1289
42.1776
37.3589
35.6386
34.1783
33.2371
32.0532
33.9943
34.9383
36.6765
36.8697
37.8496
37.7527
37.7918
37.2426
38.1116
38.0155
38.0822
37.5735
37.4649
37.1788
36.5611
36.4019
36.2709
36.2729
35.5899
35.9654
35.9508
36.4466
36.7889
37.2399
37.5784
37.3113
38.3062
38.0955
37.1508
37.1591
37.0148
36.9299
36.0596
35.3071
35.3513
35.1414
34.8755
33.8332
33.6323
33.898
33.0744
33.2842
33.6486
33.594
33.4363
33.6498
34.0568
33.538
33.3769
