18.3305
17.928
19.3506
20.1126
20.636
22.3518
24.4415
25.1375
25.8475
27.2493
27.6632
29.1085
31.1284
33.1565
33.2873
33.3645
35.1279
36.2402
37.3752
38.8529
40.9793
42.351
43.5054
43.2775
45.0865
46.4044
47.6712
49.4822
49.9402
49.5722
50.7964
51.7266
52.0192
53.1789
52.1727
54.558
53.7105
55.1292
55.5954
54.7098
56.2856
57.1627
56.0065
56.4224
56.5416
56.015
56.3303
55.9095
55.8562
58.3259
57.1546
55.9722
55.6601
55.6349
57.1405
56.543
54.7925
54.7661
54.4181
52.8298
52.6261
51.3327
50.4495
52.0955
50.3666
48.6707
48.1281
48.9196
46.4948
45.5588
44.8347
44.1731
42.8085
42.4424
42.2025
39.4549
38.6099
37.5197
36.5216
35.768
33.73
33.4081
31.9314
30.9378
30.6905
28.9775
27.9942
26.931
26.8626
25.7961
24.9425
23.9123
23.6561
21.3927
21.5373
20.3341
19.1453
20.0953
19.257
19.5995
18.2489
18.452
17.5291
17.9801
15.5328
16.4356
15.7391
15.6843
15.6094
15.3546
16.3361
15.2505
15.2805
16.828
15.5599
16.6929
18.035
17.5188
19.0114
18.313
17.7046
19.1399
19.3
19.0274
20.9651
20.5511
21.2599
22.5193
25.0113
23.3393
24.3685
25.9715
26.9265
28.4698
30.006
29.8514
30.7516
32.2558
32.3685
33.7101
34.6794
36.2995
36.4393
36.361
38.7123
39.2352
39.1273
40.2133
40.8538
42.2996
42.9872
42.6355
43.8599
45.5122
46.805
47.2066
47.0043
48.8397
48.2836
48.6737
49.8997
49.3407
50.265
51.3533
50.4011
50.3702
51.2252
51.2081
51.2414
52.7486
53.6138
52.5703
53.4523
53.17
54.6187
52.889
53.2419
52.2835
51.5325
52.3132
52.1072
52.0109
50.6699
51.5215
51.6763
49.8781
49.8496
48.6811
48.4476
48.1601
46.1002
46.4472
45.3905
43.7689
41.8277
42.1024
41.5392
39.9397
38.9396
38.438
37.6115
36.8066
35.9907
33.8711
33.9278
32.6477
30.8162
30.3648
29.7017
26.903
27.0311
26.1427
24.9354
25.4797
23.252
23.53
21.5201
21.0815
21.2898
19.8921
19.4595
18.2852
17.3704
17.1671
16.07
16.439
16.1813
15.7263
15.7615
16.11
15.8943
14.0169
14.9682
15.1816
14.0231
15.146
14.5299
15.0566
14.8193
14.8175
14.6949
16.1917
16.2912
16.5605
16.0896
15.301
15.5516
15.7497
15.8667
17.3494
