63.8261
64.1967
65.2343
64.8859
65.1857
65.3185
66.094
65.7608
64.7173
64.5637
65.9863
66.2844
67.1438
65.9966
66.8859
66.7074
65.9733
66.9832
66.831
66.1603
64.7503
66.1032
65.2234
65.6662
65.0065
65.9741
64.5256
65.2858
64.4388
65.6674
66.1029
64.9013
64.2097
63.7708
64.0089
64.0228
63.5319
63.9356
65.0961
64.0052
64.0185
62.8145
63.7914
64.0775
64.4057
64.367
64.4694
64.3653
63.8714
64.5561
64.016
65.7751
64.5342
63.9191
64.606
64.6294
64.5283
64.674
64.105
63.8768
64.671
64.4176
65.2796
66.5584
66.6719
66.0533
67.217
67.7489
68.8507
67.9833
67.4676
67.1047
68.8826
70.3522
70.8696
71.2731
71.8855
71.216
70.8404
71.7677
71.3221
71.6354
71.6118
72.4005
71.8399
71.6343
72.0385
71.5122
71.6794
70.5063
71.1995
68.7386
68.0624
69.0098
68.7337
68.6183
69.5445
68.675
68.7726
68.4789
69.3628
69.1777
69.8938
71.1788
69.3489
68.7747
70.1449
70.482
70.0918
69.796
70.2273
70.8367
70.5027
71.1396
71.3129
71.5028
70.7623
71.2637
70.8757
71.0412
71.5102
70.9296
71.3034
70.9004
71.3665
70.6522
70.989
70.872
70.651
70.6544
70.8332
71.3064
70.775
70.7558
71.4677
70.6073
70.6485
70.7356
70.888
70.9165
70.3879
69.9653
70.3452
69.9007
70.068
69.8743
69.6733
70.7426
69.5821
70.4666
70.7048
69.7585
71.0084
70.9245
71.4724
71.0223
71.2577
72.046
72.4959
71.8352
72.1871
72.1101
72.0523
74.5098
75.2973
75.4896
75.4334
76.2953
76.6465
76.3657
76.5598
76.7329
76.8719
76.5755
76.5557
77.1823
76.3873
76.1188
76.2806
75.9299
75.9964
75.9757
75.4717
75.7689
75.3918
74.8037
74.9891
75.748
75.3577
74.7465
75.1707
73.6934
73.6875
73.6295
73.1956
74.2007
72.9296
72.6886
72.7864
72.4308
72.2305
72.3159
73.1092
73.2407
72.6639
73.6545
72.8182
72.919
71.8386
71.9633
72.056
71.43
72.3719
73.0018
72.6732
72.7843
72.4628
72.8373
72.6885
72.6443
73.0462
72.5489
73.6117
73.8309
73.227
73.1491
73.9769
73.8585
73.7081
73.8141
73.7657
72.9976
73.4498
74.2807
73.4136
73.3281
73.3568
73.2801
73.3091
73.1657
73.7586
73.7953
73.3804
73.7033
73.9275
74.176
74.8941
74.6741
74.4473
75.0602
74.6912
74.8686
74.8546
74.995
75.8075
75.5011
75.5106
76.1741
75.819
76.1229
77.7294
75.793
75.3064
75.5698
74.8476
75.5417
75.5517
75.8156
75.0487
75.6349
74.907
75.1077
74.9616
75.9398
75.5357
75.3165
74.6672
75.6081
74.8674
74.1695
75.1519
73.5392
74.0308
74.4781
74.2028
74.2956
74.6521
73.8694
73.9256
74.2478
74.0255
74.2182
74.7111
74.2009
74.6031
74.445
73.6132
73.8214
73.9822
73.5091
