54.5834
54.3258
54.3471
54.8161
54.2877
53.6364
54.0575
54.9205
55.1389
55.51
55.4894
55.226
55.2513
56.1855
54.6891
56.5971
55.7372
55.8278
54.3409
55.0308
55.7071
54.5351
53.7187
53.9555
53.8682
53.601
52.3412
51.34
49.8785
49.1656
48.9806
49.9952
48.1617
49.3281
49.1533
49.6893
49.977
49.9429
51.1396
50.4885
51.1545
51.2476
51.0201
52.3586
51.7864
51.3167
49.9224
49.8226
50.3473
50.5851
50.6494
51.4462
51.644
50.8757
52.2258
50.3534
51.7272
51.5733
50.8763
49.5158
49.5341
49.6551
49.7795
50.5671
50.7386
49.2062
48.4446
46.9632
45.9784
45.9719
46.7813
47.266
44.9208
47.039
46.7962
45.8019
45.6381
47.0321
47.3746
46.311
46.4287
47.061
47.9975
48.5744
49.7485
50.3035
52.4269
51.5626
50.9557
50.3369
50.1244
50.5912
49.6909
49.0874
50.9548
50.0474
50.1704
50.7601
50.1855
51.7095
52.094
52.302
50.6694
51.8976
51.4409
52.6047
53.1861
53.1803
54.0795
53.6671
54.2832
54.1298
53.9738
54.5699
53.2545
52.983
51.86
51.4572
51.2193
51.2252
51.0886
50.1601
50.8256
51.3443
52.5794
53.5457
52.8951
52.9141
53.1377
53.4669
53.2311
52.9484
52.8654
52.6195
53.055
53.7821
53.415
53.1474
52.3785
52.0427
51.7326
52.0751
50.7147
50.756
49.8321
49.3162
47.8585
46.0834
45.4596
46.5055
45.0448
44.9285
44.602
45.4768
43.8855
45.5646
45.6845
44.8165
45.2425
43.8996
44.4963
44.5172
45.2821
44.2939
43.6231
44.7824
45.0936
45.9796
45.4616
45.1942
44.9045
45.8844
45.1786
45.9487
46.7539
47.7879
47.679
45.5649
48.6805
47.9333
48.0534
46.0566
46.4665
46.2819
46.4574
45.1267
45.7046
45.26
45.5885
45.4976
45.582
44.9843
45.3624
44.9504
44.672
44.4621
42.7795
43.2706
42.8252
42.8486
43.3428
44.1619
44.3801
44.3786
44.5339
45.0978
45.0294
44.4349
45.472
47.4293
46.9294
49.0534
49.1827
51.8633
53.3946
50.9187
52.2883
52.2445
52.5575
52.824
53.0196
53.9467
54.7973
54.9848
54.751
55.7334
55.0931
55.1311
55.296
55.2994
55.377
55.3268
56.5366
55.0134
55.9366
54.8415
54.9776
54.8395
53.3647
55.1428
53.2482
52.5699
52.3434
51.3304
51.6951
52.6027
53.5462
53.3501
53.7715
53.8214
53.8079
53.1096
53.0488
54.2038
53.8046
53.6679
54.4363
53.7479
53.6791
53.6057
53.1188
53.238
53.8396
53.9351
54.197
54.301
53.8953
53.6719
53.5734
54.3081
53.994
55.4008
55.302
54.5638
55.4109
54.4646
53.9017
54.467
52.0581
52.4512
52.284
52.0284
51.6087
52.0779
50.2126
49.9576
50.939
48.5662
48.7777
48.5674
50.019
47.4421
45.284
46.8993
46.9598
47.4405
49.0279
49.6387
48.221
50.1105
48.8977
48.0232
49.4524
48.1748
48.8423
47.4268
47.3336
47.8899
47.3417
47.7805
48.4036
48.5895
48.3239
49.2302
48.6331
48.9714
49.3605
50.9425
50.6625
50.4928
50.8099
50.2966
51.6157
49.8868
50.4041
51.8698
51.3925
51.8362
51.0456
50.84
50.9195
50.5189
49.718
49.7423
48.8585
48.5452
47.0174
46.2584
44.6632
44.2094
42.8795
42.6909
40.6323
42.2451
41.59
39.9197
40.0422
39.9448
38.1779
35.6918
35.9817
35.5676
36.8571
36.3556
37.5393
38.0518
39.3461
40.0802
42.3584
42.7732
42.6723
44.183
44.0424
45.9194
46.6658
45.5881
47.8976
48.3744
48.1057
48.38
47.4299
45.6878
47.3325
45.4449
45.299
45.9909
44.8787
45.6086
44.6608
44.5926
44.1299
45.0068
45.0381
44.8763
43.8397
42.758
42.3738
40.2642
40.6713
42.0074
40.5242
40.1554
40.6199
40.1075
39.9015
40.2561
40.2325
39.418
39.0182
39.0128
39.3773
39.0608
38.611
38.4851
39.0362
40.1853
40.7686
40.1902
41.5854
40.7626
41.3672
41.6221
41.9561
42.7824
42.829
43.7758
43.6013
44.5881
43.3106
42.8672
43.6356
43.1333
44.4526
43.5003
43.0041
41.6179
43.361
42.9165
41.7763
42.2206
42.3225
42.7578
42.1321
42.5882
42.289
42.8349
42.2063
43.5045
41.3667
41.6456
42.5921
42.9158
41.1002
41.3383
40.2624
39.0598
39.8003
39.5662
40.3803
39.8101
38.7231
41.4992
40.2544
41.1874
41.5777
43.9489
42.2456
42.4569
42.8632
44.0568
43.0522
43.0815
43.3593
41.1524
42.742
43.1933
42.4799
42.7077
43.6853
42.7083
43.9848
43.7351
46.5462
44.8678
46.0553
45.2701
45.3249
46.2519
45.674
46.5473
46.7471
47.8519
48.8232
47.804
47.6687
47.4952
48.2587
47.8617
47.703
48.4468
48.2755
47.7566
48.4824
47.9285
48.533
48.275
48.1734
47.8563
48.8316
46.1737
