34.28
34.3288
34.8136
35.0753
36.1658
34.1663
34.2072
34.6047
34.775
35.1541
34.8649
34.5584
35.0402
34.5455
35.1592
34.4887
35.6424
34.2561
33.8047
35.1193
34.8715
35.5113
35.6028
36.6274
35.0401
34.607
35.8108
33.9315
34.1253
35.991
35.9241
34.2236
34.9506
35.3711
33.7201
35.6846
34.0072
34.6315
33.4932
33.8725
34.7928
35.1918
34.7206
35.036
36.3985
35.0284
36.1752
36.805
37.6099
37.6405
35.7293
37.0073
36.1476
36.6731
36.0012
37.3356
36.6465
39.1384
37.4517
37.2661
37.83
37.3024
36.7628
39.3061
36.9213
36.4118
38.404
37.8441
38.3659
40.1046
38.6945
41.4207
40.4904
39.435
41.4902
40.374
41.9718
41.0679
43.1509
42.2711
41.7379
41.9655
41.2325
41.5816
42.0666
43.6016
42.0637
42.319
43.0648
42.8839
44.2024
43.3027
43.384
42.6603
44.2881
44.2344
44.5328
44.428
44.406
45.3887
44.8581
45.4203
44.542
45.1659
45.6469
46.0894
46.053
45.3804
45.5203
45.5663
46.4563
45.9385
46.2823
46.9435
44.9403
45.1294
45.021
45.6934
44.7642
44.8465
44.9167
46.271
44.5705
44.9373
45.4902
45.1247
44.6294
45.8416
46.3219
45.3058
46.5982
46.7711
46.2158
48.1021
46.1476
46.3687
47.5551
47.153
46.4242
47.2373
46.857
46.5
47.2037
47.0494
46.4513
45.7821
47.3822
46.2189
48.1937
47.6497
46.6942
48.048
48.1102
47.6817
48.5824
48.1961
48.6884
48.487
47.126
48.4638
48.0321
49.3867
48.4461
48.8476
48.5046
49.0051
49.0899
48.0182
48.4194
49.0944
48.6858
47.7872
48.7733
48.4083
48.8341
48.1709
47.4379
47.6225
49.2003
49.3196
49.9626
49.4226
49.596
49.4343
48.4417
49.4201
49.72
49.7684
49.5204
50.0761
49.2201
50.8605
48.8751
49.5658
49.9493
50.0685
49.8374
49.5387
48.4683
48.3324
49.5603
49.0476
49.202
48.8382
50.4227
49.3689
48.7224
49.9203
49.4898
51.3077
50.2362
49.998
48.515
50.7777
49.8866
49.536
49.6176
49.1181
49.3165
50.4685
50.785
50.3842
50.5685
50.2587
51.5742
50.3681
50.7278
51.5471
52.4468
52.2492
51.3353
51.1
51.7396
50.0437
51.4398
50.9584
51.1895
50.0795
51.2015
53.0093
51.4648
51.4963
51.2865
53.4789
52.1579
51.1072
51.1022
51.0113
51.9329
50.6186
50.629
50.9569
50.2511
50.5823
50.5921
50.404
50.8971
51.2351
50.9749
51.1777
50.3707
49.7402
50.0987
49.6236
48.5748
49.905
48.635
50.4837
48.7948
48.5682
48.9978
51.1916
49.8208
50.4375
49.1319
48.1704
48.688
48.5619
49.6117
48.2567
50.2482
48.6839
48.8582
49.9846
48.6689
48.9976
48.6052
49.2897
47.81
48.5499
49.3819
48.5736
48.3594
48.4419
48.359
47.9451
48.7363
47.5647
47.8215
47.553
47.1099
45.5493
45.975
47.4377
46.747
45.7011
48.4615
46.9229
47.5812
46.1514
47.2018
46.1044
45.6935
46.5608
47.1481
46.0334
46.7968
47.4979
46.5644
47.2003
45.8732
46.972
46.3768
46.7363
47.3021
47.0367
46.9329
46.4089
46.7532
48.1932
47.4424
47.7078
47.0731
47.8379
47.6491
47.353
47.3717
47.8822
47.3738
47.9828
46.7296
48.7622
48.123
48.1888
47.5567
47.3193
47.1991
47.925
48.766
47.8919
48.0723
48.4071
48.5837
49.3572
48.7957
47.9659
46.5898
46.7123
48.7312
48.4043
46.6216
47.5578
48.4383
48.0483
48.6308
47.2934
48.4829
48.5828
47.8898
47.0657
48.9933
47.9545
48.5026
48.5012
48.3037
48.4647
49.1953
48.2094
47.1153
47.5634
48.698
47.947
48.6641
48.2586
48.6013
47.3812
47.7727
48.6721
48.4987
48.1631
48.883
49.2351
48.1393
47.4155
47.8044
47.9209
47.326
47.1665
47.7817
47.4791
48.3328
48.238
47.448
48.4197
49.2303
48.7993
48.2476
47.7981
48.0788
48.2392
47.2518
49.4045
47.4683
48.0489
47.1872
47.1836
46.7774
48.7664
47.5782
47.9577
47.5994
47.6901
47.5889
48.0499
48.0104
48.2762
47.9857
48.0243
47.5865
48.0857
47.6667
48.2883
47.8579
47.5606
47.0165
47.4832
48.1875
47.4034
48.1092
47.3731
47.3007
46.654
46.3975
46.9247
46.7844
47.4541
48.0011
48.5915
49.0125
48.3358
48.2919
47.1873
47.616
48.2733
47.4221
47.7058
46.968
46.8518
47.6379
47.8704
47.7453
47.0203
47.5539
47.857
46.9219
46.631
48.0468
46.9586
47.6232
47.3985
47.2885
46.9641
47.4081
46.9768
47.1486
47.3003
47.0375
47.4916
47.4264
46.979
46.7634
46.8318
46.5459
46.2136
45.9671
46.0063
46.6838
46.269
46.0817
45.7437
46.1828
46.3106
47.3326
46.806
46.0462
46.5103
46.128
45.7971
45.7154
45.8621
46.4217
46.4974
45.8198
45.8561
45.4807
45.4825
45.6358
45.723
45.8326
45.999
45.236
45.2271
45.2126
45.0717
45.5707
45.3493
45.5374
45.9036
45.7702
46.5812
46.627
47.3131
46.7067
47.4508
46.8318
47.5833
46.385
46.9436
46.9569
46.7402
46.9989
47.2324
47.8826
47.2294
47.0923
47.1624
47.4597
47.6769
47.203
47.7276
47.2107
47.8558
47.04
46.6669
46.5746
47.0124
48.2353
48.0296
47.673
47.4753
47.1241
47.1219
47.0815
47.4673
47.7722
47.6406
46.3097
47.1622
46.734
46.6611
47.3282
46.6821
47.3302
47.0358
47.2113
45.4839
46.5136
46.3151
46.6677
46.0056
47.1917
46.6668
46.8154
47.185
47.02
47.0793
45.9566
46.4653
46.7165
46.0492
46.2251
46.4618
47.0746
46.6707
47.223
46.4599
46.5352
46.6447
47.4043
47.0115
47.7943
46.6115
46.8368
45.9712
46.0648
45.929
46.1194
47.0712
46.5054
45.8894
