28.3908
27.7796
28.2639
28.2474
28.1517
27.26
27.794
27.172
28.1667
27.9222
27.231
28.2363
26.6988
27.7904
28.7727
30.633
30.2331
28.1846
31.7327
27.2365
27.3056
27.5488
27.3715
26.1464
27.0373
27.4671
27.3886
26.7807
28.0388
27.0387
27.133
27.1438
27.0511
26.7176
27.1189
26.2249
28.708
27.3918
27.444
27.2852
26.9877
27.331
27.9622
27.1428
27.8912
27.2383
27.7838
29.2588
29.1937
28.9518
27.2858
29.1643
28.9824
29.8318
28.9721
29.4684
28.8221
29.1574
30.4354
30.2594
29.1834
30.583
31.2557
29.9329
31.9609
30.5063
30.0517
29.9328
29.8908
27.8198
30.2255
29.5777
30.2087
29.7466
29.4086
31.2589
28.3078
29.6905
30.3712
30.7025
28.8962
30.7818
29.9435
30.0796
28.7887
29.4195
29.0642
28.8268
29.1871
28.8101
28.1947
28.0557
28.3959
28.2672
26.6237
25.3848
25.6383
25.1398
24.8668
23.4508
24.2557
23.5355
23.1064
24.2094
24.8199
22.7807
22.449
22.3997
21.3373
22.2388
21.5181
21.8757
21.1199
22.1168
22.4359
23.0262
21.2922
21.3613
19.3121
19.6013
18.3252
19.5281
19.0669
18.6303
19.4495
19.0616
18.1291
20.3404
19.1455
18.8853
19.8562
19.5363
19.2071
21.2449
19.3941
20.4303
20.4832
19.3704
18.8772
18.6144
19.3191
17.4253
19.8267
18.1821
18.5045
20.241
19.6918
21.3829
20.6361
18.8782
19.8889
19.3286
17.9238
20.2613
20.4515
19.0019
20.3568
21.1319
20.6475
19.1018
20.9002
20.3509
20.5827
21.7116
21.3961
20.4267
22.6583
20.5712
19.7003
19.6403
18.5941
20.7488
20.0658
19.8317
19.1431
18.9415
18.4731
19.9566
19.2723
19.9346
19.8981
19.604
21.5959
20.9192
20.8149
21.4889
21.7551
24.0159
21.922
22.3355
22.5747
22.0945
22.8295
22.6189
23.5509
21.8514
22.2954
22.7253
22.337
22.1297
23.0807
22.9635
23.0547
23.4818
23.3905
23.7475
23.8761
24.4457
23.6177
23.8201
24.3555
23.7132
22.9802
23.0426
22.8953
22.8804
23.9019
23.6348
24.6561
24.0948
24.1206
25.0198
23.7433
24.1622
23.07
23.9429
23.3076
23.637
24.4196
25.0992
23.8111
23.7487
24.2515
24.5493
23.9097
26.3898
25.1292
25.1324
25.8613
26.6225
24.8452
25.3102
28.7727
26.8764
25.1348
24.8671
24.4756
23.6562
23.6687
24.8508
