29.8436
30.5304
30.9692
30.6212
30.6875
30.2456
30.2639
30.2233
30.1857
29.8944
29.5461
29.6999
29.0558
28.3513
26.473
26.7494
24.6154
23.6443
22.5953
21.8005
21.6259
21.3089
20.2521
19.8767
20.8135
21.9815
23.2991
22.9843
25.3097
25.1345
26.3977
26.7356
27.1586
27.9912
28.2521
28.2781
29.8676
30.0511
30.2389
29.6952
29.054
28.0576
28.2197
27.3208
27.1458
26.6164
26.3229
25.3465
25.4983
26.1925
26.2623
26.9052
26.716
27.3171
26.8633
25.2639
24.9063
25.6347
26.2057
27.1415
26.6068
26.8402
26.8016
27.5884
28.1033
27.8326
27.4399
27.3515
27.1
26.3484
25.9885
26.1694
25.3415
24.0662
23.6779
23.0416
24.0328
23.537
22.9202
23.814
23.2939
22.7943
24.3133
23.9879
25.3502
25.3883
27.4414
30.2857
33.8985
34.4058
34.5881
34.943
36.5802
37.0762
39.2619
37.5968
36.0943
35.5962
35.1311
34.1534
33.416
32.9852
33.6119
33.5542
33.2537
33.795
34.4472
33.6181
33.4573
32.2624
32.362
32.1151
31.2482
30.5344
30.3117
28.9841
27.4956
26.7394
24.2125
24.7599
23.301
23.243
23.9669
23.8505
26.6142
29.9658
31.7642
32.6117
34.1792
34.8802
33.1624
32.9029
31.4897
32.6054
32.6594
33.5384
35.0148
35.0736
34.0735
32.2683
32.5552
32.8005
33.4072
34.7643
34.6518
33.4627
33.4398
35.5473
36.9347
36.7159
35.7427
35.76
36.2394
36.3011
35.145
33.6903
35.3771
35.6959
35.3942
34.9378
36.0091
36.5151
35.0029
34.6213
34.434
36.2162
35.2842
34.3479
33.675
32.5696
32.5028
32.3429
32.1755
30.9626
31.5601
30.3506
30.8841
31.3144
30.8039
31.2946
30.3043
31.437
30.8952
31.281
32.5509
31.3196
32.7835
31.692
32.8156
32.3215
32.6519
34.0348
35.2315
35.6641
34.873
34.4479
35.5964
35.1962
35.0901
36.3167
36.877
37.0362
37.022
36.4084
36.1817
37.1335
37.2314
36.6748
36.8426
37.9737
37.4567
36.5706
37.37
38.2554
38.0906
38.8945
38.9487
39.2708
40.0361
39.9038
40.3548
39.5897
41.9875
39.997
41.0284
40.9885
41.765
40.1841
41.1568
39.8344
41.1128
40.1377
40.5896
40.7797
41.1811
41.5963
41.3305
41.62
40.9928
41.1233
42.3664
41.6691
42.3221
41.3128
41.6815
41.7329
41.263
41.0968
41.7385
42.3872
41.0402
42.4291
42.365
42.8933
42.8975
43.8137
43.454
43.1029
43.7758
43.2946
42.7293
44.1288
43.3487
44.3359
43.8766
44.2021
44.7962
43.6967
44.6752
44.48
44.7021
44.9161
45.6984
45.1319
46.537
46.2686
46.8417
45.1895
46.8361
46.9506
46.0011
46.9156
46.5272
47.1217
46.1693
47.9351
49.6935
48.4717
48.1219
48.4527
48.1955
49.142
48.9691
48.8657
48.2378
47.7015
49.1173
49.0369
48.4831
48.1742
48.2536
48.4811
47.938
47.4485
46.5417
46.4196
46.9234
47.3603
47.4653
46.2306
47.0685
46.1809
46.0325
45.2599
45.5591
46.0245
45.4057
45.9259
46.1886
47.1738
46.4989
45.5416
45.7817
46.3716
46.1927
46.0791
46.1987
47.0971
46.4124
46.6484
46.8797
46.121
46.1638
45.5323
47.1348
47.7378
47.6059
47.2005
48.0042
48.3743
48.6492
49.4811
48.1317
49.3211
49.1494
48.9035
49.3124
50.5854
49.3232
48.5208
49.4893
49.732
49.4413
48.0378
47.8571
48.4034
48.286
48.6329
47.8295
49.1083
49.3986
48.6474
49.2437
49.7487
49.8298
48.9773
48.2971
47.4476
48.6047
48.6875
48.4261
48.6612
48.1737
48.8148
48.8705
48.7974
47.2892
47.5851
47.2695
47.9959
47.7101
47.6207
47.9568
47.6689
48.2353
47.4206
46.8594
46.9774
47.4086
46.9463
46.6852
46.6299
46.4525
46.0476
47.1589
46.2761
45.4021
44.4738
44.18
43.6448
43.7658
44.557
43.8225
44.2795
43.5092
44.665
42.8089
44.5474
43.8286
44.4408
43.6161
44.3364
44.5279
44.486
44.5996
44.8305
43.3859
43.6655
43.8289
43.9625
43.8527
44.0722
43.1234
41.7478
43.464
41.5148
42.117
42.9162
42.3039
42.2555
41.4862
41.2073
41.2828
42.3615
42.0049
41.5295
41.3759
41.9565
42.1665
42.7548
42.0395
42.8754
42.6839
43.8597
43.408
43.0082
43.1329
43.914
44.3252
44.3084
44.0961
44.5648
43.7553
45.0145
44.5486
44.7452
44.0021
44.232
43.444
42.494
43.5179
42.7237
43.0931
42.6759
42.0668
42.5587
40.6586
41.2533
40.4642
41.3655
41.9868
40.3084
42.0623
42.2659
42.561
41.7359
41.5285
41.1635
42.1152
40.3844
40.1944
40.6101
40.3828
39.7173
39.1289
38.6222
37.6111
37.4699
37.2905
38.55
36.926
38.615
37.5182
37.234
37.6834
39.2056
37.7517
39.7946
38.916
38.5827
38.676
37.4496
38.3262
38.5857
37.6818
37.2106
37.6489
37.5594
37.6855
38.0224
36.4612
36.7676
37.3159
36.8297
36.0684
35.3409
35.108
34.8432
34.3812
33.5445
34.6872
34.6047
33.8464
33.4017
33.0721
33.9706
32.5066
31.5792
31.4106
30.2356
31.5287
30.9321
30.9474
31.0322
30.1399
29.8981
30.1531
30.5894
30.8166
31.2563
30.4541
30.4268
31.7466
31.4022
30.9668
31.5005
30.5737
30.9348
31.4296
30.6403
31.7697
31.3112
31.289
31.1165
31.244
30.0121
31.129
30.1498
30.9368
32.0185
31.6983
30.8821
31.3269
30.5739
30.8254
31.6776
30.3652
30.0369
29.8344
29.4179
30.0455
28.7598
29.6446
29.2762
29.7927
29.6689
29.6495
28.0072
29.2717
29.0933
29.064
28.139
29.2748
30.4479
28.8396
30.554
30.5868
29.0228
30.2908
29.3242
29.2984
30.3308
28.1182
28.0089
27.9786
27.9735
28.3659
29.1444
30.2275
28.7844
