51.7412
51.6674
51.5599
52.7915
50.4798
50.0702
49.4409
49.8957
50.2168
50.6557
50.3736
50.3152
49.6638
49.8562
50.0583
49.9407
49.7322
50.7864
51.2196
49.9955
51.4103
51.5181
51.85
52.5061
51.1489
50.9308
51.2156
52.623
52.369
52.1596
51.6372
49.9924
51.2975
51.5991
50.6434
50.9764
49.0993
50.3179
49.7555
49.6087
49.7526
49.1732
49.8643
49.8969
49.1114
50.5926
50.1837
49.8181
49.7844
50.3874
50.9538
49.2538
49.253
50.7644
49.5964
48.4529
48.4064
48.2254
49.3938
49.8239
50.1843
50.1977
49.4757
48.322
50.2689
48.9777
50.788
49.6916
50.2446
49.6414
49.2594
50.1591
49.6842
49.6725
49.3714
48.3522
50.8196
49.2627
49.5688
49.2151
49.5424
49.4577
49.9743
50.0891
48.9441
48.0433
50.0105
48.1563
47.0996
46.9413
47.1767
49.094
49.9741
49.2692
49.6928
47.7635
48.9195
49.6122
48.7949
48.7003
48.5848
48.5815
48.7713
48.1839
49.6118
48.3433
47.9525
48.0729
48.73
47.6196
47.6873
47.7613
48.8432
48.6946
48.2647
49.4815
48.6866
49.1473
48.345
48.4565
49.3756
49.0126
49.0767
49.2754
48.4332
49.8726
48.6032
49.6826
47.9664
47.8439
47.9467
48.4693
50.0862
49.2109
48.361
48.2009
48.2925
48.3636
49.294
49.6038
40.952
40.3997
40.1114
41.2392
39.9553
39.6382
41.605
41.3823
39.2599
40.1112
40.374
39.2709
39.6993
40.606
41.5692
38.6279
40.6991
40.5869
40.0281
40.3671
39.7692
40.9947
40.2947
39.8896
40.273
40.9436
39.4563
40.2975
40.6863
40.6482
39.6937
40.7986
41.3443
42.2074
40.9972
40.184
41.5233
41.0453
40.4433
39.9571
39.2307
40.4831
40.7482
41.4247
42.0612
42.9243
42.496
40.8358
41.8056
39.857
41.9397
40.9502
41.8707
41.4509
41.6985
41.7012
40.7269
41.229
41.1364
39.4431
40.3447
40.7588
41.0069
40.8289
40.0119
40.7356
41.8073
42.0405
40.282
41.5095
41.5799
41.9339
41.5263
41.5519
43.003
42.5886
44.307
43.5825
44.2016
41.7723
42.5603
41.9595
43.4024
41.0981
41.4147
41.7231
41.6457
43.1517
43.5288
41.9411
42.5586
42.2264
44.155
41.6612
43.2887
43.9684
42.4035
42.3052
43.2287
43.6399
