31.3946
28.9173
29.2729
30.4576
30.0595
28.8877
28.7725
29.6284
29.2488
29.6794
29.16
28.1245
29.1395
27.7523
28.0166
26.3852
27.37
27.0472
28.2031
28.0081
27.2461
27.0901
28.9166
29.1505
30.7083
29.5971
29.7174
28.6947
32.255
32.1867
29.1696
29.9435
29.6995
27.7588
29.3244
30.9474
32.8707
30.4027
31.4661
26.8
27.8444
27.3914
27.3921
27.8122
26.9808
27.491
28.2554
28.1905
30.4473
28.5004
29.8718
28.6322
28.3936
28.0586
28.8801
27.9407
27.5704
27.4249
28.663
29.2823
32.9195
31.2371
30.8763
31.533
31.5943
31.2758
30.6203
30.7179
30.9428
30.6831
31.5804
31.8364
34.9487
32.2596
33.0703
30.7648
32.0769
30.9959
30.3232
29.8731
28.7553
29.9909
30.545
32.5414
35.432
32.1611
31.412
32.5863
31.4415
31.6699
32.5607
31.2946
31.2715
31.3732
33.1982
34.9133
38.2604
36.1078
35.6558
32.8525
35.0177
34.3524
32.5108
34.7305
34.7022
32.8167
34.5224
34.0712
36.0496
37.4098
36.3502
32.1107
37.6543
36.9374
33.0188
35.4881
34.691
32.3779
35.8421
37.1533
37.7673
35.908
35.6339
33.2884
35.7166
35.4717
32.2165
34.8686
35.2165
33.392
34.27
33.9567
34.031
33.6018
32.8053
31.7342
35.4547
35.571
32.6283
34.7976
35.7532
32.2205
33.9976
33.1054
36.1311
35.4974
33.9913
34.4841
35.7293
35.6862
32.912
36.9474
35.5468
31.4498
35.1112
34.2858
37.1457
34.8939
34.2877
33.1043
34.9351
35.4956
32.2552
36.453
35.294
32.1164
34.8695
36.5473
39.1349
35.1821
35.998
34.3612
36.0543
36.1843
32.8422
33.7576
34.1595
32.7668
35.4334
34.7542
35.9984
36.3796
36.2132
34.8409
32.1259
32.4117
33.9594
34.0004
32.8386
33.8427
35.3274
36.383
38.128
37.0921
36.8895
34.015
37.8428
35.6338
33.952
35.6537
35.0832
33.0015
34.2554
35.2301
38.5779
35.8753
35.338
33.6612
35.7115
35.9644
32.5494
36.1828
36.3113
33.1798
35.4028
35.7401
40.7298
37.1592
37.1522
32.72
34.1105
33.5969
33.7067
34.3277
34.3302
33.7564
37.4131
37.5609
41.979
38.3751
38.2414
35.6005
35.8778
36.0084
35.9857
36.1984
36.1823
36.0529
40.7242
49.8019
