59.754
59.5751
57.5277
57.138
57.1762
57.9785
57.3963
57.6182
57.7363
57.3317
58.477
58.9733
58.3121
58.642
59.4809
59.0217
60.0727
60.1019
61.0303
61.3932
60.7417
61.1261
61.2967
60.9324
60.3189
61.0858
59.8334
59.7234
57.9746
57.8793
58.5621
59.3418
60.7778
59.8016
61.7127
60.1636
61.3693
61.338
60.6534
59.9063
60.6114
59.996
61.4953
61.695
62.3675
62.9116
63.8789
63.2757
63.0586
62.6351
61.5062
62.4348
62.8114
61.2552
62.221
62.9901
63.1346
64.0335
62.5945
62.3822
62.7689
62.4446
64.9789
65.2191
64.7396
65.8758
65.0188
65.3321
64.1458
65.2549
65.1417
64.669
65.042
64.8616
64.5848
66.6159
66.2286
67.849
66.5951
66.4342
64.8408
64.3399
64.9439
65.0201
64.7536
64.8384
64.6133
66.904
67.1654
65.6969
68.4967
66.8791
66.5764
66.018
66.6707
67.1669
67.1687
67.7159
68.0282
66.9614
66.3899
66.2992
69.4179
68.5328
67.9449
66.3147
66.2746
66.805
66.6841
68.297
68.8374
69.2905
68.5614
67.7588
67.4625
66.1137
67.0596
67.8054
67.0639
66.4961
67.9466
67.4172
67.7981
66.5771
66.7523
66.0022
66.5533
66.2465
65.6972
66.9771
67.1881
66.7003
65.3984
64.7832
65.6695
63.3154
65.5674
66.3347
64.9702
65.8444
64.7826
63.7533
64.345
64.0822
61.7515
61.4473
63.033
63.8511
64.2922
64.5755
63.8389
62.4273
64.0343
62.8533
64.5087
64.5624
63.9527
63.2692
62.1568
61.5852
61.4606
61.2057
63.1212
64.2657
64.2943
64.9226
63.8756
64.31
61.4849
61.2354
61.9695
61.7333
62.4948
62.1735
60.9266
61.0513
61.031
61.0372
60.683
61.6227
62.5484
61.424
60.7577
60.5717
61.2302
60.9171
61.0915
60.9647
61.0913
59.3983
60.6368
59.8205
59.4678
59.8311
61.0896
60.3218
61.1308
61.8231
60.7456
59.6004
60.1067
61.6268
57.959
60.4359
60.2438
60.3905
62.0285
62.2066
61.1084
59.372
60.3828
60.6958
59.9268
61.3992
60.8203
60.6116
60.2722
61.239
60.2669
59.3558
58.4117
57.8178
59.1694
60.3361
59.5419
61.0132
61.0958
61.047
60.5646
60.5084
58.853
60.346
61.888
60.2138
62.3189
61.0454
61.1918
60.1208
60.5684
60.1604
58.9101
60.449
60.2835
58.4852
59.6396
58.7582
58.3961
59.3922
59.3133
60.1099
58.6381
59.2172
59.4948
58.9032
59.1269
59.3202
60.3293
60.6347
59.917
60.035
58.9406
58.931
59.648
59.0373
58.6614
58.6808
59.5461
58.699
57.2629
57.8481
58.2229
57.2711
58.7905
58.7489
58.6939
59.1865
60.1873
59.6606
58.2314
57.627
58.2025
58.2039
58.3566
59.5943
59.8988
59.6495
59.8552
59.0032
59.1223
59.1066
59.3951
58.206
58.717
57.6378
58.541
59.6697
60.2414
61.4032
61.5951
60.9826
