37.5424
35.7121
35.3579
33.5642
31.6003
31.6686
30.1688
29.3745
28.069
27.7808
25.6411
24.2347
23.412
20.7708
21.4813
19.5607
18.9915
18.4221
17.0807
15.5939
15.8317
15.5855
14.7532
14.4266
13.0778
13.4967
12.9554
12.4089
12.6657
11.6773
10.3375
11.553
11.687
11.0494
11.0904
10.983
11.0413
12.405
11.1204
11.4996
11.9698
11.1883
11.7988
11.9313
12.6416
12.9213
13.2271
12.8935
13.2829
14.6629
14.3792
14.8725
16.0258
16.5155
16.6262
18.0306
19.6878
20.3842
21.0885
22.2986
23.2068
24.2258
26.0667
26.9769
28.4945
28.1702
31.0125
31.1528
32.5753
34.1545
34.8503
35.8152
37.5459
38.7395
39.0729
40.4303
41.657
42.1597
43.0873
43.9436
44.4338
44.842
44.7509
45.7763
45.3579
47.1428
47.4601
47.7746
48.7238
48.7047
47.9358
48.1818
48.8548
48.1127
50.9937
50.9391
48.7971
49.0708
50.5234
49.611
49.8799
48.9743
49.0492
49.1572
48.7974
48.6494
47.2995
48.1333
46.2297
46.6677
45.2024
44.4874
45.2012
42.8437
42.8333
42.8629
40.8804
40.6699
39.1631
38.8434
37.9076
37.2977
35.839
34.8173
33.0886
32.9355
30.135
28.0403
28.716
26.4447
26.5476
25.3004
23.3071
22.8248
21.4984
20.6274
19.9737
18.6854
18.5279
17.2963
17.4947
15.6253
15.1377
14.0615
13.6263
12.8037
13.1667
12.3137
12.2651
10.9908
12.1593
12.2859
12.3024
11.8176
10.8595
10.9785
11.6874
12.1092
11.7936
12.6869
12.015
12.965
12.4341
12.7085
13.2441
13.4783
13.5733
14.2999
14.9267
14.3456
15.0513
16.1757
17.255
18.4275
19.3589
19.1039
19.7971
21.0228
22.4892
23.1698
24.355
24.787
26.4785
27.6957
28.9316
30.8544
30.409
32.6968
31.798
34.5326
35.2211
36.0707
37.0405
37.8634
39.0029
40.4581
40.7033
41.9849
42.8931
43.2505
44.0571
44.9517
45.8952
46.1205
46.2906
47.3537
47.1222
48.3926
48.0841
48.6698
49.1017
47.8484
50.1097
50.215
50.6457
49.1387
49.9397
50.5399
49.5521
50.09
50.2034
49.0729
49.3663
48.7454
49.8443
48.2925
47.9448
47.2742
47.7275
46.2171
46.0044
45.0991
45.6214
44.4426
42.4894
42.0509
42.8931
40.7014
39.8827
39.2629
