53.0827
54.2002
53.3732
54.6684
54.4646
54.3845
54.7501
54.8654
55.8696
56.4045
55.9887
56.6794
56.9509
56.9772
56.7866
57.0981
57.1499
57.3004
57.4069
56.921
58.9934
58.5577
58.1345
57.7373
58.3185
58.2136
58.6299
58.8889
60.1398
59.4703
58.783
58.4431
58.2392
59.0634
58.1432
59.327
58.7827
59.6449
59.3935
57.9963
59.2648
59.5008
60.2464
59.3068
59.0977
59.0983
58.5135
58.5135
58.9316
58.4268
59.2503
58.4347
57.8018
58.8664
56.9144
57.529
56.8318
56.9947
56.4189
55.8222
56.7719
56.3177
55.3124
55.6648
55.7924
55.5667
54.502
55.2165
54.8156
54.4437
53.5786
53.2575
52.7515
52.9627
53.7946
53.9143
53.0546
52.5918
52.2468
51.5435
52.3494
50.665
50.2197
50.3927
49.2744
49.3044
49.1496
48.4808
48.6498
48.1388
48.859
48.0054
47.9049
45.3537
44.1149
45.1189
44.9662
44.4829
43.5877
43.2495
42.6397
42.5926
41.9783
42.3475
40.2732
40.2662
39.8488
39.7487
39.0532
38.5439
38.0176
36.6429
37.7587
35.7343
36.317
35.5111
34.7702
33.6165
32.7867
33.1519
33.6035
31.6996
32.0899
31.7185
31.2757
31.6171
29.1011
29.4562
29.4562
28.1907
28.2434
27.6019
27.7302
26.9956
25.4227
25.9122
26.2692
25.6021
24.3323
25.2658
24.291
24.855
24.504
24.3713
23.3353
23.6715
22.6382
22.9808
22.6716
23.7346
22.7781
23.3629
22.7877
22.8692
22.5516
22.2484
21.6532
21.067
21.4395
21.7226
22.2967
20.012
21.4561
20.2989
20.247
21.2215
20.6829
20.982
20.6642
20.7236
19.9127
21.4608
20.4531
21.2405
20.6442
21.3019
21.0544
21.7631
22.7777
23.0211
23.4567
22.4885
23.0457
22.8503
22.8301
24.2644
23.8573
23.2929
24.7015
25.8545
26.2397
27.114
26.9703
27.3693
27.4537
27.0506
28.0425
27.837
28.3395
29.4061
29.0691
29.8694
30.4376
30.8579
30.7201
31.804
31.5454
33.3149
33.4705
33.2957
34.5283
34.265
33.7208
35.7368
35.525
36.5435
36.9086
37.4979
37.577
38.4242
39.5926
39.2645
39.641
40.1712
42.114
41.3345
41.2357
42.815
43.3562
44.4347
44.1421
44.4037
44.4097
45.7539
45.3112
46.4557
46.8187
47.386
48.4467
47.9263
48.4047
48.1777
49.315
50.0696
50.8556
50.5264
50.5825
50.1825
51.876
52.8405
51.3388
53.1459
53.3989
53.6657
52.9913
53.8433
53.9388
54.0863
54.2644
54.9239
55.5046
54.6773
55.9854
55.344
56.3183
55.5561
56.8161
56.4525
57.2757
57.0862
56.7157
57.0851
57.2057
56.0732
57.7495
57.139
56.6754
56.1726
57.6836
56.6085
57.3663
56.9791
57.4934
56.3294
56.931
58.3615
57.4795
57.6373
58.161
58.1155
57.2731
58.9088
59.1137
57.8968
57.945
57.7254
59.2795
58.5845
59.233
58.3282
57.7902
58.5691
57.875
58.1453
59.0634
57.7697
58.2528
57.1783
57.8653
57.0247
56.496
57.3733
57.0593
56.8139
57.1354
57.0317
56.8166
56.6813
56.4064
55.3649
54.4861
55.0413
54.312
54.3448
54.7314
54.2136
54.4408
53.9975
53.105
52.8661
51.8354
51.3465
51.6801
51.0639
50.162
51.4075
49.8341
49.2726
48.8156
49.7085
49.5842
48.8885
48.3159
46.9698
47.9257
47.0595
45.9403
46.2178
46.2483
45.3316
45.5457
43.8312
44.0895
42.9464
41.7043
41.254
40.4904
40.6285
40.6343
41.2797
39.2777
39.8438
37.8327
39.2667
38.0846
37.3886
36.2927
35.5839
34.298
34.2863
34.2323
33.6035
33.4493
32.529
33.0933
31.2878
31.0633
29.6496
29.1179
28.2064
28.795
26.5624
27.0178
26.2222
26.0447
25.3047
24.5974
25.1624
24.1945
23.2501
23.2525
22.4847
21.2851
21.6702
21.2746
21.8327
21.0247
20.3964
20.4454
19.7373
20.1953
19.8227
19.1926
19.1327
19.2349
18.7647
18.8328
19.3602
18.3741
18.7021
19.3942
18.6452
18.9935
18.3453
18.9017
18.6052
19.1855
17.9873
18.7166
18.3847
18.762
18.632
19.1208
19.8497
19.2957
19.2457
19.8649
20.849
20.9981
20.9667
21.1131
22.4743
21.0722
22.7459
22.7144
24.076
23.2307
24.6418
24.322
25.6389
25.9507
25.5651
24.8175
25.5538
26.3769
26.6543
27.5831
26.4012
28.0366
27.707
28.5521
29.4794
30.1248
30.7905
30.9807
31.9689
32.1362
33.0378
33.2065
33.3711
34.2393
34.6979
34.7425
35.4272
35.9798
35.7068
36.394
37.9483
39.013
38.6137
38.8591
38.7522
40.8148
41.2794
41.0978
41.935
42.6259
43.9623
44.6535
44.466
45.2814
46.101
46.4935
46.0464
46.2783
48.2243
47.9944
47.7402
49.3712
48.5443
49.2057
49.6
49.902
49.3324
50.2808
51.1276
50.8937
50.75
51.1397
51.4922
