36.5094
35.1579
33.7447
32.8155
32.7731
32.3717
31.265
30.3304
31.8213
29.9954
30.2942
28.5807
28.2231
27.9157
28.116
27.9349
27.4679
27.5078
26.3913
27.0951
28.3573
28.2903
27.332
28.4205
28.2305
27.9284
27.3054
26.2196
28.4462
27.0701
27.3922
26.4569
25.9586
25.8153
26.3577
26.4188
25.9997
25.7969
25.5736
26.1306
25.1308
24.7611
25.5522
26.4862
27.4053
27.6611
28.2409
28.6199
30.455
31.7573
33.3322
32.8583
33.2255
33.3228
34.5799
36.0922
36.8718
38.1278
37.3916
38.626
37.9272
38.8018
39.1874
39.8637
40.0891
42.0065
42.0591
43.49
44.0692
43.7869
44.3966
45.5881
47.3519
47.1268
47.6246
47.7046
49.3644
50.2839
50.456
51.2216
51.1223
51.6
51.9078
51.0461
51.0085
50.6094
52.3798
52.4225
52.8225
52.4217
53.1595
53.037
53.1759
53.7435
55.3467
56.4727
56.8061
57.8418
58.3126
58.8475
58.9143
58.7873
58.9756
58.7824
57.956
59.1563
58.2273
57.3878
58.7309
58.0412
58.4011
57.4343
58.0152
56.5713
56.4409
55.2111
56.1344
55.1727
55.2432
54.5546
52.6625
53.2825
51.6094
52.454
52.6039
51.2983
51.0243
50.7363
49.7916
48.9095
48.1134
47.1095
46.8362
46.4884
45.5008
44.3012
43.9
42.9714
42.775
42.0865
42.8248
41.8763
40.6192
40.0422
40.1835
36.8517
36.3456
35.4703
34.3854
33.2992
31.9752
33.667
31.047
31.6665
30.5148
30.6145
29.5779
28.3535
27.9309
26.0481
24.6666
24.6992
22.9144
23.4235
23.2339
24.7672
24.4593
24.9699
24.8826
24.1006
23.8867
24.8553
24.4137
22.7619
22.1826
22.8073
22.2157
21.5383
22.597
21.9477
23.304
25.2126
25.024
26.0736
26.1056
26.2849
26.8195
28.0554
28.3529
29.8181
29.8802
29.2851
29.0192
28.8022
27.9228
27.4671
27.7689
29.1178
29.1108
29.3161
28.8177
29.4021
29.1877
28.4509
29.6187
30.3476
31.5344
33.4017
33.3097
33.1514
32.9845
34.0207
34.7116
36.6257
38.5725
39.0922
40.9691
39.7219
41.0151
40.9975
41.5621
41.7153
43.2444
46.6007
45.776
46.6696
47.5385
46.5581
47.7481
47.8845
49.4252
50.5112
51.3204
52.3846
53.5514
53.4796
53.0117
53.5384
55.0993
54.3418
55.1788
55.206
56.9877
57.0033
57.7968
57.3242
59.2382
58.4993
59.8735
60.2762
59.1513
59.6602
59.0275
59.2057
58.7394
57.9308
57.8604
58.3467
57.6751
58.5433
57.4947
57.8074
59.1462
57.0719
56.4914
57.2587
56.0733
56.561
55.6978
55.8796
54.7116
54.8935
53.8507
54.2862
53.3339
50.4261
51.7237
50.8884
50.6286
50.168
48.5869
48.859
47.9021
47.2847
46.7221
45.3555
45.4785
43.7822
43.4427
41.4567
40.9263
40.131
39.6454
39.5954
38.5009
37.7987
36.3449
34.9771
35.634
35.0048
