30.519
31.5766
32.2481
31.5756
33.4839
32.8224
32.9757
30.9837
29.4796
29.641
29.445
28.3276
30.55
29.9785
29.5076
28.2996
27.0346
28.2155
28.2424
28.0211
27.2864
25.6303
24.291
22.8281
23.2535
23.3923
24.3257
24.0848
23.1648
26.1538
29.0263
29.0065
29.1103
32.2646
35.7797
35.8864
36.0375
37.2738
37.7743
37.2376
37.8994
38.7947
38.4261
38.9569
39.3346
37.8996
36.9195
36.1914
36.6164
36.2947
35.7799
34.8896
34.6691
34.7797
34.3053
34.4796
32.848
34.7462
32.5727
31.839
29.8353
32.1764
33.2813
34.4222
37.2282
39.3104
39.127
37.6868
38.2988
39.0743
39.0516
38.0244
37.1926
37.2923
37.1325
38.1084
38.4813
38.7265
37.966
37.7806
37.0366
37.965
38.2581
39.0921
40.2507
39.5979
39.3198
38.672
37.0339
35.055
34.3039
32.9098
32.6916
33.6327
35.5616
37.2176
39.342
41.4527
41.9427
41.8527
39.9883
38.0252
37.0321
35.4014
32.8594
35.6233
37.0159
37.8969
37.2461
35.6947
35.7742
36.1533
35.624
36.7437
36.9636
37.8801
39.0146
38.0224
36.6947
35.3485
35.5417
36.2322
35.5296
34.2681
32.2192
32.8671
33.9241
34.9937
34.0884
36.6707
39.7854
41.0419
41.297
39.3624
39.4905
38.0128
37.1262
38.291
38.6787
39.2854
39.1931
36.7648
37.3953
36.1263
36.5959
36.4765
36.8344
36.3179
36.1213
36.242
36.4228
35.2222
34.7682
33.5106
33.6773
32.0472
31.7797
32.4946
35.7216
36.4073
35.8526
37.0767
40.2447
39.7629
39.3036
38.1509
37.7561
36.6574
34.8767
36.5119
37.6094
39.1602
40.3392
40.684
40.8953
40.3105
40.2699
40.9346
41.4829
41.0861
42.0333
41.5688
39.4119
38.6603
40.022
38.7892
39.0305
38.3813
38.5726
39.803
40.4271
40.2393
38.4062
40.2283
43.3397
43.4944
41.9676
42.8202
42.3052
42.2957
38.5428
39.6823
41.1842
40.6794
40.2475
40.5341
41.6163
41.3594
41.1427
41.1141
42.1134
43.9609
44.1925
43.2177
42.7949
43.5829
42.8375
41.2034
40.5745
39.58
39.81
41.9292
42.2434
42.6199
40.5418
43.2679
45.1711
46.6137
45.452
47.3481
45.2058
45.0784
42.6135
45.7842
47.757
47.935
45.6139
45.4155
44.5232
44.7255
44.0044
44.2085
47.0586
47.5643
47.9351
47.4668
47.2645
48.1768
45.1582
42.7261
42.8869
41.841
40.9412
41.5983
41.8712
44.5155
44.8977
45.2614
47.2539
47.5413
47.1656
46.7683
46.8059
46.2976
44.6055
47.8502
47.5258
47.9072
45.9307
46.6263
45.2981
45.0837
44.0318
46.1213
45.9525
46.9885
47.1339
48.6655
46.4381
45.982
45.7044
43.3309
42.0349
41.5677
41.3556
39.3234
42.1811
44.822
43.5229
47.4203
49.1864
48.4329
48.1376
48.1663
48.1711
47.9252
45.4977
47.5479
48.0621
48.1378
46.9408
47.1754
48.0646
48.2386
47.9365
47.7684
48.6098
47.4555
46.6384
47.1433
48.0475
48.8578
47.4529
47.2586
44.9679
42.36
42.9333
43.98
44.7567
46.3038
46.9516
48.5791
49.6323
49.0758
50.4009
46.7203
44.9172
48.259
48.5908
48.9021
48.1826
48.3056
47.4198
47.4132
48.2694
47.6935
46.1806
47.0333
47.5738
47.3288
47.4506
46.6512
47.5665
48.0137
46.9441
46.8988
44.367
43.9606
42.6743
43.6105
43.9136
46.9104
46.0043
48.1413
46.89
47.4673
46.6497
47.0691
46.8925
47.4386
46.1611
48.1924
47.9962
47.7408
47.721
46.467
46.3936
47.69
46.7376
45.5368
45.4841
46.4223
47.6259
47.1653
47.811
48.3814
46.2396
44.7286
43.4432
43.0644
44.9357
44.682
46.6717
46.096
45.7963
48.9071
49.6403
50.0709
47.9636
46.7257
47.4179
48.133
46.4918
49.5891
48.1735
48.4779
47.8259
49.3082
48.6275
50.3656
47.9455
49.2247
48.7867
48.55
49.321
48.5759
47.9245
47.1865
47.8536
46.9947
45.6102
44.5933
43.9348
44.1508
45.1492
47.884
45.6208
49.7525
47.1655
46.7224
47.1391
46.8706
47.6215
47.2219
44.4145
47.0247
46.3914
47.5336
46.5751
46.6852
46.0062
46.2505
44.6487
46.6155
46.2752
46.6639
46.7411
46.58
47.4394
48.1476
47.1239
44.7654
42.7661
42.747
43.3174
43.183
42.8082
43.0616
40.1315
44.8129
44.8233
45.1258
44.4929
44.9251
45.2006
45.4081
44.4306
45.8408
45.1598
44.7101
45.2922
44.1961
44.3194
44.6825
43.4973
45.225
44.3858
45.1591
44.9314
44.3288
43.6328
43.7162
42.8601
43.7374
43.3033
42.5152
42.865
44.5916
45.4626
47.7554
47.1408
49.282
49.44
47.5767
46.4119
48.0257
49.3435
49.2668
45.3933
46.3922
46.0954
46.0881
46.4174
47.2078
47.3799
46.5731
44.4061
45.6068
45.2867
45.6183
