7.74017
8.47155
8.38428
5.76581
5.63085
5.48277
5.29065
4.6525
4.52016
3.56785
4.85106
5.23761
4.01174
4.65386
5.67202
7.22333
6.62931
7.55328
8.3716
7.53099
9.943
11.2293
12.5585
13.6958
15.5984
17.4186
18.8981
20.4812
21.5254
23.3495
24.1287
26.2488
28.1366
28.4751
30.7193
31.3753
31.4823
34.6176
34.3462
36.8109
37.089
37.2845
38.8444
40.03
41.3127
40.1707
41.1581
42.1829
43.5538
43.5044
43.1072
45.183
45.0174
44.0283
44.6861
45.0834
44.9157
46.1923
44.9128
44.8432
45.1454
44.2239
44.8227
45.0438
44.4302
44.5651
44.3036
43.4218
42.9105
42.127
41.9857
40.9785
40.4593
40.1363
38.9667
38.6698
37.2001
36.416
34.8124
33.4505
32.5716
31.5507
30.0801
29.5808
26.831
25.7856
26.0647
22.4207
19.8682
19.2957
18.2177
16.1433
14.1247
12.0255
11.763
10.6373
8.94374
8.33049
7.70029
6.14945
6.39482
5.18395
5.63401
4.43668
4.87624
6.47397
6.34139
6.35344
4.7206
7.48675
8.22735
9.03083
9.7753
10.5717
11.9593
13.1856
13.3912
13.6651
13.8988
13.7652
14.8876
15.3755
16.8191
16.5082
17.1735
17.6036
18.1513
18.7896
18.9214
19.064
19.0932
18.9901
19.4357
18.78
19.5659
18.491
18.2888
17.6724
17.4512
16.9674
16.232
16.7423
15.211
15.5412
14.7662
14.7917
13.6393
13.8343
11.9419
10.0536
9.35133
9.99089
8.83998
7.93111
6.84824
6.44005
6.19203
5.39835
5.80804
6.08641
5.32401
6.77374
8.68092
13.6207
13.4899
14.6835
13.8207
15.7007
16.8815
17.7315
18.7887
19.5346
20.8321
20.8105
21.561
23.2247
23.9812
25.6279
26.2806
26.4819
28.3487
29.9855
30.8346
31.767
33.7706
34.6345
35.2803
37.9005
37.7511
39.8552
40.9587
40.7316
41.3139
43.1529
43.1955
43.6779
44.3263
45.3698
45.2542
44.9657
45.5801
45.9299
45.7857
46.219
45.9569
45.4349
46.4993
45.5804
45.8791
46.189
45.4664
45.1705
45.0336
44.439
43.6001
44.2692
42.9613
42.8893
43.2589
42.7672
40.8238
39.5088
40.5043
38.0338
37.3938
35.882
35.462
35.2113
32.7559
32.2015
31.2019
30.0326
29.3063
27.8559
25.1548
25.7492
23.8694
22.8824
20.7775
20.3944
19.9996
17.6761
18.1611
16.55
15.645
15.3649
14.0635
14.0296
14.2583
13.3606
14.4937
14.5631
13.8201
14.3442
16.0193
16.3299
16.7723
18.1222
17.5044
18.5494
19.6467
20.834
20.2501
21.5802
22.8114
24.5389
23.6947
24.898
24.9812
26.9525
25.9171
26.7336
27.4158
27.2871
27.1423
27.8851
27.9686
28.7463
28.0762
27.9056
28.3184
27.8852
28.9322
28.7786
28.731
26.8937
28.1873
27.614
27.2297
28.1891
27.66
26.518
26.6009
26.1112
25.6307
25.6337
25.0041
23.7076
22.8213
22.6437
