38.3912
38.6648
38.8993
39.0286
38.9421
38.8596
40.2298
39.221
40.0214
37.1134
36.9208
39.6093
36.98
38.6022
37.8371
38.5908
36.3265
37.9849
37.9818
38.2546
36.5096
36.3222
36.4502
35.8906
36.8933
36.1183
34.3538
36.1997
36.405
36.8226
37.5803
37.9203
37.0901
36.9753
36.367
37.2255
36.0062
36.7398
36.7182
36.7726
37.2581
37.0069
36.3339
38.0117
37.052
36.9862
37.176
37.2191
38.182
39.0162
38.5378
37.3866
38.9464
38.4773
37.8545
38.6822
38.9698
38.284
38.9122
38.8377
39.2035
38.4676
39.4773
40.3639
41.6255
42.599
43.337
43.2906
43.8154
43.3613
43.3277
43.7193
44.8153
47.6484
46.5962
46.7213
47.6288
46.9939
47.3435
47.5481
48.6514
48.124
48.6887
48.1787
48.432
48.4457
47.3484
45.6706
45.9494
44.7273
43.8183
40.8759
40.7301
40.6032
39.8363
41.7569
40.0715
39.5726
40.2575
39.4049
41.2491
39.3283
39.2503
40.28
41.676
41.0407
42.1229
40.6794
41.9139
41.5874
41.2063
40.9026
41.8276
41.7465
41.4532
42.815
42.3232
42.113
41.0774
41.5002
41.3954
41.1033
41.6646
40.9772
41.2415
41.1303
41.4929
42.0933
41.8563
42.802
41.2825
42.1179
44.1549
42.1739
42.0184
42.3889
42.5233
41.7064
42.8238
41.5429
41.4095
42.4827
40.9826
44.2774
42.5766
42.3447
42.628
43.6617
42.3565
40.9482
41.6646
42.2793
41.729
43.6543
43.8505
44.5857
42.9998
44.2401
43.3932
43.983
44.0617
45.0325
45.1402
50.3233
50.5609
51.5617
50.5907
51.9817
52.8758
51.0469
51.2081
51.5623
51.3052
51.0404
51.7328
51.7473
50.9382
51.5173
50.8167
49.5972
50.306
49.1126
49.6921
50.0669
50.5912
51.219
50.3542
50.2412
50.5897
49.5865
50.0779
48.8799
49.7548
48.6189
48.4887
48.7635
47.8496
49.2368
48.7391
48.9312
48.4076
47.6747
47.8658
48.3833
48.5654
48.9904
48.43
47.9354
48.5702
48.7354
48.0421
47.4972
48.8733
48.2338
49.8064
49.5308
48.9711
48.8303
48.1111
49.0907
49.5182
49.934
48.8716
49.8622
50.0088
49.8956
50.0833
49.572
48.6006
50.376
50.908
50.1054
49.9701
50.045
50.0544
50.3169
50.3006
50.0103
50.9171
50.8482
50.9277
50.695
50.6572
51.0803
50.3174
49.9189
50.6103
51.4046
49.6449
50.8037
51.7612
50.9804
51.1805
51.6158
52.4641
53.0239
51.6864
52.2318
51.4016
51.5589
51.8981
51.5432
51.9171
52.8558
51.4886
52.7578
52.3436
52.5748
52.2409
51.8179
50.5582
51.8986
52.1309
51.6382
51.261
51.1944
51.2311
51.3684
50.9544
49.7914
51.3429
50.5377
51.452
51.0154
50.6283
50.7646
50.3217
50.4692
50.8388
50.7713
50.5131
50.1623
50.952
50.4777
49.8152
50.5071
49.7798
49.9005
49.3199
48.9882
