45.0481
45.2031
44.0638
43.6533
43.6495
43.173
43.9396
44.8648
45.6868
44.8115
46.8146
45.4648
44.8509
45.4624
45.4747
45.8421
45.9871
45.4424
44.7771
44.9752
45.8418
43.6494
44.5934
44.5688
43.2287
42.9901
41.8237
40.9898
39.2564
38.8793
38.812
39.8057
38.7472
39.5029
40.4303
40.137
39.2138
39.8666
40.9384
40.0048
42.0035
40.8748
40.7712
42.19
42.7058
41.3217
40.1944
40.2408
39.9747
40.5129
40.3554
40.2361
41.6815
40.4266
40.1757
40.3775
39.1625
39.4066
40.0343
38.2871
39.1695
37.9954
37.9523
38.9904
38.2455
36.2914
34.7374
34.6705
33.5483
32.9836
33.6256
34.3817
33.7556
34.2938
34.5139
32.6798
33.0025
33.5937
32.8062
33.1888
33.5127
33.9233
36.7488
37.8849
38.1926
39.0777
39.6985
39.6088
38.8811
40.0413
39.0876
39.1079
38.6173
38.7353
40.6493
39.446
39.7947
39.3952
39.8049
40.6722
40.4658
39.703
39.1675
40.105
40.3446
40.7603
40.8701
41.0112
42.1142
42.6853
43.5174
43.5698
43.9414
43.4664
42.8893
42.2156
41.96
41.6572
41.3877
41.3919
41.6913
40.6363
40.5672
41.6621
42.2403
42.5507
42.554
42.9593
42.3301
42.8655
43.5248
43.1425
43.2682
43.112
43.0712
44.117
43.9274
42.4842
42.1366
41.6759
41.8148
41.3135
40.6292
40.0289
39.289
38.5371
36.2349
34.7506
34.7817
34.3477
34.0151
33.734
33.403
33.7851
33.0654
33.7451
34.9266
34.0125
32.9604
32.6724
32.8553
32.932
32.9457
31.8923
32.1483
32.5566
34.1815
34.7857
34.152
34.2353
33.8738
34.0926
33.6825
35.4177
34.527
36.1218
35.2834
33.507
35.9852
35.5641
37.065
34.6724
36.056
35.253
35.285
33.1669
34.4492
33.9883
34.0145
34.4092
34.9753
33.934
34.1865
34.2219
33.6648
32.2968
31.4954
31.8887
31.605
31.5222
31.6326
31.6828
32.9239
33.5258
34.1818
34.2857
34.1354
33.9107
34.0673
35.0592
34.0801
36.0211
37.3392
38.684
41.5219
40.3338
41.4758
40.8915
40.6485
40.6952
41.7402
42.7209
42.4924
42.9992
43.0777
43.0458
43.7984
43.5585
44.2327
44.0525
43.8413
44.3041
44.5354
43.16
43.8411
44.2011
43.7355
42.6412
42.8793
43.4742
42.7838
42.767
41.1051
40.8582
40.6355
41.1342
41.457
41.4508
42.8818
42.301
42.8623
42.6448
43.0605
42.9172
42.6546
43.1238
43.6955
43.2312
43.1352
43.3915
43.0186
42.9204
44.0781
44.9643
44.2231
44.4879
43.9474
42.7046
43.5405
43.8866
43.7186
45.2456
43.5058
43.2724
45.4426
44.7828
43.0929
43.2906
41.1643
41.0174
41.6959
41.3848
41.1728
41.1658
40.4569
38.978
40.2987
37.8808
37.7353
37.4592
37.5487
36.7467
34.8998
36.1198
36.1056
35.9773
36.0708
37.4825
36.9755
37.0975
37.1293
34.1335
35.8279
35.0904
34.3464
33.2675
32.5632
32.9527
32.5182
32.7882
35.4978
35.0249
34.1906
35.7889
35.8838
34.5561
36.5445
36.495
35.0613
35.51
37.3612
35.9963
38.6924
38.3522
37.7007
39.0184
39.1885
38.4316
39.6549
38.5603
38.3436
38.8295
38.7803
38.6385
38.4288
37.2958
35.4979
35.3451
34.5711
33.5744
31.7859
30.6208
28.3687
29.3108
28.0052
25.588
25.5339
23.5039
22.449
21.3112
21.3664
20.5237
22.1986
22.2828
21.6744
23.834
24.9475
26.2811
29.1911
28.4499
29.3692
30.3871
31.8505
32.3228
34.6358
35.1587
36.7622
36.3973
36.227
35.933
36.134
35.2942
36.0753
34.6519
33.6715
34.3824
31.9631
31.8583
31.7044
31.1102
31.0644
32.3967
33.0002
32.0822
30.7774
29.8924
30.1386
27.8211
29.376
29.0691
28.0579
30.4724
29.8665
28.8698
28.6438
30.262
28.2558
28.3311
28.0309
26.9877
27.7711
28.1789
27.9342
27.1984
27.0258
28.1615
30.5337
30.5907
30.8997
30.5762
32.0989
31.1962
31.6409
32.4857
32.004
32.1594
32.053
32.4209
32.8888
32.0758
33.0592
32.82
32.7347
31.5867
32.3924
31.876
31.0857
31.0552
30.6664
29.9484
31.1215
31.5777
30.1451
30.5714
31.1942
30.9133
30.458
31.1078
30.2933
29.6704
30.8304
30.7381
30.0226
30.558
28.4116
27.8671
28.7954
28.336
29.0392
29.7907
28.6527
32.6069
31.6711
31.7744
32.2648
34.0586
33.8518
33.5274
32.6693
34.397
33.0515
32.5187
32.8376
32.0742
32.4569
31.8628
33.5962
33.4565
34.4191
33.2741
34.1426
34.3471
35.2155
34.256
35.612
35.4976
34.6988
34.2472
34.6665
34.9822
34.5943
35.2201
35.1243
34.5311
34.4348
34.2384
33.1071
33.6484
34.0645
33.6018
35.0062
35.5545
34.2611
35.1059
35.1051
34.1791
34.681
34.1891
34.2825
33.0899
