27.2306
28.5635
28.489
29.5124
28.9914
29.0476
29.2753
29.4645
27.336
27.8216
27.7565
27.4976
26.9001
26.3506
24.3661
22.8187
21.342
19.9202
19.7231
19.3437
19.1384
17.908
17.1627
16.9962
17.0064
18.2361
19.5362
20.3448
21.7933
22.8441
24.0671
24.3693
24.6201
24.5401
23.2047
23.1852
24.2698
23.2634
23.02
22.1076
21.1808
19.8007
18.9513
18.8737
19.017
18.3447
18.7699
18.5466
17.7377
17.7077
19.2086
18.7622
20.3008
20.1609
20.9758
20.071
19.6556
20.3628
21.0421
21.1692
21.0255
20.7788
20.7037
21.6685
23.0007
20.6005
20.4649
19.1638
20.5309
18.6994
17.6793
17.0024
17.3534
16.5555
15.9241
16.0008
17.2598
16.5095
16.9273
16.9546
17.4993
16.9178
18.034
18.2962
20.5467
20.996
22.1912
22.3791
25.2911
28.3501
29.4287
30.9823
32.0704
32.0581
30.281
30.1873
29.7325
29.2822
27.9965
27.2018
26.6749
25.9339
26.5881
26.7823
27.305
26.7902
26.9114
26.9095
26.4866
26.6959
25.9037
25.3952
25.0633
24.6257
23.9572
23.0739
21.3821
20.936
19.4981
18.7018
16.7277
16.7827
17.455
18.3604
19.6461
21.394
23.1616
24.8357
26.8487
26.5494
25.189
24.9962
24.9191
25.7963
25.8695
26.4208
27.8077
27.8055
26.6919
25.6008
25.4127
26.1974
26.8846
28.6446
28.0516
27.5298
28.2737
28.805
30.2728
30.8812
29.5385
30.239
30.7882
30.4619
31.6584
30.7361
31.963
31.9109
32.0133
31.403
33.573
32.5414
33.1891
31.646
32.0953
32.2
31.2484
31.2759
29.8724
29.2601
29.0897
28.5224
28.6536
28.8037
27.9569
27.9332
27.5873
28.6145
29.2755
29.958
27.1991
28.6556
27.9398
28.4931
27.7123
29.2232
28.6887
29.8273
28.9679
29.8611
27.6508
30.3777
30.9046
32.2343
31.1862
30.3031
32.3442
31.6473
31.6594
33.5164
32.2014
32.7869
32.746
33.2992
32.8701
32.0179
32.8744
32.8319
33.5563
33.91
34.6279
33.6106
35.4306
36.0266
35.2918
33.9032
35.2436
36.1443
36.4909
37.5428
35.8506
36.29
36.7808
37.0017
35.4856
35.9972
36.7971
35.9384
36.0469
35.7346
35.8999
35.2158
36.0318
35.7052
36.5207
36.416
36.7995
36.4134
36.5522
36.079
36.3535
37.6341
37.7597
37.0326
37.242
36.972
36.4578
37.3877
36.6802
37.1856
38.4654
38.0177
37.6256
38.5487
38.6984
39.547
38.4923
39.2238
38.5748
40.4347
39.0144
39.5244
39.1608
40.2597
39.0016
41.0556
39.792
41.1282
39.5548
40.6805
40.7222
39.5559
41.0139
40.9966
40.7832
42.2077
42.0383
41.2765
42.1513
42.1036
40.3203
41.1562
41.6763
42.432
41.2097
42.9911
44.2643
44.7714
43.2788
43.0896
44.1373
44.7947
44.9539
44.8367
44.2192
44.0877
44.2999
44.3317
44.6498
43.2639
42.2735
43.2578
42.5457
42.7084
41.4216
41.3047
42.3466
41.1621
41.6538
40.1269
39.9324
40.4614
40.4222
40.3388
39.7945
40.0488
40.415
41.0904
41.0212
41.5532
40.9496
41.2497
40.6589
41.0599
41.3166
40.6065
40.7024
41.4394
42.0778
41.5191
42.0349
42.1824
42.5756
42.0838
42.561
43.3737
43.464
43.2933
43.7191
44.4509
44.5265
44.5838
44.2047
42.9071
44.2821
43.0065
43.789
42.9762
44.3131
44.5124
44.5583
44.5651
44.5373
44.5087
43.8013
43.9366
44.5297
43.7183
44.3872
44.3576
44.5701
44.8611
44.4858
44.9154
45.3239
45.0572
44.3816
44.8407
44.3555
44.6676
44.9322
44.3228
43.8151
44.3137
45.1096
45.046
44.7714
45.6161
44.8909
45.098
44.1959
45.5165
45.5204
45.4555
45.1209
44.176
43.8956
44.1557
43.3901
44.4755
43.8312
43.4968
43.2615
44.073
43.5194
44.3441
42.88
44.1674
42.1186
42.2279
41.0641
42.5086
42.5089
42.1683
41.3976
41.0639
40.643
41.3994
40.7145
41.0854
40.813
41.5431
40.8996
41.8217
41.3028
41.1665
40.6271
41.8181
41.6111
42.6754
42.2576
42.3239
40.5626
40.8906
39.3325
40.3306
39.5882
41.171
40.7596
41.2322
39.5753
40.8471
39.5109
40.8872
40.5372
40.606
40.3252
40.9134
41.6015
41.8652
40.7981
42.0019
41.4147
41.7868
41.7227
40.8581
41.079
41.4537
40.9049
42.904
41.3506
44.1029
43.0394
43.7302
44.1587
43.6287
41.8147
42.7364
41.8364
43.3546
42.2297
42.6723
42.485
41.9745
41.1606
41.4892
41.1
42.3531
41.151
42.8807
41.2469
41.8019
41.5095
42.4906
41.7926
42.2307
41.0279
41.748
41.0179
41.5543
39.7908
40.4389
40.2602
40.6895
38.9036
41.7319
38.3332
39.4852
37.3469
39.296
36.529
39.1797
37.7858
39.4457
39.0764
40.6152
37.9205
40.2518
38.9153
39.2877
39.1883
39.2251
38.825
39.2926
37.369
38.5226
37.7291
38.1918
37.2667
38.2522
36.7777
36.4041
36.2344
36.9264
36.5081
36.8875
35.1522
36.0214
35.1228
35.7279
34.5124
35.0166
34.8025
33.9771
34.4361
34.6086
33.9907
33.4823
32.8766
32.5384
33.0231
32.9711
31.6162
32.9983
32.2277
31.5116
29.948
30.7134
30.2693
30.9687
31.5484
31.7393
30.7744
31.2783
31.4387
32.5048
31.6955
31.2657
31.993
31.8343
30.1093
30.5085
29.4339
31.4514
30.6971
30.5606
30.7389
30.8669
30.9123
30.5926
29.8675
29.5621
28.5504
30.8446
30.6174
30.8146
31.322
30.4896
30.0652
31.136
31.4319
30.174
29.5473
31.012
30.2106
29.7827
29.8095
30.0477
28.8511
29.2143
28.0506
29.318
27.6215
28.6894
28.652
30.0796
29.4442
29.9998
30.3985
31.1154
30.6219
30.7436
27.9606
31.1171
30.2399
30.0638
29.5423
32.6873
31.4227
31.7471
