39.8994
39.3701
38.0905
39.4497
38.3504
39.1582
38.333
38.8299
39.3819
40.3591
39.2769
38.7739
38.9086
39.3475
39.5701
40.3511
39.7993
39.3561
39.722
39.2669
38.8337
39.9592
40.1603
40.6242
38.7576
40.1587
38.3829
38.149
39.8746
40.1518
38.3338
39.0288
39.3097
39.0512
39.1928
38.6345
38.9192
39.2502
38.6738
37.6926
38.3934
39.1905
39.1913
37.4327
37.3247
36.1931
37.5111
37.5938
36.1118
37.08
38.0204
36.1829
35.9662
36.7759
38.0256
35.5207
37.0352
37.2602
36.1236
35.9416
34.3794
34.3543
34.3238
33.8922
34.3574
36.2034
35.4274
35.2688
35.375
35.5807
35.5073
36.3016
36.5182
35.4347
34.9068
36.5651
35.0155
33.8379
34.0636
34.3152
33.8596
35.0587
35.8047
34.9796
33.9334
33.9171
35.2797
34.5853
35.4401
34.1385
35.5705
34.9202
35.2312
35.2635
35.1274
35.4015
35.5724
35.1468
35.608
36.2904
35.0377
35.4708
35.549
34.9846
35.6172
34.7911
36.3712
36.8147
36.8362
35.937
36.0756
34.503
35.6743
35.2996
34.0061
35.0604
34.6943
35.0503
35.7681
36.269
35.6396
36.2384
36.7449
39.2368
38.4881
37.7524
38.1983
37.7211
38.7177
38.3465
36.9103
38.5848
37.2118
38.8458
39.4747
38.7492
39.1587
39.2668
39.4425
38.9226
39.8144
40.1588
39.1538
39.4299
39.4488
39.3869
39.1624
39.104
39.4884
40.0714
39.0401
40.1353
40.0537
40.11
39.7947
39.8264
38.7437
38.9758
39.0643
39.4803
40.6223
39.1003
40.187
40.4231
40.8779
40.4736
41.0425
39.9945
38.6339
37.6557
36.6056
37.8681
37.0096
37.3697
38.351
38.137
38.5793
38.9081
38.9959
39.9505
39.8054
39.7207
39.8379
40.6533
39.7015
39.3102
39.5775
39.5611
40.181
40.2448
40.7663
40.6702
40.4176
40.4769
40.9088
39.7015
40.1008
40.4924
40.913
40.5978
40.5652
40.7225
42.1207
40.1793
41.0751
40.8558
40.7023
40.2166
40.1402
40.4509
39.9498
39.3948
38.9979
39.1956
39.565
38.8041
38.9268
38.3142
37.5253
37.6278
37.7955
38.1301
37.1135
36.6687
36.6668
37.1425
35.7672
36.6277
35.963
36.2949
36.4978
37.2772
37.0791
37.3885
37.562
37.9689
37.5161
38.1813
38.458
37.7595
37.8871
38.7961
37.0881
38.1513
38.5104
38.2996
38.2088
37.1754
37.8713
37.5677
36.6748
36.8584
36.6973
37.2848
37.1118
36.301
37.0226
36.3866
36.7792
36.4439
35.9841
36.8404
36.8337
37.163
36.9373
36.0153
37.6699
36.3918
36.7114
36.1719
37.4744
37.1159
37.803
37.1665
37.3633
36.9725
36.9648
37.0236
35.6491
36.1079
35.2175
35.4009
34.4108
34.9923
36.212
39.3632
37.6978
36.8284
38.9496
38.7579
38.0865
39.8251
38.8892
39.0326
39.0452
38.5973
38.5876
38.9072
38.8033
39.6978
39.1633
39.7364
39.5956
39.8977
38.492
39.3498
39.2706
39.7985
38.8534
39.565
39.4007
38.8476
39.0422
38.3418
39.018
39.5472
39.2004
38.4842
39.9073
39.2965
40.12
39.6262
39.7071
39.6966
37.9495
38.3435
37.6221
37.2338
37.5176
37.7741
37.5322
37.4234
38.142
37.4433
36.7378
36.3111
35.1953
36.3323
35.4295
35.1589
35.5154
37.1569
35.1862
36.4243
35.9516
36.0884
36.1702
36.3926
36.0598
36.063
35.2312
35.215
35.7709
35.5429
35.6035
35.615
37.119
37.9294
35.8364
35.4857
34.788
36.6541
35.2664
36.0887
35.2801
34.7647
34.4561
34.1556
34.0892
33.6768
34.7662
34.4155
34.1406
33.953
33.069
35.0127
34.4729
33.4041
34.1041
34.4154
32.7604
33.818
34.2647
33.1305
32.4789
32.7565
32.9148
32.0475
31.8926
32.1668
31.3595
29.9622
28.4472
29.0788
30.9606
31.438
32.2366
31.9236
31.9029
31.1242
31.0811
32.2314
31.3111
32.4049
31.2614
33.092
33.5037
32.0231
32.8578
32.1681
33.888
33.1827
34.9324
31.8537
32.724
33.3375
34.1774
34.9041
34.6897
34.0237
33.8381
35.177
33.7907
35.4956
34.6654
34.5254
35.9296
35.5634
36.0435
35.7417
35.6604
35.8621
36.8852
36.0233
35.612
36.9428
36.0385
37.6383
37.9385
38.3498
36.7978
36.0885
37.1294
36.2963
36.708
35.7329
35.6535
35.0707
35.8871
36.4279
36.559
36.6987
37.4007
37.836
37.5459
37.2464
36.4204
37.9261
37.7601
36.9949
37.0552
38.6567
38.1701
38.6131
37.4608
37.4505
38.3633
38.5631
38.5672
38.8582
38.7695
39.4234
39.8821
38.6169
38.4217
38.2939
39.7235
39.1673
39.3223
38.4576
38.3043
38.7605
38.4092
38.0283
38.7814
39.4305
38.8255
39.8151
38.7656
39.6145
39.1642
39.3398
38.932
40.2466
39.9021
39.6858
39.6532
38.5747
39.2169
38.6211
