21.5997
20.6515
20.0369
19.3048
17.2186
16.6312
16.4763
16.8178
14.3556
15.6191
15.6379
14.3805
14.4275
16.1434
14.5822
15.9826
15.5667
17.1039
17.2875
17.8076
16.9596
17.3391
16.5828
18.5567
20.3632
21.3105
22.6727
22.762
23.7232
24.6562
24.9825
26.9157
28.8306
28.5591
29.5792
29.8294
30.5573
31.2712
30.6331
31.63
32.2309
30.4604
31.3754
30.8243
32.7645
32.3812
32.4677
31.5261
31.2715
31.4494
30.5607
30.7551
31.3235
30.5001
30.4932
31.5553
30.8701
30.0696
30.7555
30.3858
28.9651
27.4504
27.8389
28.0417
28.0545
28.1337
26.2793
26.8676
26.7297
24.7061
23.4439
23.338
21.1106
21.1902
20.6714
20.5118
19.3083
19.1028
18.2131
16.9198
16.2702
15.9893
16.7729
16.7784
17.2186
17.3922
17.3133
17.2978
19.0552
18.4223
19.3793
19.532
20.2817
20.8283
22.8949
22.6104
25.1657
25.678
26.1004
27.5576
28.6411
29.5108
31.6296
32.4237
32.7556
33.5465
33.8231
35.8014
35.9489
37.4985
38.4077
39.2794
39.4777
40.7361
41.3003
41.362
41.8639
42.3141
43.7252
44.8282
43.8631
43.494
44.3724
44.0249
45.3305
44.4433
43.8537
44.7737
45.1073
43.9498
45.1362
44.2061
43.3658
42.9642
44.3765
42.2425
41.5306
40.6636
41.705
40.5304
39.5984
39.8387
39.0913
38.6248
36.4277
35.576
34.6481
34.5956
34.5238
33.335
31.8887
30.7956
29.1909
28.0657
26.9725
27.1383
26.7456
25.1028
23.7327
23.4764
22.3776
22.2221
21.1527
20.6887
19.8872
20.8181
18.9833
19.0216
18.9463
18.3226
16.992
16.4509
16.3157
18.0583
16.5772
16.8576
18.5662
16.5504
17.6042
18.0908
17.9722
18.1402
17.8645
18.3966
18.6407
18.9902
19.1271
19.7558
19.8748
18.689
19.5943
19.1919
19.5618
19.8429
19.1223
18.7205
17.6777
18.8699
18.6812
19.9154
19.5979
19.8945
19.0052
19.034
19.3297
19.7
18.9161
20.0115
18.5947
19.1635
17.8097
18.6918
18.7472
18.8919
16.836
17.6386
16.5284
16.6427
18.1866
17.5892
17.5468
17.3449
17.4804
17.7445
16.7624
17.6179
18.3934
18.3376
18.1176
19.3845
18.7916
18.9821
20.0444
19.8067
20.3963
20.2828
21.9308
23.0044
23.3561
23.4064
24.4674
25.108
26.1379
28.1258
30.1697
30.2052
31.488
31.8863
33.8409
34.8471
36.5344
37.2647
36.5962
39.6071
40.0859
40.5214
42.2203
42.8913
44.5638
44.6282
44.3402
46.6777
46.111
47.2541
48.8816
48.2977
49.1959
48.6779
49.53
50.4297
50.8487
50.8283
51.1445
50.7826
50.5146
50.7824
51.598
51.0173
51.388
52.0408
51.2509
51.8098
51.3346
51.5672
50.9318
51.5955
50.3099
50.1736
50.4209
49.7102
49.7249
48.4582
49.0813
47.9765
47.4779
46.2105
46.2449
45.7182
44.5239
43.7387
