47.1506
48.9731
49.0057
50.8
48.5494
49.9908
47.844
48.4719
45.3435
48.7909
47.957
49.8244
48.1321
50.9063
48.8835
49.6778
47.0708
49.0282
47.6785
49.9011
48.2719
49.7814
48.3874
50.451
48.6012
49.2401
48.1927
50.0235
48.969
51.0306
49.4974
47.903
46.074
47.7812
46.7921
49.6492
48.0088
50.5632
49.1904
49.7686
46.7607
48.5741
48.0783
51.0212
49.154
51.9689
49.1858
49.6286
46.9484
49.6764
48.6331
49.4787
48.0376
50.1428
47.2306
46.8588
44.3737
46.9262
47.2089
49.6507
47.7501
50.8161
48.922
48.7736
46.109
47.689
47.999
49.0501
48.3217
49.6371
47.2203
48.7854
46.8988
49.5154
48.3824
50.1285
47.597
49.3846
48.1123
47.9805
44.6561
47.1083
48.0472
49.3413
46.9654
48.7772
46.4886
46.3648
42.9071
46.0098
46.0222
48.6278
46.8062
47.9575
47.5065
47.4524
45.7939
48.1178
47.1499
46.6982
44.7421
47.5692
46.7827
47.7182
45.4337
48.3504
46.4442
48.7734
45.2513
47.7182
45.798
46.8252
44.9905
47.7771
46.4453
49.0256
47.1125
49.2874
47.4379
48.6355
46.3463
48.5173
48.6385
51.0013
48.3224
49.9349
47.7016
47.6012
43.8576
46.3688
45.4694
47.6648
46.2559
48.4605
46.3907
47.5296
44.6823
47.6711
46.8791
47.9942
37.1182
37.5207
38.4853
38.8615
37.1001
37.7074
37.0856
37.9841
36.8881
38.7814
37.4218
37.8257
36.7097
37.1751
35.4807
35.9576
35.2817
35.9192
35.4686
36.0168
33.6375
35.7796
35.4584
36.8356
35.2259
35.9896
35.5825
36.9164
36.4236
35.6098
35.3354
37.2709
38.0505
38.7585
37.7923
37.9781
36.2093
36.9776
36.0842
36.5771
35.0464
36.6799
36.4511
37.6722
37.0979
38.1483
38.1688
37.7318
35.8047
36.6765
36.1031
36.985
34.3723
35.3689
34.6631
36.2001
35.6419
36.6448
34.7105
36.0722
34.3797
36.2831
36.5512
36.5325
35.7912
37.5453
36.4062
37.348
36.5424
37.2811
37.1073
37.5002
37.1315
38.2235
38.4375
37.7999
37.2103
38.978
38.7009
39.3601
38.0944
39.1386
38.8475
37.9985
35.6947
37.359
36.4075
38.0973
38.2427
38.9057
38.2243
38.5558
37.7365
38.8482
38.5501
38.7521
39.5142
40.5525
40.6968
41.6238
