29.6729
29.6729
29.6729
29.7561
29.2692
29.7259
29.6198
28.2134
28.7323
29.6934
30.0326
29.6563
29.9149
29.8153
29.2743
28.892
28.4872
28.7973
28.4951
28.7567
27.7386
27.6333
28.6023
28.2072
27.6168
26.3993
26.6619
26.7264
27.1817
27.4653
27.5826
26.6758
27.13
26.3319
26.1013
26.9498
26.4019
26.3141
26.2065
27.5423
27.9723
28.0471
28.1554
28.5866
29.2253
29.0305
29.2087
29.4055
29.6114
28.2913
28.2787
28.1776
28.8817
28.6306
28.1058
28.4149
27.9246
28.6793
28.6566
27.8107
28.2044
28.0036
27.7749
28.4084
27.7319
28.5664
28.2092
27.9426
27.3061
27.8503
26.6332
26.7241
25.6769
25.778
25.7716
26.1992
25.9969
25.9416
26.6736
26.4581
25.5
27.2573
26.7551
25.8487
27.1164
27.7639
28.7166
28.1511
28.1466
26.8726
27.5602
28.2601
27.4681
26.8298
27.9466
29.1943
28.7988
30.0499
29.6726
29.0358
28.1694
28.6294
29.487
28.4777
28.7177
27.2961
27.5629
28.1622
29.2683
28.8973
28.651
28.0444
27.8102
28.4036
28.0901
28.2433
28.4867
29.0518
29.6525
29.156
29.5075
29.5406
29.9579
29.8237
28.5936
28.7406
29.5221
29.1606
28.7718
29.0049
28.9385
29.7241
30.1738
30.0469
29.7599
29.1235
29.0594
29.7659
28.234
28.7908
27.8423
27.0052
27.2378
26.7647
26.5408
26.6039
25.5363
25.6499
25.2606
25.7723
26.9807
26.6915
26.1607
26.9388
27.7275
26.9933
27.145
26.2173
26.5479
26.5238
26.7079
26.1874
25.1109
25.3726
24.4166
23.341
23.3977
24.1626
25.3512
24.2932
24.555
24.1135
23.8513
24.4104
23.9057
22.9632
23.3733
24.0548
24.0105
23.8646
24.6331
24.7485
25.5299
25.1609
25.494
26.0759
26.0947
25.6274
26.2092
25.2894
25.5183
24.7306
22.9805
22.6406
22.8179
22.1276
23.0597
22.4103
21.9274
22.3545
21.3836
22.5187
22.4575
22.7551
21.6238
23.0289
24.3573
23.2793
24.5443
24.6005
24.6689
23.9413
24.7344
24.1693
23.511
24.198
24.9304
26.3653
26.5929
26.7631
27.9268
28.4921
29.0705
28.2007
28.348
27.8389
28.9576
28.6258
28.896
28.7891
28.3659
29.3992
29.4777
29.5267
29.8815
29.9801
28.8215
29.6615
29.3975
29.9838
29.5549
29.4928
29.8413
30.1771
30.2019
29.2513
30.0012
30.0733
30.0596
29.0076
28.4709
28.7916
30.2278
28.6272
30.9365
30.2571
30.1966
29.0624
30.1052
30.3466
29.9802
29.8325
29.6527
29.6501
29.1609
29.3177
29.1776
28.5817
29.1128
28.4048
28.7938
28.6414
28.8284
27.6391
29.6514
28.6302
29.6671
29.7469
28.8527
28.8194
29.7045
28.1895
28.6363
28.304
28.1738
27.8897
29.1364
28.7902
29.0051
28.8311
28.4532
28.195
28.1405
27.6457
27.5163
27.8637
27.3535
27.4766
27.4758
28.067
27.8829
26.671
27.4814
28.6553
28.4246
27.9039
28.2386
27.9474
27.0244
27.9005
28.1801
26.9047
27.8838
28.323
28.3857
28.0294
27.8999
28.9725
27.8925
27.5672
28.4364
28.0534
28.487
27.317
28.2038
27.8042
27.5229
27.6273
28.7729
28.5282
29.33
29.4493
27.6275
28.2295
29.0989
28.4607
28.716
28.1743
28.3045
27.7385
27.6244
28.7732
28.6064
28.4286
29.0446
28.7302
28.522
28.6046
28.7636
28.5779
28.0245
28.6429
29.1054
29.0492
29.5023
28.9971
29.894
28.8653
28.3526
29.7413
29.966
29.7151
28.4755
29.5994
29.3203
28.99
28.7037
28.6216
27.8863
27.3487
28.0168
28.47
28.7716
28.5904
28.4502
29.3191
29.1479
28.8833
28.5146
28.4817
28.1249
28.0704
29.7015
28.1008
28.1606
28.8933
28.8397
28.6943
28.2572
28.7587
28.7893
28.4626
28.1703
28.8138
28.3876
28.6925
29.1482
28.8802
29.4659
30.38
30.105
30.2628
30.0651
30.1328
29.447
28.8942
29.9163
29.2027
30.1748
29.5787
30.2652
28.9936
28.8964
29.272
28.235
29.6344
29.3089
29.5536
28.0632
27.4804
27.8727
28.1342
28.8545
28.8836
28.9457
29.1217
27.4814
28.3215
28.5459
27.924
27.8192
27.2542
28.2876
28.7538
27.8305
28.4873
29.0964
28.2313
28.6903
28.3308
28.6752
27.8379
27.925
28.496
28.426
27.5308
27.5915
27.1594
28.2543
28.0925
27.9062
27.5354
26.9032
27.8797
28.5876
28.6028
28.3852
28.546
27.0794
25.4763
24.7849
25.855
26.3195
25.9817
26.4771
25.5825
25.1863
26.6445
26.5099
26.2075
25.7056
25.6354
27.2001
26.7495
27.0396
26.9613
27.9755
28.0188
29.0395
29.1101
29.0056
29.9796
30.475
30.1956
29.775
29.7522
28.9061
29.1859
29.253
28.9646
27.5572
28.2193
28.0855
28.5662
28.0242
27.1605
26.6446
26.3346
27.029
27.9911
