35.6173
35.6173
35.6173
35.8923
35.2165
35.7987
35.8738
35.4375
34.183
34.8302
35.3968
34.9471
36.2576
35.7534
34.8512
35.7757
33.9615
34.4344
34.2228
33.7288
33.4511
33.6354
33.8688
33.3657
33.5422
33.4277
32.6024
33.229
33.6013
32.7478
32.8452
33.0515
32.4361
32.643
32.8916
32.913
33.2977
31.9848
32.4473
33.2255
33.7537
34.3998
35.2639
34.4101
34.093
35.0173
35.3366
36.3191
34.972
35.289
34.2895
34.552
34.5341
34.9322
34.4977
34.3878
35.2353
35.1242
35.61
34.2204
34.0771
34.5866
34.3216
35.3063
35.3952
36.3328
35.1298
34.5647
34.0016
33.6192
34.1718
34.0385
33.2581
32.9181
32.6897
33.9266
33.179
33.149
33.5282
33.6355
32.9517
34.55
33.7176
34.02
34.7485
34.8303
34.6392
35.0334
35.9542
34.8543
34.3684
34.6921
34.6891
34.6724
34.5077
35.4153
36.4575
35.5836
36.3088
36.1144
35.8763
35.3053
34.689
35.1458
34.9798
33.3298
33.5043
34.7853
35.6557
35.1952
35.4483
35.4007
34.9565
34.7663
34.8534
35.5819
35.9955
35.3426
35.5971
36.3035
36.3855
36.5962
36.6018
36.9009
35.8489
35.0575
35.6007
36.1039
36.2551
35.2653
36.5321
37.4246
36.3039
37.3386
37.0673
35.9515
36.2777
36.8487
36.0697
36.5584
35.8029
34.7546
35.0661
34.6248
34.826
34.5875
34.396
33.7311
32.9862
33.5922
33.8216
34.0881
34.0236
35.1641
35.6208
35.5843
35.1364
34.4286
34.4152
34.9945
34.6552
34.991
34.6823
33.4717
32.8556
32.1305
31.5779
32.2045
32.0915
32.0559
31.8108
32.19
32.998
32.7598
32.5678
32.223
32.1492
33.0317
33.493
32.3237
32.9545
33.1536
34.4444
34.7488
36.1516
35.8967
35.9559
35.4511
34.9829
34.7107
34.7012
34.6201
32.078
31.9738
32.24
32.583
32.8726
31.8984
31.6543
30.8902
30.3383
31.3264
31.4052
31.8517
30.7725
32.3283
32.9512
33.2195
33.6362
34.4082
34.4249
34.2751
34.0485
33.6463
33.1163
33.1538
34.5922
35.6434
35.5119
36.4843
36.5093
36.2519
37.2849
37.6816
35.9728
36.2703
37.1334
37.7904
36.9407
38.5909
37.6937
38.1716
37.8713
38.5354
39.2333
39.4897
38.4077
37.885
38.3419
38.9679
38.6814
38.2289
39.5076
39.6884
38.7153
37.9161
38.0483
39.3554
38.8666
37.6755
37.353
38.2282
38.7632
37.117
38.2812
39.314
39.0323
38.4264
39.3906
39.5204
38.9935
37.9351
38.4607
39.0175
38.2786
38.5628
38.7608
38.4848
38.3481
38.2065
37.3423
38.6174
38.4287
38.4883
38.7559
37.7896
38.8386
40.1248
38.4321
38.4581
37.436
36.4342
37.8121
36.5777
37.7231
37.5796
38.6213
37.9782
37.1825
37.8502
37.8886
37.9534
38.141
37.6896
37.0604
37.9252
36.9433
38.2457
37.3821
37.9661
37.9684
37.7423
37.7925
38.3562
38.6211
37.6144
38.1048
37.7482
37.2051
38.3535
37.5913
38.469
38.7007
38.4333
39.1326
38.4395
38.0152
38.8247
37.3638
37.7778
38.5426
38.8011
38.0341
37.9482
37.9247
36.9816
36.6428
38.856
38.7677
40.1196
40.1009
39.3707
37.3511
38.1418
38.5405
38.5036
38.1113
37.504
37.8888
38.1244
37.7092
39.0865
39.0319
38.1523
38.133
38.0101
39.3057
38.3445
38.8276
39.0379
38.7409
38.9051
39.6136
39.2475
39.1451
40.0377
40.1094
40.1365
39.3489
39.7882
40.4958
39.3984
38.5049
40.1452
39.783
39.601
39.7611
39.8117
38.7851
38.4937
38.0918
38.8136
38.9288
39.0572
38.6664
39.927
39.1517
38.5212
38.8857
38.3936
39.5901
38.7269
38.9069
38.7126
39.2715
39.4496
39.1559
39.5584
39.0269
39.9463
40.1463
39.6942
39.5476
40.4997
40.3153
39.6946
40.6127
39.9929
40.2279
41.2593
41.4947
41.7807
39.8969
40.3721
40.0758
40.2605
40.6256
40.4897
40.5013
40.2145
40.1253
40.2937
39.6843
40.5104
39.9558
40.6517
40.4711
39.7411
39.228
39.3364
39.4971
40.3055
40.0006
41.0574
40.0824
39.9311
38.4537
39.4199
39.5222
39.6794
39.964
39.9287
39.7178
41.2637
39.7302
39.0521
40.0157
40.1001
39.7566
38.9
39.1839
38.2532
38.9558
39.9131
40.1112
38.4268
38.1201
37.6083
38.4803
38.6411
38.7362
38.5576
39.0526
39.0885
39.014
40.4805
39.4464
39.0012
39.2861
37.3985
36.6653
37.0934
38.1421
38.1578
37.4183
37.4669
35.5605
37.6973
37.724
37.1584
37.3217
37.5868
37.5515
37.1226
37.6054
37.4871
37.3215
38.8638
39.5686
38.6996
39.8243
40.682
41.0372
40.595
41.0911
40.1033
41.4977
41.5197
41.1093
40.4212
39.153
39.0277
41.3407
39.6708
39.9946
37.7892
36.8011
38.5255
37.8571
38.2443
