38.1759
39.7856
38.2173
39.791
38.8076
39.5748
37.4081
37.442
35.8542
37.9747
37.6423
40.2717
37.5442
39.7286
38.3117
38.6451
36.378
38.3004
38.3954
38.476
38.965
39.8466
39.148
39.9898
38.6976
38.014
35.7127
35.2774
35.4139
36.8633
36.94
37.5364
35.9657
38.2414
36.9208
37.3606
37.1327
38.0675
37.589
36.9723
36.3685
36.0789
36.2377
35.9092
36.0032
35.1838
36.4167
36.3763
36.0546
36.9507
36.7927
36.282
35.8808
35.241
34.0144
34.5459
33.3729
33.8748
33.4735
34.2503
32.8001
34.0828
33.6876
33.5608
33.6969
33.9315
34.0555
34.9101
34.8236
35.1945
35.8325
35.9644
35.0583
35.133
34.4055
35.2505
34.1128
35.1036
34.3786
34.1762
33.1664
34.3348
34.4951
35.5699
35.2229
35.454
34.2609
34.1684
33.6606
35.4664
33.9497
35.0338
34.563
35.3952
35.4196
36.2509
35.8046
35.7078
35.7069
36.0258
35.3187
35.1368
34.37
34.7663
34.8738
35.6512
33.806
35.2857
36.4636
37.1785
34.7897
35.0545
34.1329
36.2247
35.1735
35.5181
33.8646
35.7812
36.1869
37.1418
35.3703
35.0092
33.8923
33.4391
32.8024
34.2888
34.6229
35.1617
35.2137
34.5839
34.9897
35.6688
35.8286
35.7546
34.4634
34.9007
35.8492
36.0126
35.221
36.1336
35.1139
35.518
35.8006
35.5222
34.42
35.6245
34.911
35.8349
35.9911
35.2514
36.6189
38.0685
37.9097
36.1076
35.0476
34.61
33.2231
34.9503
35.3831
35.5701
34.0693
35.3066
36.357
37.028
36.2283
36.2756
35.9663
36.5792
35.026
34.8321
35.5997
36.8426
36.5608
35.35
34.8857
35.2814
35.1378
36.4636
35.6144
35.9183
34.9946
35.9845
35.9352
35.711
33.5644
34.8176
34.8969
34.8711
34.5066
34.1379
34.2812
34.7911
33.3455
34.7487
35.423
35.1301
34.8131
34.5643
34.1063
35.306
33.01
33.7792
33.862
32.7216
33.3607
33.4322
33.2684
33.6452
33.2751
33.6479
33.4556
34.0432
33.65
33.3494
32.2753
32.9578
32.0967
33.6582
32.6125
32.5754
31.768
32.6865
31.9283
32.2504
32.1972
33.0742
33.9704
34.0121
34.5776
34.5646
34.9364
34.9961
34.8314
35.8488
35.7483
35.232
35.034
35.1193
34.8223
34.8966
