48.8626
48.0282
48.5538
48.4182
49.5943
49.9391
49.8473
48.365
47.5239
49.3078
48.7014
48.1421
48.0706
48.6666
49.0388
49.3624
49.5006
48.5602
48.5879
48.4543
48.0322
47.6585
48.3207
48.6282
50.1753
49.4061
50.1647
48.7091
48.0721
47.731
50.1982
50.6493
49.8554
49.7552
48.4647
49.0953
49.0142
49.9131
47.9979
49.5249
50.1563
47.8182
48.8305
49.3222
49.4503
48.0377
48.3867
49.4097
49.4391
48.5347
48.5961
49.9931
49.4074
48.4751
49.3015
48.6564
48.0172
50.2741
48.9085
48.9474
50.1166
49.3683
49.2008
51.0984
48.6572
48.5319
50.395
49.1209
50.5142
50.4065
49.8121
49.4302
49.0265
48.4076
49.7337
49.0185
50.7187
49.8785
50.0544
48.5239
48.3595
48.109
48.205
48.2761
49.2831
49.7777
48.9082
49.6124
48.862
49.14
49.2381
47.9352
48.512
49.3597
47.895
49.9032
48.9948
50.0169
48.7714
49.7656
48.7135
50.4888
49.6001
50.2344
47.9762
48.9212
46.4172
47.3213
47.7502
49.4224
48.9687
48.3863
47.8778
48.4008
47.7646
48.8095
48.3175
49.1126
49.5204
48.0276
48.7454
49.0039
48.1138
49.2643
47.9636
49.8017
50.1238
49.7722
50.5307
48.926
49.3864
49.0134
50.0263
50.3862
48.3389
47.9251
49.2738
50.7429
50.1077
48.9398
48.4549
47.7391
49.3294
50.1288
50.2807
50.0948
48.8436
49.6012
51.1028
49.7822
49.5437
50.1105
50.812
50.6794
49.1517
49.6397
50.7679
50.9204
50.6832
49.5502
52.0574
50.9153
51.0905
51.3619
51.0686
52.6733
52.3056
54.0363
52.5234
52.3667
50.9212
52.0912
52.5315
53.3331
54.1904
51.7207
51.2476
51.6241
53.3386
53.8282
53.4731
52.7115
53.4713
54.3345
52.9005
53.4504
53.5265
55.2962
52.6819
54.054
54.7304
56.8623
55.4777
55.9077
54.9605
57.444
56.1775
55.7505
55.6928
56.3705
54.9128
56.7868
56.7336
58.2815
55.9421
56.6982
56.7341
56.9078
55.3225
58.6645
58.7146
57.5691
57.4049
55.7693
57.3924
57.9322
57.9268
57.7015
56.9647
57.3164
57.7979
58.7701
59.2964
57.7406
58.0003
57.9733
58.9603
59.1554
61.2945
60.7013
60.5572
60.2445
59.4105
58.7957
60.5081
59.5622
59.8194
60.7463
60.2535
61.4318
59.4801
60.9324
60.7397
60.4512
60.2303
59.4772
61.4508
60.1414
60.2734
60.2291
59.5206
59.6223
59.3492
59.8956
60.6768
59.1322
60.1873
59.3284
59.2155
60.1452
59.0245
59.407
58.8135
59.6994
58.5538
59.5649
58.6664
59.3215
58.7152
59.5835
58.89
59.161
60.1328
58.7336
58.3226
57.7309
57.986
58.627
58.3333
59.5065
59.1237
58.5122
59.3372
58.3228
58.9303
58.2319
59.1773
57.9132
58.1399
57.5007
58.9249
58.4873
58.9419
59.2305
58.596
58.663
58.6818
58.7874
58.2517
58.7355
57.8567
57.7632
58.7003
58.1136
58.5163
58.1578
58.5255
58.3294
58.5584
57.4278
58.4597
56.9962
58.1119
59.1758
58.7283
58.1968
58.7555
58.0342
59.3109
58.8739
58.2894
58.9861
58.3852
58.888
58.6661
57.797
59.5426
59.306
59.6099
59.8311
60.1891
58.5275
59.6639
58.3657
59.1057
58.1708
60.1846
58.0999
59.8487
58.7164
58.9046
58.7248
59.8902
59.4797
60.4375
59.1828
60.4142
60.1616
60.8489
60.5203
61.0861
60.2935
60.5948
59.4116
58.6894
58.9323
59.2808
58.0636
59.7206
58.8878
58.2201
59.6157
59.7448
60.9624
61.1054
60.5353
60.3952
60.3729
59.2957
60.5016
59.7573
59.3577
59.1934
58.8753
60.3238
60.7362
61.6901
60.3987
58.3282
60.5144
59.2084
59.2797
60.1885
59.6647
60.5427
60.1734
61.3006
60.3914
59.5569
60.1896
61.1514
60.5717
60.181
59.9459
60.2712
60.8189
61.0604
60.5625
60.8248
61.1566
60.6476
60.3381
61.3027
61.2936
60.488
59.6158
60.2309
61.3497
60.9562
60.0312
59.7288
59.8829
59.0546
59.4472
59.5781
59.3185
59.4447
59.7179
60.1079
60.3614
59.665
59.5675
59.2959
58.9945
59.8879
59.3143
58.7646
60.0458
59.3085
59.9062
59.8977
60.7774
59.0744
59.6319
59.7194
61.2183
60.0847
59.4765
59.989
59.7571
60.2007
60.0044
59.7125
59.9489
59.7569
60.6428
59.8859
61.2314
60.3136
59.9443
60.7524
60.1239
58.6236
58.9335
58.9725
59.3351
59.3867
59.2517
58.9952
60.1198
59.976
59.7563
60.0006
59.7862
60.8421
59.9385
59.7515
59.5481
60.27
60.5056
60.8288
59.6415
58.9145
58.8426
58.7926
59.2125
58.8729
58.0412
58.3926
57.6212
58.282
58.309
58.3751
58.8619
58.3715
58.6272
58.7234
58.9242
59.3408
59.3298
58.9195
59.2146
59.0969
58.7383
58.8946
58.4098
58.589
58.0841
58.2455
58.8287
58.4222
59.1922
57.5816
58.6363
57.7065
57.9832
58.5979
58.2803
58.5717
58.6799
57.8643
58.4354
58.5394
58.5133
58.1428
58.3437
58.5945
58.0246
58.9048
58.5637
58.3078
59.2306
59.0839
59.2176
58.7719
58.6438
58.4626
58.8409
58.6077
59.1783
59.0684
59.3362
59.6888
59.6059
59.8522
59.2031
59.0539
58.5829
58.29
58.5241
58.9637
59.069
59.135
58.5198
58.64
57.8103
57.9672
57.7827
57.9694
58.5458
58.3735
58.272
57.4396
58.2954
58.2172
58.7469
58.4627
58.0416
58.0554
58.5317
59.2062
58.4203
58.9684
59.5058
59.6085
59.2176
59.1345
58.1085
58.9863
59.4456
58.7906
59.2088
59.2515
58.6904
59.677
59.4417
59.5129
58.6061
58.6092
58.9463
58.8211
58.552
58.6874
58.1804
58.4395
58.786
58.3927
58.6079
58.7223
58.7282
58.3555
57.9649
58.7727
58.6544
58.3366
58.0304
58.1956
58.7013
58.5863
58.6179
