12.1737
11.9545
11.8663
12.8187
12.1094
12.049
12.09
11.9192
11.7777
11.6939
11.2632
11.0066
11.0092
10.2161
9.36106
8.91129
7.97216
7.72672
7.04118
6.48906
6.29336
6.11545
6.1886
5.83701
5.84238
6.09072
5.66399
5.89091
6.3658
7.09672
6.85277
6.25587
5.29034
4.00047
4.76944
4.06222
4.08058
3.9198
2.3118
1.84507
1.03399
0.560402
1.21244
-0.26709
-0.681121
0.27716
0.645298
1.06832
1.66036
2.78086
3.6414
4.9441
6.04763
8.82829
9.40548
11.1313
12.2131
11.7695
13.0472
13.8157
13.5091
13.7992
13.5791
14.2837
13.4207
14.5757
13.9005
14.5067
14.2639
14.4584
14.3072
13.9746
14.8667
14.8115
15.4344
16.3491
16.1574
16.0786
17.3281
19.3742
18.5547
20.2131
20.9551
22.3893
23.7125
24.3457
25.2673
25.2376
28.0442
28.7729
30.5486
31.0172
30.8681
31.5633
31.202
31.1177
33.2575
33.1513
33.0682
33.7235
33.3587
35.1895
35.3422
36.8342
36.5105
35.055
35.893
36.9821
37.2971
38.0583
37.1942
37.9426
37.8224
38.424
38.9589
39.0967
39.3293
39.3182
39.9503
39.4532
41.1305
41.2571
40.5452
42.0541
41.8297
42.0586
42.585
42.2908
42.4198
43.2712
43.2085
42.403
43.5489
43.5526
43.3779
43.1696
44.0075
43.1607
42.7893
42.6347
42.4373
43.0318
41.6203
41.8489
41.5355
40.8784
41.8222
41.7745
41.55
41.9857
40.6577
41.0124
40.8811
40.5883
40.3347
39.6413
41.414
40.9783
41.5145
40.7842
41.2508
40.5868
39.9407
39.5515
38.4595
37.4949
36.743
36.9396
36.1279
34.495
33.6566
32.5876
33.0493
33.3695
31.0703
30.0637
29.7145
30.0786
28.6747
27.2165
27.1107
25.4668
26.4281
24.7259
25.6796
24.3012
24.5961
24.5729
24.6436
24.0487
24.8254
23.3282
24.4372
23.0671
22.5782
22.7771
22.2028
22.2751
21.943
21.721
20.6374
21.1908
20.4554
19.9226
19.0621
19.8591
17.2942
16.5547
16.1301
15.9785
15.3839
14.7601
15.2677
14.6296
14.8628
14.3053
15.2517
15.2882
14.3106
14.6493
14.7944
14.7562
13.6232
13.2375
13.183
14.2812
14.7732
14.9029
15.9697
15.192
13.9441
14.3623
13.4797
13.0054
13.4537
13.8474
12.6497
12.3605
13.0974
13.1803
13.9309
14.9462
14.0196
14.4466
15.074
15.3532
15.3839
15.0428
15.0926
15.7673
16.2776
15.7548
16.9305
17.0622
17.3961
16.8232
17.4813
17.2937
17.1916
16.2662
17.1839
16.8185
17.21
17.7854
17.8751
16.8018
17.1146
17.8671
17.2983
17.322
17.3154
17.4343
18.3761
19.2517
18.6136
20.1684
21.3127
21.3813
21.2229
20.8002
21.0947
22.3757
23.2685
24.1905
23.088
24.5966
25.5998
25.4803
25.0907
25.625
26.9189
27.1086
26.9666
26.8477
25.5113
25.4253
24.9901
24.5908
23.9948
24.9378
23.7247
24.3165
23.9951
22.9347
23.5962
22.9889
23.7996
24.4754
24.9721
24.2541
24.6448
25.0027
24.4199
25.2522
24.5032
25.3444
25.2997
26.9293
26.7721
27.1955
25.8174
26.415
26.6404
26.3208
26.216
25.3359
25.3056
25.619
25.5235
25.4263
24.4052
24.0713
25.4102
25.5489
25.5656
25.8608
26.107
26.1248
26.2009
25.2877
25.0566
25.9893
27.214
26.8074
27.184
27.746
27.0737
27.0025
27.2028
27.4248
27.6147
26.8007
27.2137
27.2535
26.6754
26.8685
26.2919
25.9251
25.2364
25.5775
25.6104
25.841
25.2134
24.6532
24.8379
24.3757
24.0702
24.707
24.8982
24.6809
25.1185
24.9544
23.9103
23.9849
24.119
24.0017
24.426
24.3612
24.3679
24.4532
25.0586
24.7403
25.4069
25.5278
26.1127
25.3263
26.7288
26.1059
26.1352
26.0896
26.1538
27.6142
27.7633
28.6006
28.1991
29.0335
27.7894
29.5091
30.5869
29.8765
30.5448
29.8188
31.2239
31.5728
31.4579
31.1499
33.1209
33.5933
34.2346
35.3144
36.3755
37.1863
37.3303
37.8212
38.0668
38.9772
39.8624
40.1933
40.2971
41.128
41.269
40.9941
41.2286
40.9892
41.1947
41.3876
40.7004
41.6981
41.5286
41.3263
40.7613
42.141
41.6054
40.9765
41.1855
41.0133
41.739
41.4411
41.272
41.5927
41.7474
42.7008
42.3933
41.7272
42.3309
42.5869
42.7744
42.3231
42.7876
42.5553
43.9836
43.5007
43.3248
43.0483
42.2788
42.1128
42.4005
40.7354
40.2586
40.2151
40.5487
39.6486
39.6537
38.4443
37.7522
37.6167
37.4635
36.2011
36.5263
36.5211
36.4698
35.2685
35.161
35.0058
34.2721
33.2844
33.2178
32.3196
32.6732
31.5621
31.779
30.9853
30.4172
30.3321
29.0704
28.4154
28.4642
26.9473
27.2414
25.6164
25.5597
25.5781
24.2394
22.7718
22.9965
21.7911
21.6922
21.4551
21.1179
20.2694
19.6019
20.2354
19.5984
18.0757
17.4857
17.5157
15.9049
15.7441
16.7092
16.4855
15.5392
14.5807
15.1974
14.5827
14.1993
14.3361
13.8676
14.3335
13.8259
13.3802
12.7987
12.5941
12.8716
12.1863
13.1359
11.6441
11.0634
10.5465
10.4179
9.35323
10.0968
10.0431
10.0732
9.99727
9.37499
9.56584
8.8309
9.05053
9.17396
9.37421
9.34222
9.27539
9.46197
10.7401
10.32
10.9479
10.759
10.7193
11.1119
11.5316
10.8622
11.9166
10.7725
11.1591
11.9253
10.9491
11.263
11.7325
11.3664
11.6963
10.5878
11.1915
10.2634
10.61
10.9934
10.4911
10.2674
9.8281
9.37328
9.37249
9.72549
8.93711
8.67952
8.64891
9.65946
10.3011
9.77983
9.71309
10.7885
10.0152
9.81604
10.6268
10.5444
10.7243
10.8422
10.1922
10.7675
11.0295
9.99551
9.64806
10.0693
11.3853
9.23388
10.3305
9.41927
9.83312
8.71405
10.7129
9.73238
9.575
