45.6295
46.4349
46.3084
45.8622
47.0509
47.0419
44.7933
46.5862
47.5955
46.3009
47.5389
47.953
46.0299
48.2378
48.2976
46.7704
46.9518
46.8107
45.8267
46.4812
46.7753
46.3123
46.0903
48.3603
48.451
49.7795
47.8772
47.7741
49.3995
47.4163
48.3311
48.4552
49.2056
47.1829
49.0968
50.2805
47.3144
50.478
49.3502
47.9329
48.5791
47.8889
46.7716
48.8606
49.3294
48.0369
49.4757
49.7514
48.0674
50.3118
50.4502
48.4594
50.6875
50.2833
47.6433
50.8237
49.2845
47.2007
50.0371
51.743
49.533
52.2507
53.0801
49.2745
51.7835
51.7364
48.4414
50.6573
50.1479
48.0225
50.5723
49.5639
47.6172
48.2877
48.9657
48.5584
48.5667
50.4168
47.0011
48.8638
48.2165
47.6086
51.1173
52.1885
49.2599
52.5486
51.848
48.092
50.4841
49.623
47.2476
50.3318
50.5463
47.9357
50.8102
51.7306
49.3573
51.5508
51.7465
49.347
50.4952
49.297
48.1016
50.6987
51.4255
48.2283
50.2825
50.3823
47.893
48.3387
48.5447
46.8504
49.4111
49.8717
47.1591
49.4703
49.1594
46.2966
49.1275
49.5453
48.3866
50.5073
51.3682
48.2632
49.1015
48.2065
46.4009
47.917
48.5454
46.2203
47.8112
49.3738
47.2165
50.6015
49.6537
47.9736
49.9676
50.5336
47.4529
46.9629
54.0585
54.6365
53.7464
53.0794
52.1065
53.0888
53.3714
51.6564
51.2397
51.9354
49.8057
50.4293
51.2079
48.8948
49.1559
49.5106
48.1418
47.1939
46.7314
44.5261
44.3911
43.8189
42.5876
42.5584
41.496
40.3808
41.565
42.0755
42.7859
42.9619
41.9132
39.7018
41.3223
40.8749
38.8373
40.3389
40.6761
39.6546
40.3346
40.3736
41.2311
41.2498
41.8822
40.4547
41.2327
41.3269
40.2069
40.9674
41.5338
40.8619
42.8821
44.3894
44.1766
43.4432
42.1673
41.3035
41.355
40.3115
39.8205
40.2403
40.6046
40.0156
42.2813
42.9707
42.7617
43.289
42.3199
41.7778
42.1842
43.628
41.7642
41.6566
42.0653
41.9142
44.2347
45.668
46.5857
46.1378
44.949
44.0231
44.3559
44.1537
43.8231
42.6803
42.5999
43.5131
45.9274
47.2536
50.8073
47.3245
47.1603
45.1014
42.8757
43.0876
44.88
43.6204
43.7526
44.5059
48.7
55.8868
