30.9743
30.4831
30.541
29.6851
30.4187
29.2764
28.9559
28.1731
28.2594
27.2856
26.4799
27.035
25.2926
26.0169
24.5207
24.3335
24.6813
24.2064
23.19
22.5166
23.0689
21.4718
22.5054
21.8114
21.3361
21.4902
21.8287
21.5717
21.2677
22.2768
21.6507
19.8997
19.4181
18.0105
17.8585
18.4116
16.7108
16.4288
14.5523
14.5437
13.4033
12.8863
11.4496
11.2681
11.0694
9.69442
11.6504
10.9209
11.9384
12.785
14.255
14.5961
16.145
18.062
18.3995
19.1801
19.5213
20.5258
20.8401
20.0503
20.7526
19.8095
20.2298
20.4923
20.4778
20.1353
19.0197
19.5536
18.2927
18.7625
18.9859
18.4637
18.568
18.4267
18.9488
19.023
18.4704
18.7316
19.9562
20.7569
21.0869
21.1106
22.7801
22.7589
22.919
23.996
26.151
25.9569
28.098
29.3081
30.3454
31.1699
30.7587
31.1676
30.6993
31.1141
31.7423
31.5423
32.4831
32.3185
32.5842
33.273
34.283
35.3009
35.2253
35.4407
36.6743
36.7002
36.1986
37.3563
38.1408
37.8598
37.8476
38.9151
39.3063
39.1795
40.2841
41.9318
41.7179
42.1019
42.7748
43.282
44.0114
44.8873
45.9845
46.0528
45.6099
45.2323
47.1956
47.1103
47.3898
48.4219
49.6876
49.4868
49.538
50.1503
49.8968
51.4098
49.8805
51.3267
50.9843
51.0104
52.098
52.9071
51.5745
52.1218
51.8246
52.2547
53.3965
53.1945
52.7363
53.0293
54.31
55.2043
55.376
54.9348
56.7528
56.0318
56.5413
56.0074
57.2589
56.2317
56.306
56.7071
57.4615
56.2709
56.1353
57.0858
57.0333
56.2851
57.3014
55.6455
56.2271
57.0683
56.5485
57.146
56.263
56.0922
56.8107
55.6074
56.0516
55.9702
55.7254
55.9602
55.9828
56.2056
55.5404
56.0819
56.4479
56.9212
56.7974
56.6611
56.525
57.1678
56.7842
56.4197
54.9314
56.8415
55.5417
57.2473
57.9973
55.7837
57.5998
57.2945
56.0465
56.9448
56.4719
54.78
56.5692
55.099
55.4144
54.8365
54.8098
55.522
55.0715
54.063
54.3724
54.4263
54.1641
52.6494
53.6214
54.4476
54.4798
53.4057
53.114
53.4752
53.0139
53.6017
52.7302
53.1272
51.55
51.6876
50.6336
50.2062
51.9453
49.1801
48.4002
49.4523
48.9676
48.1505
47.9804
47.7514
48.8111
47.3747
46.969
46.3665
45.8716
45.4494
46.0882
44.5842
45.0305
44.2503
43.505
43.1365
40.8958
41.0277
41.1052
40.9234
40.5327
37.8165
38.2397
38.8734
38.2696
37.5958
37.5016
36.6771
35.632
35.629
35.8924
35.1327
33.1506
33.2199
32.0791
32.4011
32.3504
31.6123
31.2306
31.4278
30.6533
30.5507
31.1484
29.9418
28.9337
30.3584
29.1503
28.7185
28.7967
28.809
28.5216
28.3408
27.5099
26.8305
26.5283
25.6859
26.0609
25.146
24.518
25.547
25.1792
24.2243
24.0299
25.0802
22.9916
22.9106
22.8203
23.049
23.9398
23.2195
24.298
24.1763
24.3985
23.5901
24.3482
24.9292
24.3462
24.057
24.9088
24.5191
24.5592
25.7662
25.1124
25.8066
25.4836
24.67
24.9291
24.5518
24.3149
24.7946
24.5825
24.5147
25.2678
23.6869
25.0847
24.743
25.2578
25.573
26.0458
25.5266
24.2341
24.164
24.8229
25.1769
25.8249
26.9363
26.159
26.1389
26.7244
26.1977
27.2098
27.8948
27.5415
25.5406
26.3138
26.8184
25.8111
26.6381
27.1725
26.8205
26.0095
26.4602
26.4942
26.5678
25.0836
25.1478
25.0975
25.0962
24.8933
24.6803
25.2547
25.3005
24.9206
26.1461
25.1079
26.1027
24.0638
24.2757
23.9922
24.576
24.9732
24.7697
25.4842
25.407
26.2557
25.1278
26.3092
25.5856
25.8447
25.0045
25.4853
26.6473
26.0521
25.7693
27.5805
27.2339
26.4152
27.7923
27.4175
28.3551
29.0414
29.3259
29.7204
30.2083
30.6173
30.6536
31.6836
31.2669
32.9653
33.983
33.0705
35.1336
36.4661
37.6265
37.1465
38.0589
39.6511
39.6451
38.7701
41.0971
41.5315
42.1539
42.997
43.5202
43.3916
43.2362
44.4732
44.4735
44.3412
46.0268
45.3817
44.9264
45.8934
46.2862
47.3024
46.9072
46.4417
46.8173
48.1009
48.9552
48.7017
49.1859
49.8755
50.7589
50.8956
51.8896
51.6582
51.2237
53.1855
54.2289
54.8277
54.6398
54.7547
54.3073
55.92
55.784
56.7799
54.7014
55.1901
55.761
56.5406
55.4937
56.3567
56.7561
57.0308
57.8744
56.4745
57.2668
57.2651
59.2337
56.7248
57.5972
57.9539
57.3174
58.7892
57.9641
57.8017
58.0287
58.6619
59.3168
57.981
59.0441
58.9482
58.8003
59.8492
59.3794
59.7782
60.225
59.468
58.792
59.9866
59.4532
59.1144
59.2059
59.5258
59.1
57.7853
58.7955
58.7293
60.01
59.2783
59.6393
59.1584
58.7342
58.8248
59.0415
58.1882
58.8591
58.3722
57.2349
58.0381
58.8979
58.3604
57.2426
57.3429
57.7625
56.2904
56.8857
56.3161
57.4597
56.3402
56.4027
55.7568
56.1728
53.8951
55.2436
54.2614
55.2015
54.1946
52.3114
53.7182
52.2123
51.9103
52.3628
52.193
51.0679
51.3464
49.7811
49.2718
49.2965
47.4476
49.1362
49.0295
47.2227
48.2482
49.6545
48.6241
46.6658
46.5491
47.233
46.0808
46.0009
45.1668
45.6633
44.8691
44.0803
43.7743
43.3758
42.8104
43.5641
41.9432
41.501
40.9019
41.3451
40.5212
39.4744
39.5899
38.3641
38.4697
36.8237
38.2193
36.842
37.2345
37.3068
36.4404
37.0041
35.7196
36.1439
36.6579
35.3229
36.0287
34.2629
35.2896
33.9409
33.7943
35.2431
34.1216
33.8509
32.9806
33.2077
32.5791
32.1247
32.3674
32.247
31.8947
30.6071
31.7265
29.9996
28.9902
30.2102
29.5265
28.6797
