39.0027
39.282
38.8239
38.6196
38.3434
37.8731
37.9724
37.2642
37.7045
36.4067
37.5196
36.3743
36.1756
35.9248
35.8587
35.5552
35.6394
35.2988
35.5388
35.9878
36.013
36.3882
36.0538
36.2522
36.3489
36.0295
36.362
36.3234
36.3158
36.53
37.401
36.3516
36.2677
35.9166
35.9734
34.7635
34.7841
34.3348
34.7211
35.084
35.7822
35.4434
35.4811
34.2935
34.828
34.7057
34.7779
35.0249
35.8526
34.6913
35.5186
34.775
34.745
34.8875
35.2195
35.4084
34.4763
34.9001
34.8387
35.1511
35.0736
34.3449
35.2777
34.9327
34.7482
34.5998
35.1932
34.9254
34.715
35.1317
33.9845
34.0511
35.5848
35.509
34.8926
34.5463
34.3756
34.5201
33.6328
32.5272
33.2629
32.9034
33.6571
33.3348
33.5069
33.6723
33.9406
35.1395
35.9066
34.1162
34.3792
35.2194
34.4723
34.1827
34.5433
33.8881
35.0548
34.5012
34.7512
35.8747
36.5855
39.4231
38.3188
38.0649
39.1486
39.0667
38.2696
37.4187
37.3803
39.2631
39.2061
38.8791
37.5198
37.8786
37.5436
39.4401
38.6582
38.0809
37.6023
37.8103
39.2445
40.6063
39.8973
39.1986
38.5914
37.555
37.5411
37.3389
37.2255
36.9376
37.2419
37.3213
36.9111
36.5788
37.5805
37.2707
36.3827
37.2846
38.0567
38.6011
39.9769
41.2831
40.2569
39.4452
39.069
38.656
38.0822
38.0461
37.5769
38.5428
38.7053
38.0185
38.0066
36.2027
36.4222
36.636
36.2857
37.0678
37.2183
37.0014
37.2686
37.1032
37.2169
37.3423
37.5849
37.5008
38.0463
39.1223
39.1773
38.5695
38.956
38.0657
37.3749
37.7734
37.4776
37.7927
37.8111
37.5553
38.0001
38.474
38.814
39.134
38.8613
44.9841
50.8001
49.1824
44.6899
42.0539
40.5148
39.141
38.9662
38.8051
38.6936
40.4434
40.0436
41.0089
40.8651
40.174
40.1148
41.2646
41.6986
41.1729
41.506
40.6271
40.0635
39.3027
38.9764
38.6438
38.0764
37.7885
37.6733
37.9337
37.6575
37.4946
38.4131
38.8497
38.2422
38.6919
38.656
38.225
38.174
37.8518
37.6214
36.6821
36.3221
36.5485
36.1805
36.5256
35.4318
35.9588
35.6093
35.4543
35.0133
35.526
35.2274
35.1783
35.5122
35.7128
35.6964
35.4388
