26.245
32.0012
32.1795
36.5708
35.005
34.9329
33.4925
34.4335
34.1399
36.0334
32.0538
32.0689
27.119
32.912
32.8047
37.6677
35.7446
35.164
34.9289
36.1968
35.6414
34.1781
34.7471
34.738
31.6708
35.5681
33.9377
34.0451
34.963
36.3101
33.9301
32.5988
32.5052
34.3039
30.9105
34.5845
30.0632
34.8687
36.2291
33.2456
33.6967
35.1676
33.4326
33.3642
35.5352
32.6808
34.3662
35.2999
37.6151
34.9601
34.4836
35.427
35.099
34.7523
34.3085
34.7974
34.0713
33.8537
33.7612
35.1474
37.5607
35.096
34.7604
35.0923
34.9814
34.2328
35.3252
34.1375
33.2622
34.9441
33.9033
36.5802
36.5457
34.5195
34.8609
36.5695
34.8225
32.2845
35.4878
33.8326
34.2257
34.7275
35.7936
35.4407
37.8977
36.6243
35.2576
36.2925
35.4145
36.4646
36.3305
37.0153
36.7823
37.0915
36.4605
35.0791
40.2458
37.2436
36.995
39.0243
36.5278
36.0839
38.5683
36.9352
38.6546
38.0812
39.1614
39.3949
39.6333
39.5567
39.5701
37.9659
37.344
38.4187
38.8138
37.8984
38.3049
38.0154
38.7307
39.0705
37.6687
39.7287
38.3778
37.9829
37.7366
36.883
37.7927
37.4942
38.4969
37.3488
37.8767
39.2394
40.146
38.4035
39.3849
38.7079
39.7169
39.9524
39.1625
39.49
39.2777
38.0722
37.4642
38.2344
40.1676
39.6289
38.803
39.7899
39.7639
39.522
39.9261
39.973
38.7485
39.1195
39.1991
40.4524
40.6868
39.2593
38.7427
39.7091
39.5264
39.4311
40.102
39.9669
40.2767
39.6035
39.9366
39.8598
41.8336
40.4536
40.4025
40.214
40.5633
39.6497
39.8395
39.4218
40.7972
39.6743
40.8948
40.1969
42.0798
41.2486
41.0271
40.7543
40.7206
40.7961
40.8892
41.2445
40.637
40.7178
41.1773
42.1124
44.0276
41.5058
41.7385
41.3847
41.7179
41.0222
40.8029
39.8603
40.6808
40.8382
41.3229
41.9573
43.5249
42.283
41.2374
41.6438
41.9369
42.739
41.7778
42.8304
42.0192
41.6138
42.2711
41.6516
43.4563
40.8844
42.8047
42.1418
43.2847
43.1812
43.0758
43.38
42.9256
43.3766
44.5169
45.772
47.2421
45.2137
45.2636
44.5528
44.3917
44.7607
44.5126
44.772
44.8866
43.8063
44.364
44.7309
47.8722
45.9452
45.6011
46.0838
45.1203
45.117
45.0425
44.2286
44.7982
45.0197
43.8474
44.1908
47.1917
45.5726
45.4595
43.7055
44.2818
44.8086
44.4316
45.7141
45.4577
44.9068
45.5517
44.8878
46.4635
45.8682
46.2451
45.8986
46.2188
44.9179
45.5876
46.5061
45.5013
45.6391
43.6773
43.2077
47.0248
43.3651
44.5972
46.114
44.1594
43.5754
46.0145
44.1513
43.6973
44.6204
43.3372
41.8413
46.4521
43.3595
43.6532
44.2243
43.2869
43.6545
45.1982
44.0982
44.0326
44.3596
42.9324
41.0563
43.7686
42.2666
42.8709
42.2712
43.279
41.3207
41.965
42.0728
42.0393
40.8691
40.7149
39.0422
41.9072
38.6602
40.5024
39.2859
39.1637
39.7834
38.8291
39.7526
38.0227
38.6105
38.0801
36.8842
39.9777
36.7176
36.4598
36.355
38.1819
37.1296
37.7048
36.7895
37.658
36.7258
37.7889
36.8176
39.7473
39.1062
38.4883
38.072
37.6447
37.4934
37.8645
39.9948
37.9596
36.2663
38.2077
38.3228
41.1758
40.1037
38.004
36.0744
36.6398
37.4252
36.4571
35.8852
36.5541
35.7586
35.4737
35.9856
39.0804
38.0142
38.0538
36.329
37.3842
36.3785
36.3984
37.0453
35.9369
35.1899
36.8091
36.6557
39.6082
36.9832
36.7193
35.8959
36.4709
35.7831
35.4566
36.1571
36.2276
34.4748
37.2157
37.4738
39.0464
36.9433
36.4857
34.8865
35.942
36.0947
35.2709
36.1384
35.3585
34.3767
36.0718
35.9344
38.0971
36.8751
37.0097
34.8747
36.2151
36.3639
34.8536
36.448
36.5464
34.1682
36.2671
36.5479
38.8166
37.1724
37.2357
34.5945
36.1364
36.0279
34.5007
35.2967
35.2891
34.7677
37.2344
37.586
39.0338
36.6502
36.1142
33.9032
35.6343
35.5808
34.2069
35.5475
35.282
33.4088
36.9415
37.1616
38.4286
36.3732
36.3292
32.9182
33.9752
33.8608
33.2496
33.8725
33.949
32.6447
35.7472
36.198
37.2315
35.6932
35.6512
33.2914
33.3764
33.1936
33.1873
34.0889
33.6879
32.9924
35.5883
36.4553
37.9345
36.6881
36.5212
34.2033
34.8708
34.6157
34.3243
34.5226
34.4303
33.8775
37.4258
36.8857
38.7815
36.7569
36.4964
35.0496
34.9889
34.7436
34.4046
34.2117
34.2134
33.8601
37.3961
37.5897
40.0551
37.0447
37.1124
33.9931
34.0207
33.7182
33.7525
33.0755
33.3079
33.0364
35.3741
35.7526
37.7734
36.4968
36.36
34.4824
34.9009
34.5049
33.747
33.5975
33.8021
33.2929
34.8717
35.5093
36.4038
35.4376
35.6811
33.6139
33.645
33.2606
33.3466
33.2037
33.0064
33.6381
36.0346
35.9263
38.1451
36.711
36.8395
35.8093
35.5557
36.0695
35.7282
35.6818
35.6615
35.3317
36.6112
36.8102
38.1519
37.8937
38.0331
37.2686
36.9682
36.9533
36.5247
36.4948
35.9684
35.7176
37.5332
37.3619
39.7749
38.001
38.1466
35.212
35.271
35.4423
34.9781
35.3818
35.3469
35.3481
37.0095
37.5419
40.4265
38.0488
37.7274
34.7887
34.2528
34.4074
34.6171
35.0257
34.7914
34.7301
37.706
38.0763
41.0781
38.2873
37.7384
35.3623
35.263
35.1943
35.1105
34.8019
34.8662
34.9958
37.8074
37.8716
40.5575
38.1394
38.0784
36.2076
35.84
35.9823
35.8196
35.5021
35.3909
34.8435
38.7205
39.367
42.9808
39.5184
39.4324
35.6901
35.8693
35.89
35.6969
35.4775
35.3537
35.3638
40.1013
44.4243
