5.22388
6.89056
6.54885
5.19906
5.89488
6.19676
4.90091
5.72447
5.40202
5.58473
5.69323
5.60178
5.88224
7.24011
6.66301
5.38527
6.19164
7.28149
6.11035
6.45551
6.10289
5.5982
7.56357
6.7404
5.38164
6.34675
5.62947
4.71133
7.16015
6.80248
5.26054
5.92676
5.65531
5.10481
6.7598
6.74934
5.41217
7.59868
9.19718
6.03596
8.18691
7.79099
7.54553
8.82171
8.78051
7.83776
9.327
8.99878
6.91933
9.06056
8.44197
7.66564
9.13723
9.2281
8.28559
9.24484
9.14092
8.29346
7.64548
9.36707
7.24016
9.2486
9.60849
8.93162
8.93616
9.06934
8.62454
9.15981
10.3368
7.68506
8.71777
8.7614
7.1417
8.62136
9.15551
6.9557
8.8878
9.25417
7.49279
8.89347
8.50909
7.61331
9.28415
9.11978
7.47171
8.51868
8.87001
8.64889
9.13152
9.34936
7.35034
8.99747
8.24431
7.52951
8.89195
10.7363
8.74406
10.1723
9.86346
9.20694
10.1854
9.67027
8.98497
9.34461
9.21176
8.09087
9.34475
8.69805
7.02918
8.28601
8.71201
7.68537
9.13986
8.52445
7.2972
8.42698
8.67945
7.53578
8.64563
8.23083
6.63503
7.52296
8.98417
7.62554
8.09389
7.61755
7.18974
7.8546
8.86801
8.04474
9.85964
8.87308
7.2214
9.18217
9.99499
8.05991
9.54644
9.71319
7.93671
9.48483
9.85799
7.68028
9.94984
9.83459
8.6405
10.0134
8.19998
7.69413
9.11661
8.5157
6.88209
8.08313
8.86026
7.35164
7.74239
7.74664
6.63969
7.72814
8.55613
8.00014
9.09244
9.08114
8.03426
9.89706
9.6624
9.36603
9.5227
10.3068
8.73719
10.6448
10.5412
10.4217
11.7783
10.7976
9.8294
9.83686
10.7633
9.41551
10.8085
9.4821
8.39897
11.224
10.1115
9.95397
10.883
10.4673
8.94603
11.3571
11.1425
11.036
11.3535
11.173
10.4233
11.3877
11.5972
9.49903
11.166
10.2143
9.25222
10.6431
11.133
10.7888
11.3713
11.5123
9.76282
11.9826
11.2916
9.76741
11.3595
11.4786
10.0844
11.8034
12.2653
11.2103
11.8328
12.0325
10.895
12.2566
11.9525
11.2376
13.0495
12.5536
10.2451
10.9665
11.0425
9.78217
11.7613
10.6627
9.28353
11.2558
11.2749
10.3569
10.9017
10.6976
10.2179
11.4103
11.3508
10.3705
10.8335
10.5908
