51.8984
50.8912
51.5173
51.7947
51.9246
51.79
52.4663
53.0895
52.7404
52.17
51.8223
51.6647
51.63
51.0282
52.8293
53.6929
53.0288
52.4869
53.6296
52.0054
52.1195
52.823
52.594
51.5538
52.7488
52.5082
51.4991
52.5887
52.7391
51.3355
52.4198
52.9648
52.5717
52.5287
53.0079
53.5259
52.2815
51.628
52.2417
51.8645
51.8852
52.646
52.1685
52.7798
52.409
52.943
51.2836
53.0611
52.9461
52.4595
51.8696
52.2195
52.4684
51.9728
53.1452
51.4446
52.0091
52.173
53.1421
51.3896
52.5764
50.427
53.5571
50.6788
51.9655
51.7274
49.6985
50.9883
50.9453
50.2944
51.5205
51.4043
52.0414
50.4629
51.399
50.4789
50.7315
52.5356
51.4046
49.5786
51.0906
50.7358
51.0449
50.9582
50.1583
50.4645
50.1846
50.226
50.9706
50.3954
49.9173
50.1381
50.1609
50.3191
51.529
49.9961
49.5585
48.867
49.9037
48.0156
49.1922
48.9335
47.8161
48.0344
47.7864
46.3144
46.5237
46.3722
45.518
46.1506
46.2288
46.1866
46.4635
46.55
48.0897
46.3956
46.7627
46.7684
45.9596
45.4039
45.5725
45.465
45.164
45.4317
45.1986
45.1
45.2698
46.2564
46.1042
44.9789
46.5963
46.6678
45.8796
46.1557
45.3986
46.5722
46.1223
45.8764
45.5979
45.761
46.0892
45.0858
47.84
45.5675
46.3958
46.6682
47.7617
47.4846
47.2653
46.8822
47.7795
47.8564
48.0276
49.3439
48.8183
48.795
48.2573
49.0748
48.7056
48.4008
48.2633
48.4951
48.8527
48.949
48.5748
49.7109
49.2835
48.1737
48.8283
48.968
47.5843
48.2052
49.2009
48.8441
47.7426
48.175
46.7029
47.8896
47.3445
48.4511
48.6999
47.4166
48.5576
48.0141
46.8465
47.1755
49.4832
49.5853
49.7199
49.5458
50.3323
50.0769
49.9049
50.1071
50.7594
49.9705
50.1731
50.6077
50.6682
50.1011
51.7013
50.9182
51.1796
50.2095
51.3606
50.6115
51.3237
51.2294
50.8201
49.8532
51.9384
50.4557
50.4447
50.0233
50.602
50.8369
51.8336
50.3842
50.9883
51.6573
52.0133
51.6038
51.8133
51.6609
53.2251
51.939
52.1339
51.5839
52.5124
52.6432
51.9186
51.7535
51.7693
50.7497
52.2283
52.1497
52.4318
53.3506
52.1645
52.88
53.0251
52.4808
53.2627
53.0045
51.4166
52.3111
51.2162
51.6241
51.5995
52.2399
