49.1724
50.2025
50.9417
50.4903
49.2786
49.7288
49.8709
50.8166
50.1175
51.1266
51.7133
52.8615
52.1026
51.4452
51.6676
51.2681
51.2967
51.2579
52.0513
52.5096
52.3069
50.7618
50.4189
50.7659
49.6747
49.9366
47.6525
47.1711
45.5785
43.9554
42.975
44.436
42.7181
45.0984
46.4897
48.0041
49.0958
48.7581
48.4294
47.8403
48.1602
48.4188
48.9445
48.8065
49.7491
49.5136
48.153
49.6994
49.3392
49.2454
50.6591
51.1298
52.5518
50.6635
49.0733
48.2207
49.4257
48.6112
48.7123
47.5589
45.7666
47.237
47.3293
45.3394
42.6125
45.0397
44.439
40.9093
38.5897
37.3926
37.2173
38.9124
38.9334
41.1363
41.7138
41.7765
42.2106
45.8596
47.2862
44.8271
43.3018
42.8523
42.7831
44.9651
43.2145
44.5478
44.9308
44.2152
43.9843
45.6218
45.971
46.0795
45.3259
45.6688
46.2023
43.636
44.0662
45.6052
45.7224
47.8879
48.492
49.2068
49.8156
50.5141
50.1469
50.6429
52.1284
51.8348
52.5943
52.5894
51.1491
51.5651
49.6218
49.6552
49.8372
48.705
48.0646
47.4487
45.2348
45.2296
42.9412
43.4372
41.277
43.6361
46.9788
48.1001
49.1216
49.6415
47.9881
49.4226
50.2319
51.0205
51.6307
51.2226
50.1837
50.0907
48.7033
49.0773
48.1734
47.7874
46.1949
45.8411
44.7995
44.6594
43.8722
43.0543
42.2733
40.1152
40.095
40.0013
38.5411
37.5572
34.7995
31.8279
31.766
31.5465
35.0347
34.7616
34.7574
34.9602
35.699
36.4611
38.0551
34.4154
32.2096
34.7978
36.5919
36.4797
36.8078
35.3242
35.2569
37.1551
37.1325
37.8374
37.4195
38.8978
39.0863
37.1731
37.4612
37.6673
39.7083
35.8484
36.5473
36.7286
37.1692
35.2373
35.0138
35.7626
36.4431
36.8138
35.7664
35.3547
35.2484
36.494
35.3842
34.1455
33.7681
33.6992
34.0912
35.4913
36.3224
37.9439
39.2876
36.6149
36.5813
36.6216
36.0214
35.5105
39.2085
38.895
41.9455
45.4263
45.1065
45.468
45.4317
44.6162
43.6432
45.7456
46.8409
47.3313
47.0649
48.8289
49.173
49.9344
48.1794
49.8579
47.8933
49.5623
50.4721
51.6527
51.4712
51.7159
51.8037
52.1324
51.1652
51.91
50.13
49.3804
48.6323
48.5819
48.1709
49.1777
49.3075
49.4588
49.2771
50.6036
50.2899
50.8194
50.3596
49.6902
49.7343
50.2461
50.5889
50.9786
50.3762
51.087
50.6791
51.3886
51.2121
51.6793
51.6184
51.294
51.3563
51.3601
50.2865
50.9303
51.2336
51.7798
52.0353
51.455
52.2206
53.0044
52.0783
52.9447
52.8255
52.5073
50.9015
50.944
48.0361
48.1068
47.966
48.7261
48.7059
48.095
46.2076
44.7017
45.4881
43.4475
41.6714
43.0411
43.5818
43.762
40.6085
42.1358
41.6016
41.5248
42.4711
41.9524
40.591
42.1216
42.7708
38.9628
42.3071
39.745
43.0142
41.2979
38.851
39.6216
39.7648
41.8554
43.6013
43.2375
43.0322
42.5785
41.8564
42.8797
43.6336
44.0259
45.5631
44.5186
45.3187
46.2725
46.0589
48.9426
50.051
48.9623
47.6347
48.6958
47.4245
48.2982
47.4024
47.0028
47.7063
46.7734
45.7864
44.6691
41.5615
42.3428
41.7633
41.4146
39.776
40.4175
38.6172
38.0113
35.8723
37.7987
37.9073
37.4968
35.0597
34.9806
33.2556
33.2483
30.057
32.6874
31.6755
33.1727
33.1388
35.1841
34.2109
33.7716
30.8515
33.7976
33.9311
35.219
35.666
36.7471
37.362
38.438
37.4228
36.9526
35.7116
35.1932
34.0522
32.7992
31.8629
32.7645
30.787
32.7778
30.8847
29.7029
28.1381
30.5542
33.0445
32.3442
30.1355
30.7905
30.3523
30.8536
33.1287
31.9779
31.5341
31.9469
29.9778
31.6406
32.1447
33.6882
31.8054
33.9876
32.7762
32.2492
30.2077
31.6436
30.2551
30.9778
30.9525
31.9822
32.8746
32.1177
32.3503
34.3268
34.504
32.4792
34.3469
34.5861
32.0789
34.8931
34.5681
36.5336
36.9719
36.0914
37.4521
38.0564
37.7215
36.5376
36.8126
36.1316
35.8543
36.7568
37.0554
35.5426
36.1304
36.4388
34.6073
35.0411
36.5107
37.2283
36.0169
36.984
36.1828
35.2584
34.8666
35.2091
37.0266
36.0222
35.5231
37.5934
38.5368
36.6242
37.3103
38.1211
37.112
39.703
38.5057
40.8139
40.5629
42.3795
40.1859
41.3768
41.3951
41.9932
39.6735
41.1509
41.2178
40.339
39.0833
39.9124
38.1704
39.6392
39.4739
39.1399
40.5203
39.7841
40.0423
39.4989
41.4685
41.0521
40.5903
41.9778
42.356
42.1164
42.8208
41.877
43.5777
40.8508
43.8464
43.0165
41.4439
43.0484
42.9753
42.4457
43.2241
41.589
41.9969
42.167
43.6737
42.7191
43.1742
42.349
43.0564
43.3555
