30.7062
29.6351
30.93
30.4588
29.991
29.7251
28.4135
27.9901
26.679
27.7385
26.373
25.9941
25.2201
25.1582
25.3989
24.6809
24.9058
25.6746
26.0621
26.3281
27.307
26.7414
27.8476
29.3515
30.3901
31.2297
31.4104
32.8469
33.3249
33.3464
32.3839
31.763
31.7664
31.4829
31.8413
33.095
33.5638
33.1904
33.4382
33.3347
34.1743
34.506
34.514
34.6469
34.7847
35.1721
35.6026
35.6956
36.458
36.1033
36.1142
35.3462
36.0439
36.551
35.9886
34.8725
35.2956
35.6613
35.3156
36.9232
36.6747
36.47
36.4923
36.5303
36.1818
35.3406
36.2964
35.7854
35.7833
35.3124
34.8415
34.1254
33.92
34.988
33.9086
33.3525
32.8176
32.435
32.4634
32.0577
30.7244
30.0225
30.3809
29.2567
27.234
27.7191
25.2154
24.648
24.014
23.1957
23.0961
22.3203
24.0767
23.9824
22.6943
22.0016
22.9671
21.9238
23.8093
24.4217
24.611
24.5683
25.9702
27.4965
27.1527
28.4105
27.6588
29.6649
29.7785
30.4549
30.5204
31.8176
32.0647
31.0097
31.6979
31.6255
30.3122
30.6034
32.0686
30.9738
30.6776
31.5583
30.0317
29.444
28.8742
28.8113
28.5335
28.0342
26.7353
25.3236
24.4568
25.2399
24.4244
23.1186
22.909
22.9646
21.805
21.8122
21.8557
21.772
18.1177
17.6892
15.5825
15.5151
13.8013
13.272
12.9573
12.4357
11.2223
12.4944
11.4385
10.2337
10.7172
10.0243
10.1499
10.8463
10.1353
10.8253
9.9934
9.31721
9.27373
9.7429
10.3231
10.0289
10.4131
10.3889
10.1467
9.96143
10.9613
10.286
11.2261
11.3831
12.6614
12.0193
11.4922
11.4125
11.5545
12.5521
11.5286
11.7407
11.0113
10.3478
11.6142
11.2076
11.9916
11.1051
11.6045
11.1285
10.3361
11.2107
10.1808
9.67083
10.6363
9.81762
10.1954
10.3893
10.7881
11.769
10.9896
11.1773
12.1278
12.4772
12.2679
12.3233
12.9147
14.1314
15.1912
15.8983
16.5843
17.7328
18.4552
20.5387
22.2124
23.1336
24.4093
25.8083
26.9179
28.6579
29.7214
31.4219
30.8279
31.9574
33.7824
35.862
36.7775
37.2216
37.5867
38.794
38.7092
39.9425
41.1017
41.2536
40.7153
41.3203
40.5046
41.0412
41.3099
42.2304
42.0425
39.8771
