54.055
54.9607
52.5686
51.2822
51.8165
51.4706
52.0396
53.4517
53.938
53.8808
55.1513
53.9457
52.6761
52.8735
53.5165
53.8849
55.8318
55.9474
53.8395
53.9218
54.7065
55.0857
53.4676
57.1101
56.8915
56.5325
55.4826
55.2478
53.3265
53.936
54.1673
53.6537
53.6686
54.9219
54.0831
54.4689
55.3289
56.3098
56.457
54.6913
55.4057
54.4432
54.2618
53.2324
54.7363
57.9165
56.899
56.1528
56.833
58.1241
57.6631
56.6651
56.8255
54.3083
56.0713
56.4194
57.7816
56.1561
55.6357
56.1723
55.3333
55.6695
56.1846
58.4704
57.7208
59.5963
58.8755
59.3543
58.8381
59.4748
59.8734
58.2605
56.6122
57.0965
58.1894
59.0742
59.3041
59.4183
59.6368
61.0223
58.0515
58.1114
56.6895
58.0915
57.9737
58.8265
59.4574
60.951
60.6875
59.4001
59.5579
60.0391
58.9441
58.0959
58.7601
58.9293
58.754
61.5504
59.7781
60.001
59.1204
59.516
59.6887
60.3871
61.8042
58.4747
59.8827
59.7227
59.5904
61.1895
60.4018
59.4679
60.9761
60.844
59.5988
58.7218
58.4626
58.5203
59.7761
59.744
60.0278
60.1612
59.2694
58.511
58.836
58.5644
57.3555
56.2598
55.8743
55.3522
59.0024
57.3725
56.7079
55.7304
55.7138
54.5785
54.9073
55.4134
55.6859
56.584
55.4243
55.8066
55.8841
56.2976
54.9927
54.5918
55.6766
56.2514
55.3893
54.5528
55.4887
54.6643
55.2034
54.4264
54.4068
55.0305
54.6918
53.8506
55.5302
54.9124
53.2499
54.4134
53.9094
54.5458
54.7787
55.344
54.8806
54.5098
54.8886
53.0384
52.4606
53.7193
53.038
55.1305
53.5032
52.6218
53.1362
51.9546
51.8724
53.1423
53.3481
53.1809
53.3747
53.2495
52.9213
53.4024
53.2531
52.6371
52.7712
52.2606
52.6563
51.958
52.7287
53.4834
52.0732
52.3784
50.6363
50.6171
51.5667
50.789
50.9531
52.5756
51.1396
52.6584
51.2081
52.992
52.2482
52.4694
52.0281
52.4862
52.0291
52.8335
52.3725
54.3522
52.0573
52.1837
50.8946
50.4028
51.2896
51.4148
50.2023
49.6177
51.1432
51.3423
51.343
50.8078
50.4608
51.2889
51.9844
52.3897
50.6281
51.2066
50.8017
51.2407
50.7683
51.5212
50.9214
49.8923
50.4426
49.8262
50.0629
50.5644
49.3412
50.3147
50.4993
49.4981
49.076
49.9794
50.9608
51.0898
51.6151
49.9724
49.4561
50.2857
50.1023
51.3171
52.2379
51.7758
50.5285
50.4284
50.692
49.6364
50.1934
50.0112
49.7349
48.3365
50.125
49.1791
49.5633
49.6062
48.3989
47.6322
48.9298
49.0598
47.4595
48.9514
49.4956
48.5351
48.9052
48.3711
48.7989
47.3656
49.0854
50.0665
49.6813
48.9247
49.0812
48.6912
48.7955
48.3692
48.382
48.369
47.6167
47.824
48.8616
48.2072
49.2127
49.0725
49.5389
49.3504
