44.7152
44.0826
43.3914
45.7606
47.3447
46.3432
46.5016
45.9071
44.7908
45.4406
46.9389
46.8861
46.5589
46.7885
45.882
46.1888
45.5758
45.476
45.799
46.017
45.6939
45.4609
45.4557
45.1102
45.0117
45.4753
45.3462
45.3171
45.7317
46.6738
47.777
47.7624
47.4363
46.9235
46.3373
45.9301
44.1327
44.7766
44.8916
44.6744
45.7117
46.6529
47.7457
47.4913
46.9322
47.8464
47.8476
48.081
47.6861
48.4241
48.6071
48.9932
48.4771
48.8213
48.5249
48.0895
48.0707
49.5309
49.3557
49.6119
49.1187
49.426
49.1817
48.8687
48.7807
47.6981
47.295
47.6032
45.9095
47.086
47.6408
46.5995
47.2993
47.0951
46.4241
46.882
45.8033
46.4744
45.5449
45.7693
43.3652
45.6983
45.6688
46.0401
46.1476
47.2929
47.2472
47.0903
46.2632
47.5034
46.838
46.9922
46.3267
45.8687
44.9588
45.4117
43.2942
45.5041
44.1097
45.9917
47.7726
48.6515
48.6018
50.4008
50.4057
51.1451
49.9617
49.5122
47.9598
48.63
47.9588
48.03
45.6513
47.8377
48.5067
48.7079
47.4535
48.1952
47.7428
48.4031
49.1368
49.9948
48.5967
48.2635
47.9418
47.6233
46.9957
46.8934
45.5575
45.4568
45.1121
45.2556
44.1908
45.3784
44.5734
45.5277
44.2803
45.7094
46.0202
47.0727
49.1657
47.5478
47.2437
47.2777
46.2993
47.3053
46.5642
46.8207
46.1806
46.3872
47.7256
47.033
45.3258
45.0709
44.5044
45.0115
44.0876
45.0621
45.3268
45.1388
46.0421
45.3768
45.5367
45.0228
44.8192
45.4816
46.0934
46.3994
45.595
46.6182
47.8024
47.1497
47.0043
47.0948
46.9338
46.352
46.1561
46.1583
45.6966
46.858
47.2164
47.2228
47.2363
51.235
59.442
56.988
53.4889
48.793
45.7033
47.1173
46.5289
46.5137
45.6404
46.0043
46.0296
47.1097
47.4453
47.4602
46.7371
46.8852
46.5936
46.8205
47.1012
47.0294
46.1962
45.6335
44.1256
43.9848
43.3889
45.033
43.9619
44.5413
44.7945
44.6188
44.9337
45.0186
44.6516
45.9133
45.5822
45.7377
45.2953
45.8075
45.1987
44.9514
43.7666
43.4966
43.1198
43.2225
41.944
43.1384
42.7618
42.8821
42.2981
42.8319
43.2518
43.2965
43.725
42.9378
42.1946
42.4716
