32.6251
32.8485
32.8901
29.6779
29.7399
27.4891
29.5029
27.1863
28.9092
27.7222
28.3567
27.3984
28.7318
27.176
28.8629
28.7203
29.5242
27.0156
26.2997
24.8626
25.4065
23.9867
25.1058
24.9595
26.0797
25.1256
24.9838
25.1394
26.1273
23.8241
25.6238
27.051
29.5014
26.5536
25.9626
25.3591
25.7751
23.363
24.7399
26.4673
27.8126
27.9059
27.1186
25.6637
27.3132
27.7064
27.5888
28.7688
28.386
26.9378
24.9036
24.4446
25.9418
25.8662
25.4134
27.0242
27.2765
26.3119
26.2806
25.5889
27.8594
26.4773
27.996
29.2978
32.3355
30.2305
28.3473
27.2861
27.2715
26.8776
26.5716
26.4824
27.2918
25.8997
25.2793
25.5987
25.2709
25.6313
26.0365
26.1732
26.8043
27.4902
25.9602
25.9809
26.5558
28.0667
28.6737
29.2011
28.997
27.4688
27.0548
29.1348
29.0158
28.2441
29.0547
32.5107
34.6234
34.6215
32.3457
31.0916
30.006
29.4601
29.0221
29.4121
29.6914
28.2652
27.8549
28.5124
28.8049
27.465
29.6832
29.5486
28.9505
28.4097
27.7565
28.8706
30.1008
30.8823
29.5839
29.4109
30.8815
30.7649
31.9172
30.2864
30.7406
29.6232
30.8199
32.2279
35.3215
32.112
31.5759
31.6355
32.2815
30.6596
31.5877
30.6794
31.1425
29.7902
29.0975
28.3206
28.9475
27.3161
27.8945
25.7192
27.6458
27.0121
26.1847
24.2641
24.3562
24.1456
25.7377
25.2393
27.8081
25.9528
26.8283
26.4699
28.1074
25.6988
27.3984
29.3528
32.2132
29.4708
27.5538
26.4842
25.9843
24.9793
24.4883
25.6083
26.9134
25.4622
24.5734
24.9065
26.329
26.2126
25.0956
24.922
25.1599
26.3038
25.6759
26.4592
26.4367
26.5916
26.2995
27.644
27.8311
28.219
29.1911
29.517
29.0381
29.107
29.0554
29.4579
28.2338
28.1154
27.3009
27.4926
27.1476
25.2967
24.2286
25.5172
23.8136
24.8134
25.0432
25.6715
25.2217
25.912
26.8942
27.4135
26.409
26.551
26.4372
27.2231
26.5533
26.6003
25.6577
27.3871
28.0975
29.0975
29.6445
29.206
31.3722
30.9661
32.3914
34.0073
34.5921
31.9951
32.2562
33.4758
32.2697
33.1467
32.0117
33.3954
33.9428
32.5439
33.5448
34.5155
33.3227
32.705
32.749
32.9525
32.1932
32.7133
32.6121
34.2215
33.0142
32.6712
33.2511
33.3189
32.8445
31.1091
31.1108
31.5343
32.3332
31.8953
33.0949
35.0369
36.3461
33.2254
33.4431
33.3247
33.6581
32.9405
31.4189
32.6117
31.6333
32.4071
32.6061
32.2222
32.2909
31.9283
31.6146
31.5155
31.666
31.7344
32.15
32.3964
32.4409
32.7221
31.3965
31.8913
32.8434
31.3315
31.6957
30.7512
31.8007
30.2634
33.0991
33.7773
35.5198
33.8589
32.7309
31.6638
30.797
30.8703
30.8182
32.3851
32.6388
30.5236
29.861
30.1352
30.6909
28.4972
29.5805
30.4101
31.5725
29.8004
29.3075
28.9129
28.9428
29.3583
28.9243
30.031
30.9248
30.2869
30.6268
28.6032
31.5378
30.1762
30.4777
31.4211
35.0473
32.653
31.1168
31.4016
31.7929
30.2165
30.8351
31.2563
31.8641
30.984
32.0602
30.442
29.662
29.1893
30.6519
30.8169
31.461
29.9968
30.3779
29.5338
30.0641
31.2962
30.2165
30.2885
32.0427
30.6277
31.1052
30.2409
31.9237
31.2219
32.3286
32.591
35.9591
33.1694
32.9375
32.3639
33.8101
31.6168
32.0765
32.7236
35.3983
32.0551
30.5152
30.7363
31.0015
30.753
30.3186
29.9133
31.0728
29.3014
30.52
29.5504
29.5173
29.9697
29.907
29.9839
31.0355
29.0379
29.2615
28.3283
30.3576
29.1443
30.3665
30.5278
34.5054
31.9719
30.8038
30.7471
30.8676
30.6672
31.3296
31.0968
32.3425
30.9228
30.4904
29.2656
30.0561
28.6248
29.8852
30.8612
32.3149
31.3967
30.9066
29.922
30.6827
29.4825
30.5581
30.5186
31.45
30.2371
31.074
30.5454
30.6746
30.221
31.4746
32.0623
35.6233
33.1239
30.4373
29.9915
30.9013
30.6231
30.2818
30.6479
30.7759
29.6258
29.0016
28.3517
29.5176
29.1998
28.8581
27.2062
29.8793
29.9457
29.7551
29.0491
30.4589
27.886
28.8495
29.0359
30.5585
28.1703
30.1014
29.2565
29.5679
28.4942
29.0935
30.194
33.3526
31.6437
30.1462
29.8808
29.198
29.2833
29.8645
29.9966
30.9289
30.2809
28.1613
27.4212
28.2588
28.6052
28.4476
28.1167
28.6772
28.3806
26.4212
27.6206
28.3747
26.988
26.4039
26.5672
27.7867
27.2185
28.0572
26.4671
28.9366
29.9814
30.7695
31.9667
33.7696
32.2479
32.2472
31.6896
32.6067
31.0436
30.8447
31.4194
30.8496
29.0446
29.5625
28.7387
29.581
28.1746
29.533
27.0529
27.7767
26.6792
27.4569
28.4815
