42.3496
41.9803
42.1145
40.0543
41.4583
42.9878
42.2486
41.1046
40.5557
40.9326
41.0952
40.8353
43.298
43.2317
43.5575
41.6882
41.135
40.8684
41.4477
41.5513
40.8136
42.3329
41.3333
40.487
41.5767
39.4077
40.9238
42.7112
42.9189
43.4279
40.7212
40.5708
40.3667
41.7139
38.7218
40.3982
42.2667
41.7545
41.2942
41.2493
40.0784
41.2989
41.6275
42.2191
41.2209
41.3433
42.3127
41.0257
39.9097
40.8926
41.3524
41.3729
42.736
41.2969
40.9288
40.3781
41.0598
39.9417
39.8371
41.765
41.0831
42.1175
43.5915
43.1851
42.9434
42.9491
42.2831
42.1672
42.5299
42.8326
42.7368
41.1963
42.5053
42.2483
42.2687
41.0902
42.4163
41.4629
41.4883
41.5916
40.5321
41.6122
41.9269
42.2507
41.6322
43.2245
41.8827
41.8059
42.4779
43.2532
42.6751
42.4341
43.0749
42.6857
42.9572
43.4885
42.5433
43.2378
42.2187
41.7098
43.2848
43.4919
41.809
40.8906
41.1746
41.5097
42.3975
40.2257
41.034
42.5385
41.343
41.6294
42.0746
41.6927
39.9773
39.3086
41.6631
42.0502
40.4993
41.47
41.4161
42.3724
40.6555
40.0828
41.6096
42.0157
40.6039
40.4464
42.0673
42.31
42.6483
41.9512
41.0403
41.9889
42.6648
41.1082
42.8792
42.5124
43.3671
43.5611
43.5672
41.8356
41.6572
42.5403
42.1458
43.3608
42.2854
42.3912
42.6558
41.2989
41.8306
43.5634
43.8722
40.0449
41.2752
41.8502
40.4488
39.8618
41.63
42.7879
41.517
42.9691
43.2856
44.652
44.4805
42.9013
42.5228
42.9797
42.7087
42.0743
42.875
43.2792
42.8265
43.1147
40.6982
42.0026
43.19
43.1447
44.3496
43.9751
43.7021
43.8437
43.5629
42.8995
42.6905
41.922
43.8333
45.7537
43.0429
43.4176
43.0334
44.227
43.9336
42.2342
41.9548
42.1776
42.9389
42.3165
43.1059
42.6241
41.3854
42.1337
42.0657
43.1387
43.6658
44.0088
42.4813
41.3376
41.8003
41.0206
42.2611
42.5648
42.668
42.3214
41.4446
41.7542
41.2129
40.7287
40.8252
41.0767
41.1857
40.873
42.3177
40.5476
41.9615
41.8185
42.0807
42.6932
41.4346
42.6309
41.6748
42.0964
42.6793
43.0128
43.5829
44.5497
44.3786
43.5842
44.0241
43.7933
