23.7243
24.0376
24.1364
24.4747
24.3454
23.4245
23.8726
23.8149
24.1389
22.9851
23.3433
23.4152
22.7155
21.8785
20.4108
19.4517
19.0489
17.1042
16.5646
16.1929
15.4331
14.5265
14.1741
14.8162
14.9641
15.4169
16.3766
17.2608
18.7365
19.2431
20.2268
20.1871
20.2922
19.5412
20.2373
21.4281
21.8256
21.465
19.7805
19.3051
17.9827
17.3621
17.0184
16.3496
16.1041
15.4307
16.129
15.7582
16.11
16.0375
16.8707
17.5405
18.3769
19.5091
20.8074
20.1671
20.1293
20.8644
20.7995
21.7667
20.326
20.3701
21.2835
22.4982
22.3028
21.9499
21.6164
20.8634
20.3813
19.8124
19.332
17.7462
17.5593
17.2602
16.5765
16.1604
16.6491
17.2379
16.7422
16.3082
16.5031
16.676
16.7069
17.8133
18.647
20.6903
21.8921
22.7737
24.2085
28.5875
29.6273
30.465
31.2458
30.954
29.654
28.6456
27.7733
26.9547
26.655
26.2307
25.2875
24.9431
25.5537
26.1803
26.2329
25.1425
25.3891
25.6696
25.4337
24.8189
24.8311
24.5096
23.7772
23.4533
22.4443
21.4617
20.096
19.8809
18.2527
17.9899
17.4501
16.7136
17.5362
18.314
20.1075
21.2447
25.5566
26.5328
26.5618
26.6452
25.5887
24.5994
25.5197
26.2016
26.0418
27.1915
27.107
27.3698
26.7976
24.7382
24.9381
25.5849
26.5302
27.8768
26.9307
26.7827
27.5367
29.0886
30.1782
30.0024
28.4583
29.2954
30.4299
30.2176
29.2395
29.0767
30.1888
29.0919
28.4237
28.3926
29.725
29.8341
29.1481
28.406
29.8416
30.1528
29.3317
28.5631
27.3737
27.5717
26.9764
25.5646
26.2794
26.8478
25.2683
25.8751
25.3371
25.6527
25.579
25.8455
25.0557
24.735
24.4381
25.1936
26.0265
25.3733
25.8119
26.0083
25.9443
26.5146
26.0633
26.8215
27.614
29.1338
28.0587
28.4737
29.3548
28.422
27.886
28.4354
29.0613
28.6926
28.7734
27.5859
28.1563
27.1271
27.7145
27.5486
27.2181
27.977
27.9056
27.5688
27.5804
28.4861
28.383
28.2143
29.2726
29.2319
30.0669
30.5188
30.7511
30.2426
30.9129
30.6752
31.4212
32.0692
31.9445
32.0992
33.0185
31.5048
31.3827
31.9877
32.2853
30.8371
32.2252
31.9517
32.2246
31.8693
32.4269
30.8733
32.1065
33.2071
33.2955
32.5465
32.4018
32.1594
32.9571
32.9425
32.9116
32.8918
33.7932
33.7274
34.2847
33.9068
33.8142
34.35
33.5301
34.9015
34.7003
33.6796
34.9248
34.8452
35.5438
35.6186
35.0876
35.7494
35.8859
35.9662
36.2411
35.9486
36.2966
36.8799
38.2463
38.1148
38.6273
39.6621
38.6473
38.8289
39.7259
39.7266
38.6582
39.2912
40.2372
40.6455
39.799
41.8785
42.7158
42.9274
42.6379
42.1131
42.6231
43.9039
43.2018
43.2189
42.5296
43.0829
43.4332
43.7247
43.9889
42.4585
43.2492
42.6698
41.4307
41.2038
41.0543
40.6013
41.0608
40.7718
41.7487
40.3
40.6425
41.1735
40.6236
40.5942
40.1979
40.8616
40.788
41.9376
42.1425
42.7461
40.9108
41.9433
41.7638
41.4335
41.8604
41.4663
41.2154
42.6133
42.3977
42.1664
42.3169
41.2135
42.1351
41.7766
42.6976
42.3018
43.3691
42.4508
43.6354
43.1228
43.2324
44.6471
45.0247
43.6787
43.93
44.9717
45.0363
44.8251
44.517
44.9617
44.6719
45.4652
44.0575
43.7088
44.0719
45.1615
44.5985
44.5103
44.6104
45.078
46.0566
44.785
44.6805
45.0604
46.5961
44.879
45.1309
44.399
45.1015
45.3754
45.9427
45.663
46.0708
44.6046
45.8713
46.7311
44.7887
44.6931
44.2817
44.3203
44.498
44.5826
45.5599
45.2495
44.4009
43.6988
43.6832
43.3979
42.9805
42.5911
43.2427
41.5292
41.2589
41.786
42.1292
41.8876
41.7168
40.2199
39.7566
38.9841
38.9002
38.3223
39.1454
38.9404
38.0826
38.6531
38.0327
38.0859
37.5085
37.437
38.271
38.869
38.4243
38.6408
37.9211
37.5366
37.829
38.2988
37.9437
37.6221
37.9994
37.3106
37.1512
37.5086
36.6776
36.7999
36.9614
36.7958
36.349
36.7731
35.5282
36.3078
36.4629
37.2657
35.8471
35.6377
35.6431
35.5647
36.4644
36.2401
36.9076
36.3084
37.0055
37.3722
37.6195
36.0553
37.1519
37.0299
37.0072
38.0083
37.3056
38.0737
38.4991
38.3419
39.3133
38.5348
37.875
38.2129
37.8296
36.769
36.5709
35.8622
36.7012
36.2841
35.9664
36.3258
35.0156
35.6285
35.7042
34.8688
35.7292
34.1948
35.2599
35.8553
35.2615
35.3625
35.063
34.6926
35.1555
34.5807
34.1956
33.8493
34.3054
32.9811
32.6036
32.6997
32.2664
32.1635
31.719
32.3165
32.1592
32.432
32.1057
32.0152
32.2121
33.2935
32.59
33.6305
32.4522
32.748
33.921
32.3628
32.66
33.0297
31.5552
32.1771
32.3678
31.2052
31.7545
31.2575
31.939
30.8653
31.0054
30.4701
30.7769
30.1231
29.7966
29.5532
28.2944
28.6456
28.0035
28.3866
27.7929
28.1306
28.7144
28.3034
26.23
26.162
26.169
25.4847
26.062
25.5085
25.4755
25.6174
25.4007
24.9969
25.146
24.9079
24.2348
25.6188
24.8259
24.9937
24.8065
24.6999
25.8808
27.2209
25.4521
25.6997
26.0297
25.8627
25.4058
25.5531
24.4497
25.1031
25.117
24.1359
24.7402
25.0756
24.59
24.4514
24.3698
24.5651
25.1458
26.1207
24.9102
24.9107
25.1088
24.1119
24.7989
24.6849
25.0887
24.2258
23.6553
23.9035
24.0632
24.0492
24.3201
23.7088
23.5089
23.0625
23.5529
23.66
23.7273
24.3982
24.0822
24.9772
24.2738
24.5863
24.3055
23.4896
23.7267
24.517
22.5022
23.1712
23.4327
22.5324
22.3949
24.5719
22.7533
23.2292
