38.772
38.3107
39.1431
39.7035
39.342
39.4758
39.6952
39.099
38.9412
39.0031
41.5512
40.9674
40.3927
39.6555
38.6404
37.6687
37.6592
37.6763
36.9992
35.7241
35.8532
34.814
36.3685
36.3054
34.2866
34.6663
34.723
32.8885
33.0386
34.0062
35.5413
36.046
35.9404
35.6058
35.099
33.1714
32.0641
32.9942
32.2552
32.9905
34.7653
34.9753
34.3056
34.5523
33.6816
33.8544
36.8245
36.7786
36.4287
37.2451
36.3525
34.6598
34.5157
33.9206
32.7425
32.9273
32.3498
31.4832
32.6993
32.708
28.8535
29.7845
30.8109
29.8391
30.681
30.749
29.8173
30.7615
30.8041
32.5027
33.3011
33.2542
33.3379
34.3746
34.2492
33.4454
33.4718
33.5676
32.8629
32.288
31.4211
31.0678
34.8127
33.6733
36.2232
36.988
36.987
34.7559
33.4689
34.4543
32.4843
33.4058
36.3446
35.1901
36.83
40.0459
39.231
39.9905
41.1208
41.551
43.39
45.7028
45.9714
46.2916
45.8779
45.0408
45.6929
46.2173
47.6334
48.2774
47.919
46.0362
45.2414
43.8898
43.687
43.5931
42.3636
41.9329
43.7969
43.4561
43.6591
44.6601
43.3296
41.9573
41.6319
41.5133
40.9708
40.5271
40.2493
39.4086
41.0622
41.3733
39.0878
39.8757
39.3712
38.8248
38.6033
38.742
38.2551
39.7388
41.4862
42.3342
40.7689
39.6166
37.6027
38.1949
37.8711
36.8865
36.7433
38.0725
39.4281
40.4198
39.4908
38.6563
38.0732
37.7405
37.7661
38.6451
38.1275
37.4185
37.7529
37.5725
37.0789
37.0103
36.8722
37.5452
39.6629
40.2326
39.8909
40.6788
39.6768
38.2409
38.0718
37.6709
37.2935
37.3383
37.0088
35.7011
37.8459
39.338
38.486
38.075
38.7367
45.3114
50.2037
47.5191
45.7249
41.7595
39.401
39.361
42.2686
42.1326
41.0326
41.2042
41.9665
40.1976
41.106
40.9788
40.3458
41.6325
41.4638
40.739
43.7813
43.2718
41.1751
41.7015
40.7027
38.0986
38.7494
38.2726
37.4728
37.3334
37.4924
37.4234
40.1502
40.3199
41.073
41.3161
41.3396
39.1447
39.5971
39.7109
39.1997
38.8606
38.2619
38.1095
39.6438
39.733
39.4871
40.204
39.4164
37.1259
36.9202
36.9923
36.8905
36.9909
36.9278
36.6759
39.2947
38.9877
