48.1925
49.2162
49.8262
49.0786
49.9993
49.5135
49.7933
49.4276
49.4753
49.7679
51.9951
50.9772
49.9909
49.4402
48.7133
47.9567
48.5395
48.9415
48.9556
48.5941
49.5084
49.4755
49.2482
49.8409
49.3384
49.8857
49.5966
49.7675
49.7064
50.021
51.0876
51.8113
51.1514
50.4457
50.5153
51.0387
51.1966
50.6373
50.8262
51.5715
52.4042
52.4123
51.9949
51.1343
51.5239
51.1437
51.5571
52.3086
52.3848
52.4404
52.2338
52.0123
52.682
52.2825
51.8962
51.7703
51.7212
52.022
51.7182
52.0471
51.3635
50.9286
51.7741
52.1164
51.7653
51.7621
51.7453
51.2285
50.8729
51.748
51.4242
50.472
51.3031
50.695
50.8444
50.4673
50.0466
49.6221
48.5071
48.4009
48.3942
49.0672
49.1331
49.3397
50.183
50.9793
51.1796
50.1806
50.3668
50.6818
50.8168
50.4091
50.5907
49.2793
50.3461
50.5758
49.1868
48.5912
48.9883
50.457
51.1921
51.9208
52.1994
51.8043
51.9417
50.7289
51.0689
51.0992
50.5876
51.5132
50.0373
50.4367
50.1708
50.2935
49.8088
50.7137
50.4827
48.9871
49.6433
49.4179
50.5956
49.3629
48.5974
48.6878
48.6481
50.0145
48.9091
48.1925
48.358
48.8365
48.6322
48.353
48.2956
47.929
48.2579
47.9417
48.1386
47.7761
48.785
49.831
50.6113
51.0714
50.0456
50.055
49.6397
49.1739
49.0715
49.0183
49.041
49.7866
50.0106
49.173
48.5988
48.0874
47.1361
47.3417
48.122
48.5136
49.0368
48.2203
48.6642
48.1944
48.1707
48.5329
48.4189
48.1915
49.5392
50.3663
50.1996
50.9985
50.7955
50.4482
49.7842
49.1332
49.9722
49.4138
48.5483
49.2237
49.3444
50.077
50.2986
49.7829
49.9846
57.8321
62.2008
58.5534
56.7976
50.9742
49.3262
49.4555
48.9634
48.5215
48.8028
48.9244
50.2028
50.5829
50.7457
50.1424
50.3576
51.3391
49.969
49.4673
50.0316
49.7413
48.967
48.5279
47.7887
47.5719
47.3074
46.9652
47.0713
47.5521
47.7021
47.6308
48.1878
48.3638
48.0775
48.5736
48.7221
48.3533
48.4729
48.7101
47.914
47.9956
46.9464
46.5744
46.7978
47.0508
45.7952
46.1219
45.6039
46.0893
45.8743
45.7434
45.5914
45.7458
45.5028
46.1268
45.5754
45.1341
