48.7563
48.9217
48.0266
48.7641
48.3802
48.1671
47.7159
47.0439
46.5415
46.1118
47.0229
45.7258
45.2579
45.3981
44.8172
45.7164
45.5732
45.3499
45.1736
45.4417
45.3519
45.4925
45.9677
45.9518
45.6302
45.8447
45.1525
45.7412
45.6803
45.5207
46.9395
46.8904
46.4004
46.3877
45.4768
45.8662
45.3178
45.1574
45.2528
46.3633
47.1574
46.609
46.3262
45.3508
45.5475
46.0989
46.1544
46.2239
46.4483
46.7104
46.8593
46.8387
46.7098
46.5042
46.4497
46.507
46.2433
46.0892
46.3783
45.8472
45.613
45.7193
45.734
46.002
45.3811
45.8978
45.4318
46.0819
44.9597
45.2357
45.7548
45.1122
45.8564
45.7338
44.8945
45.1567
44.6949
44.8935
44.057
43.7474
43.6899
43.9647
44.3857
44.3826
44.3225
44.8902
45.385
45.5189
45.9671
46.7649
43.5344
43.9325
43.2574
43.4264
44.1159
41.898
43.9581
43.2507
43.2067
43.6224
44.2476
45.9465
45.3822
45.8602
45.6188
46.1462
45.2269
45.3107
45.9752
44.9932
45.9178
44.9713
44.9627
45.1203
44.4529
45.2838
45.4583
45.3968
45.3268
45.6758
47.031
46.2953
45.5904
44.8705
45.0544
44.4047
44.6027
44.8874
44.6618
44.6085
44.6411
45.082
44.816
44.308
44.2148
45.4402
44.2032
44.3709
43.8821
45.109
46.6749
46.6164
46.7845
46.1723
45.7425
44.9827
45.1713
45.1451
45.0448
45.2756
45.917
44.956
44.2822
43.0435
42.9963
43.2063
43.4947
43.8301
43.3958
43.3125
43.7966
43.492
43.7068
43.3575
43.0799
43.3212
43.7804
44.7761
44.6345
45.3278
44.9004
44.8057
43.5935
43.9968
44.2813
43.4086
44.3061
44.5177
44.6898
45.1647
45.2593
46.6938
47.5042
53.0424
55.2159
54.5368
49.4503
47.9503
46.0938
45.394
45.3978
45.4499
45.5043
45.4829
46.0169
46.7942
46.5758
45.7759
45.4904
45.715
45.7269
45.7908
45.7316
44.832
44.1191
43.5705
43.1201
43.5379
43.3822
42.585
42.6799
42.8041
43.0081
43.5537
43.086
43.5323
43.2609
44.2021
43.5174
43.5859
43.2806
43.4198
42.8452
42.29
42.3831
42.4056
42.1581
42.2427
41.5277
42.0976
41.729
41.7208
41.8825
41.8803
42.0541
41.7015
41.9467
42.6299
42.4021
42.6543
