43.8665
42.0444
44.3663
45.0705
44.9801
44.6591
45.231
40.6372
40.3383
41.1294
39.2272
37.8321
39.0127
37.6037
37.3142
37.4139
35.0397
35.4287
37.1637
37.3595
36.6054
38.149
35.5986
36.1757
35.944
35.4408
37.0397
35.5116
35.8041
36.3483
33.99
33.3644
33.7857
35.0657
35.6441
38.4276
40.9345
40.8744
40.6073
40.4133
39.1183
37.0959
37.0725
37.0191
37.7181
38.8085
37.6338
34.6607
34.3594
35.6275
38.5667
40.5141
43.6643
45.0792
49.1012
48.8621
49.1081
49.9584
47.2517
47.241
47.0885
44.4137
40.6073
39.3261
36.9273
37.0378
35.8842
35.2649
36.4454
37.9544
38.5056
37.359
37.2379
39.8218
40.4269
43.5518
45.3012
45.5386
45.4049
44.0101
42.3513
43.7557
43.8874
42.7554
42.836
41.4842
39.364
41.1381
40.3519
40.0056
38.8372
37.0356
36.8357
37.1927
34.7026
35.3594
36.5108
35.0684
34.6805
34.6191
34.8938
32.8493
33.8436
31.5677
33.4005
33.4684
32.3937
34.0843
36.5052
35.2135
37.6083
39.1492
38.5114
39.7503
39.3501
39.5357
39.4054
39.9615
38.6432
40.5477
40.2682
44.2258
44.47
42.9113
42.692
41.791
43.3271
42.9526
47.5916
48.3927
47.1984
53.466
49.0437
49.9778
51.0629
50.4085
50.9839
48.7391
49.0559
48.0557
44.5367
39.1111
39.3675
35.0583
35.6315
33.4139
32.4355
29.2501
29.9644
30.7042
31.6796
28.8146
29.1055
29.0736
30.1312
31.5273
31.8369
28.6857
30.131
31.7183
30.6851
30.5835
32.641
30.7084
32.2841
32.7423
33.6375
38.1489
37.4209
38.4446
37.1302
33.7881
37.6178
38.1747
36.8201
39.8884
38.7571
38.1594
40.2338
40.7787
39.7062
36.9077
37.0208
35.7595
34.2933
35.5132
37.5006
35.1857
36.3462
33.0045
32.6918
33.1037
31.6461
32.7289
30.3049
29.5994
28.9982
29.3022
31.6938
29.7864
31.2673
30.8376
29.9847
31.6177
31.2189
29.4386
30.1582
31.1865
28.0418
29.707
30.3278
29.2738
31.5012
33.6496
32.5982
33.8387
32.7576
32.7099
32.4965
31.9481
31.7649
34.6
34.7957
34.9457
35.9123
34.5065
34.6143
35.5118
36.06
33.8695
36.4032
39.9217
38.6609
38.1001
38.0403
37.7818
36.0429
40.9076
40.3842
43.1279
46.5165
45.5891
46.9129
41.7689
41.444
39.9971
37.6857
37.9096
35.7155
35.6667
36.2259
36.3543
38.8122
39.0808
39.6529
39.0056
38.362
35.6795
38.4922
38.5847
36.8623
37.5193
36.2067
35.8784
37.9531
34.2374
36.1467
37.4267
35.0222
35.8791
37.021
34.9929
35.8633
36.0749
35.2965
38.9312
41.2008
39.2054
40.7929
42.4172
41.5075
42.213
44.9133
42.366
44.5194
43.1388
41.073
40.3813
40.2738
38.329
42.9045
41.7359
40.791
39.9389
41.0257
37.8035
39.5914
39.181
38.3461
35.6714
