50.644
50.7317
51.3583
49.9009
50.459
50.644
50.4373
50.086
51.8098
51.6336
51.7631
52.1915
53.7222
53.2525
52.7286
54.1984
53.597
53.2478
53.0979
52.4665
53.1664
51.6911
51.8754
50.3792
51.056
50.3141
48.3292
48.049
46.4711
46.8786
45.3042
46.6452
46.3601
46.6395
46.4841
47.9502
48.3483
48.9276
49.8782
49.0778
48.7596
48.4519
49.4583
48.9854
47.7485
46.0311
46.8852
48.3647
49.0718
49.6768
51.4655
51.5349
51.0419
50.2672
49.2829
50.071
48.7232
50.4048
50.6802
48.0977
45.7152
46.0785
45.6027
45.0293
43.1891
44.1852
43.8536
41.3232
39.7556
39.9192
41.9788
41.5119
40.9297
42.683
43.7221
43.5764
42.8995
45.552
47.5455
46.0186
44.6181
43.8943
45.9207
46.3695
45.927
45.0912
46.1233
46.685
45.7639
48.3322
47.7333
46.6827
46.7899
47.5411
47.4242
46.6295
47.3116
48.9923
49.1821
49.2646
51.4852
51.9275
51.7905
53.2612
52.2791
53.3532
52.6848
52.5777
52.4571
52.6998
53.1909
53.0695
51.8043
50.3033
49.578
48.3538
48.0083
47.4118
45.6346
46.3061
46.132
43.2096
44.2595
45.5814
48.9872
51.071
50.3363
50.9054
51.1458
51.5739
51.4885
52.1753
51.0794
50.7541
50.0407
49.9592
50.6337
49.3874
48.3242
47.3237
47.632
46.4367
46.6317
46.0429
45.2192
43.9838
43.0154
43.1174
43.2576
43.2098
41.2438
39.5655
38.1271
38.501
39.3027
38.0114
41.8869
42.5633
41.6561
41.5417
42.6073
41.8384
41.7308
39.8366
39.3033
40.0856
41.3505
41.686
40.974
40.8651
41.4003
41.5097
41.2219
42.9967
43.6738
42.514
43.896
43.2338
44.2642
45.7109
44.8695
42.7007
40.7092
41.72
41.898
39.9743
40.354
39.5663
41.452
44.3838
43.4679
42.2401
41.1855
41.0056
40.2312
39.2
39.6883
40.3525
41.0294
41.4153
41.5504
41.1398
41.5003
41.8143
42.2026
42.2723
41.1578
41.6854
42.0998
43.9529
43.4172
44.9346
45.2086
46.544
45.431
45.8457
46.1113
46.6874
45.959
46.5967
46.6536
48.3523
49.3107
49.8092
48.6003
48.9042
47.657
47.8564
49.7862
51.1333
50.7429
50.9421
51.0244
51.1593
51.4154
50.0699
48.5803
48.97
49.2672
49.7269
48.9134
49.9032
49.2698
49.6039
49.6764
50.7454
51.475
50.414
50.8174
49.7216
50.0182
49.2594
50.042
50.3295
49.6349
50.299
50.5147
50.7817
50.5465
50.9211
50.5339
50.3533
50.1254
50.7891
51.5406
50.4617
51.4025
50.9466
51.5535
51.7404
53.0135
53.9222
53.5234
53.703
54.183
53.659
52.4989
51.7502
49.6119
48.8316
49.554
48.6811
49.281
48.194
48.7002
47.7471
45.1234
44.877
44.7976
43.8884
43.6619
43.4633
42.701
42.398
41.3597
42.3207
43.8908
44.0312
43.6064
46.4286
46.9601
43.6504
45.1567
43.8028
43.0335
44.6738
44.8748
44.2417
45.1935
45.5877
45.2335
44.9524
45.5208
46.6177
46.2888
45.9562
46.2859
46.6925
45.7312
46.7715
47.6019
47.708
47.2588
46.9606
47.1934
48.2041
46.8218
48.1428
47.0998
47.5631
47.1833
47.2297
46.4749
47.1576
45.9974
46.0118
44.0474
44.3899
44.6959
41.7557
43.1315
42.9517
43.348
43.6937
43.5657
41.2665
43.2782
42.6435
41.5249
40.5275
39.5516
40.5706
39.6636
38.3016
38.0776
38.7045
38.2779
38.2179
38.6365
37.5219
37.3825
37.8238
38.5999
39.4538
41.2992
41.8652
40.4725
40.2008
40.1442
39.1493
40.5762
38.2529
37.3689
37.1209
33.7732
35.9098
33.834
33.0203
35.1182
34.1968
34.6414
35.2501
35.2522
35.9379
34.4204
33.9776
34.3809
33.3994
34.5823
33.8754
34.3238
35.6225
35.4837
35.8676
36.5401
38.0905
36.0853
36.5859
35.9694
35.8068
36.7319
36.7394
36.4115
36.2599
36.3585
37.0993
37.242
35.1568
38.4501
38.1943
36.5942
37.5117
37.0866
38.0896
36.9741
37.6935
37.5749
37.9946
37.3146
37.1185
38.7816
38.6553
40.9225
39.7112
39.3523
39.0649
39.9231
39.2003
39.6249
38.2575
40.3717
39.2549
38.0694
38.3103
38.924
41.4998
40.5313
40.3976
38.9804
39.409
39.4764
40.1591
39.6298
39.8804
39.6793
39.8349
40.7588
40.4836
41.3304
40.0297
40.1185
42.1701
42.1998
42.0413
43.2316
42.53
41.5874
41.6329
42.8747
42.9082
42.6617
42.8339
41.7608
42.1947
42.1524
43.0118
44.2416
42.844
42.9912
43.3831
44.8094
43.8812
44.8266
43.5176
45.1474
44.0601
44.2177
44.5595
45.0946
44.7569
45.571
46.9862
47.0321
45.7611
44.8637
44.5226
45.3559
46.0078
46.2917
46.5547
45.8323
46.6626
47.4478
47.0404
46.7798
45.3385
46.0502
47.5648
46.4028
47.0771
