41.0935
42.0099
42.2147
42.6667
43.1716
43.4584
44.024
43.1115
44.5661
44.4101
44.2463
45.8561
45.1849
46.2443
46.1335
46.3593
47.9926
47.2158
47.3389
47.7102
47.6239
48.4922
48.7803
50.9007
50.7297
50.3405
51.2152
50.5892
50.9775
51.4539
52.5129
52.8184
53.2264
54.1418
53.3233
54.5969
55.88
55.0832
53.9241
54.6271
54.1362
56.8946
56.3924
55.3761
55.6061
55.7391
55.8071
56.5388
57.5025
56.8993
55.6665
55.5639
56.0128
55.8806
55.6837
56.1121
55.8814
55.3868
56.2326
55.4693
55.6994
55.1568
55.4596
55.0996
54.4697
55.2641
53.8783
53.879
54.3144
53.5735
52.1345
52.7947
51.9192
52.1402
52.7046
51.3033
51.5859
52.1583
52.1114
51.1191
51.1666
50.7696
51.0651
50.327
51.022
50.4262
50.8297
49.8486
49.1311
49.4283
49.1733
47.6202
47.2895
46.8393
47.3852
46.3342
46.0529
45.8776
45.7072
46.084
45.6144
44.9634
43.7313
44.0539
43.8902
42.9711
43.4895
43.8635
43.1551
43.3002
42.8247
43.3158
42.2624
41.6445
41.9285
42.6925
43.2888
41.5671
42.5049
43.0907
42.3885
43.1337
44.1753
43.8427
44.0405
43.8814
44.8713
44.5944
44.9919
46.1049
46.8642
46.3178
46.8373
46.9863
46.4569
47.7091
48.3941
48.78
48.8467
48.7877
53.9094
54.7051
54.0485
55.9342
55.2054
55.205
56.6333
56.423
57.5203
58.0472
57.4458
58.406
58.7636
59.1163
57.6418
58.5438
60.2983
59.294
60.1015
59.8345
61.2063
59.9242
62.872
60.9806
61.5305
61.2664
62.1935
61.1675
61.7745
61.8381
62.1457
61.0393
62.4815
62.2164
62.4005
62.6965
62.9641
61.5593
63.4973
62.4922
63.3743
61.8992
61.0738
62.7888
61.6436
62.0055
61.2408
61.7529
60.2337
60.7031
60.5881
60.8842
60.6472
59.5393
60.0621
59.866
58.756
59.4893
58.4013
58.6108
57.538
57.8672
58.3072
56.8984
56.8353
56.8145
56.5038
56.4601
56.0952
56.2432
55.3568
55.7257
54.8911
53.7901
54.6482
54.3868
52.9399
52.1521
52.9203
51.8396
52.2004
51.7102
51.573
51.1128
49.6574
51.0126
50.7423
51.562
50.4865
50.761
50.3876
50.0383
50.6853
50.8106
51.2013
50.0207
50.3145
49.8407
50.3592
50.8955
