11.9612
11.1968
11.5257
12.1307
12.2898
13.2505
12.4488
11.4492
11.1836
12.7627
11.9497
12.7923
12.9799
14.0554
13.1918
12.6281
12.3404
12.7931
12.6632
12.3846
14.1073
13.1334
13.3055
12.0938
13.4352
12.6445
13.0339
12.5278
13.2439
13.9652
13.0239
11.8146
12.1075
11.8103
12.2768
12.8889
13.2579
12.3977
14.2461
14.05
14.2529
13.3166
14.7914
14.0241
13.7139
14.7327
15.5892
14.7369
15.2399
15.8934
15.7771
15.292
15.1043
15.0664
14.9359
14.7211
14.2657
15.2941
13.9938
15.345
15.3364
16.1926
17.1571
16.3065
14.7945
14.5072
14.4244
14.748
15.8185
15.2411
15.1457
14.8152
15.7356
15.5062
15.3087
14.6289
15.3635
14.4989
14.2802
14.2326
14.3776
14.6644
14.4995
15.6725
15.2689
16.5375
14.8003
15.6889
16.0418
14.1506
15.1106
15.0347
15.7733
15.8356
15.9813
16.7578
16.7644
16.178
15.8256
16.6546
16.5673
15.8831
15.6228
15.6662
16.4567
15.3369
15.8678
14.9044
15.4906
16.3837
16.4157
15.54
15.7789
15.9351
15.8081
14.7027
14.7301
15.9175
15.0073
15.1429
16.0522
15.2258
15.6528
15.0376
14.3566
15.5879
14.9558
14.7605
15.9239
15.7884
16.5786
15.5196
16.0016
16.1725
15.9228
16.5796
17.3043
16.9346
17.2471
16.9465
17.1015
16.3665
16.2096
16.7776
17.082
16.6127
15.162
15.3379
15.9684
16.0148
15.814
15.6229
16.4314
16.5345
15.0094
16.0051
15.804
16.0731
16.5556
16.9671
16.5989
16.8721
16.5305
17.7863
17.2014
18.0548
18.0733
17.7841
17.3988
17.4389
18.3841
18.5638
19.4309
19.3528
17.8375
17.2102
17.6425
17.2081
18.1142
17.4662
16.7699
17.3407
17.8476
18.3487
16.5953
16.5862
18.744
19.0335
18.6718
20.0062
18.6706
17.9651
17.1408
18.8707
19.2371
18.0426
19.0821
17.6714
17.8649
18.5372
17.8606
19.7168
18.3774
18.32
20.2363
18.9579
18.1677
18.8294
19.5219
18.7454
18.2933
19.9856
19.5581
19.6062
18.7815
19.3849
19.492
18.937
19.3559
19.9245
19.6024
19.2128
18.0046
18.3519
19.3474
19.6607
19.4491
18.6201
18.9257
19.2114
18.7021
19.2069
19.1239
19.1764
19.8422
19.6898
18.971
18.6712
18.7804
19.3681
