39.1834
38.9363
38.6318
38.4392
37.4022
36.8895
36.1789
37.7759
37.2049
37.2587
37.3335
36.7257
36.5624
36.1489
36.5764
36.9822
36.9365
36.9017
36.5609
38.2688
38.2503
37.3674
39.6085
39.7925
39.93
39.788
40.2641
40.1806
41.2075
40.2506
39.1793
38.6904
37.6159
37.1102
37.3525
37.1954
37.8171
37.8424
37.1356
36.1146
37.1364
36.914
36.0205
36.5763
36.6594
36.6334
37.974
37.9313
38.6785
37.6514
37.5899
37.1715
38.3356
37.3425
36.6955
36.1323
36.442
36.2402
36.9986
37.9117
38.2873
38.0762
37.2742
36.8485
37.2874
37.0088
37.0807
37.2566
36.8066
36.1938
37.2755
36.695
38.326
38.2151
37.8179
36.5766
36.9666
37.103
37.0465
38.2163
37.3366
36.6671
36.9638
38.1638
36.9112
35.8607
36.8256
35.828
34.9918
34.5096
34.7139
34.9942
36.1906
36.4864
37.6181
37.2287
38.1862
37.6418
37.7534
36.2569
36.4963
35.9342
35.1963
36.9177
36.2798
35.6807
36.2945
35.8463
35.6672
35.457
35.5285
35.4216
36.2465
36.2092
35.3749
35.9391
35.7082
35.078
36.8389
36.7052
36.5452
36.8083
37.234
36.0896
36.9012
37.0386
36.0278
35.8527
35.2127
34.5685
34.8115
35.843
36.1421
36.9148
35.803
35.2202
36.1415
36.3593
35.7734
35.5442
17.8152
16.1825
18.6513
20.1396
16.9069
19.5062
18.3649
16.6428
18.0695
18.1313
16.9391
17.6821
18.4899
15.5776
19.4195
18.5144
17.2027
18.5351
18.959
16.1227
18.177
18.5073
16.7956
17.8779
18.8613
17.4108
19.0743
19.5593
17.7338
19.7141
19.4252
18.9519
21.8655
20.5738
18.4547
20.1586
20.1382
18.6953
20.7066
20.7532
17.9702
20.2752
21.2607
19.6501
20.6195
21.7984
19.8399
20.8053
19.8248
18.4841
21.5159
21.3493
19.2595
20.4513
20.1109
19.0417
20.7395
20.9661
19.0909
20.7148
20.6045
18.756
21.7893
21.4528
18.3242
21.2742
21.5812
19.6309
22.6454
22.3822
19.9077
22.3413
20.9925
19.6341
22.6493
22.504
20.3095
22.3627
22.4796
21.0059
22.04
22.3861
21.4883
21.772
22.0635
20.6295
21.9232
22.4236
20.3356
22.6491
24.1375
22.1467
22.8697
22.7606
20.8337
22.082
22.0494
21.2401
24.4585
21.1545
