25.2693
25.2693
25.2693
25.7284
25.5769
25.527
25.7499
24.3615
25.031
25.3412
26.5121
26.3401
26.7483
26.3851
26.0093
25.0973
25.1088
25.1419
25.4331
24.7134
24.0533
23.4984
23.7126
23.197
22.347
21.138
21.0033
21.5957
21.4109
21.812
21.4473
21.2947
20.8368
20.1569
19.9998
19.9906
19.3246
18.9533
19.5269
19.642
20.0685
20.4725
21.1398
21.5189
21.5915
21.907
22.2717
22.6104
22.7475
23.247
21.8194
22.6648
23.3436
22.8216
22.6711
22.7021
22.7395
23.4722
23.2973
23.2035
22.6606
22.6595
22.8354
23.4644
23.2468
23.2048
23.0144
22.9666
21.606
21.7018
20.9871
20.1742
19.8314
19.3474
19.3884
20.2037
19.3553
18.3565
19.6559
19.7031
19.1088
19.8971
19.4664
19.0458
20.1702
21.0165
21.5052
21.1582
21.7616
20.7245
21.6351
21.878
21.1421
21.5781
22.3659
23.0247
22.6479
24.0808
24.0621
23.5798
23.4805
23.9342
23.7375
23.9812
23.7781
22.945
22.1572
24.0812
24.1104
24.2739
23.803
23.2493
23.4005
23.4845
22.6073
23.2199
23.3279
24.8514
24.4663
24.4017
23.9971
24.4757
25.2249
25.1761
24.806
23.713
23.9486
24.3
24.0867
23.3108
23.8593
24.4869
24.8166
24.6026
25.1012
24.0523
23.269
23.5762
22.6772
23.2275
21.7756
20.5423
20.5307
19.4428
19.4444
20.1829
20.1198
20.2575
20.6316
21.4929
22.1048
22.4359
21.1948
21.5412
22.4301
22.1456
22.1347
21.5982
21.3121
21.1073
20.4594
19.378
19.2073
18.603
18.8454
17.4924
17.3409
18.2391
19.0167
18.6059
19.0431
18.2212
17.1383
16.5809
15.8304
15.4688
15.0144
15.6029
15.4449
15.4219
15.9402
15.7413
16.0837
16.5683
15.9957
16.8158
17.0252
17.1681
17.4859
16.7518
16.7023
16.1827
14.5907
15.0376
15.3178
14.7979
15.1635
13.8698
13.887
14.4818
13.9119
14.674
15.1487
14.5501
14.6781
14.9574
16.1007
15.1018
14.9222
15.3438
14.9485
15.0631
14.9349
15.1021
14.1943
14.9087
15.7486
17.119
17.0336
17.6242
18.6961
18.5088
19.6475
19.961
19.3665
19.2378
20.1592
20.9454
20.8433
20.5748
20.2604
21.2334
21.8209
22.7434
22.0902
22.7787
20.9932
21.7492
22.6957
22.4679
22.3432
22.6559
22.7023
23.1578
22.5195
21.6963
22.6159
22.5117
22.3296
21.6539
21.309
22.2103
22.8406
22.034
22.5728
22.7201
22.4655
21.9416
23.1406
23.2327
22.799
21.5597
21.7954
22.8298
21.1655
21.4213
21.1372
20.875
21.485
21.4566
21.3168
21.2007
21.4177
20.9116
21.5358
21.3112
21.7091
22.0711
21.8099
21.3441
20.993
19.8576
20.4381
20.1403
20.9484
19.6241
20.7085
20.3181
19.9645
20.8023
19.5168
20.1782
19.4154
19.5943
20.6235
20.0231
19.2005
19.1067
18.9302
19.4727
18.9294
18.8986
18.7764
20.4849
19.9496
19.8762
19.4063
19.8721
19.2279
19.9115
19.7141
19.268
19.3951
19.8585
19.1368
18.3437
19.0203
19.6247
18.8804
18.2979
19.2482
18.8508
18.7063
18.4055
18.7272
18.4393
18.9179
19.3547
18.9997
18.6676
19.8085
19.8263
18.9356
18.9341
19.7693
19.7275
19.4565
19.2823
19.239
18.8123
18.7287
19.1175
19.2387
19.5478
19.4061
19.2672
18.6444
18.8247
19.1408
19.0494
18.5766
18.3064
19.0617
18.8962
18.875
19.7689
20.4261
19.5551
18.4062
19.4304
20.2735
19.794
19.1621
19.9461
19.0941
19.449
19.0167
18.8285
18.0608
17.6445
18.5554
18.8373
19.4187
18.4546
18.6666
19.3163
19.303
19.286
19.0146
19.233
17.6412
18.2449
18.9953
18.4266
18.1808
18.7923
18.3409
18.7079
17.9603
19.8132
18.9594
18.5755
18.7453
19.0924
18.2344
18.7944
18.5533
18.2202
19.1106
20.1622
19.617
20.2038
20.0513
19.7306
19.5254
19.0082
19.8405
19.4549
19.7659
19.2102
19.7273
19.8484
18.9133
19.9843
18.7302
19.2499
19.4844
18.7648
18.2385
17.2693
18.6229
17.9914
18.1148
18.0128
17.6229
17.908
17.1856
16.4862
16.886
16.7542
16.3508
15.812
16.1015
15.888
16.0876
16.3585
17.0173
16.6237
16.6648
17.092
17.4709
16.9212
18.1705
17.7161
17.3078
16.7586
17.0286
16.9231
17.3876
16.9867
16.7093
16.952
17.0786
17.3848
17.4961
17.3719
16.8691
17.1263
16.4384
15.3099
14.5909
15.6371
16.2785
16.1232
15.3868
15.374
13.2491
15.1167
15.7891
16.6149
15.9605
15.8271
16.4143
16.1236
16.4309
16.3529
17.2329
17.6586
18.7689
18.4135
18.1954
19.3701
19.3241
19.685
19.8212
19.7816
18.8244
18.3573
18.844
19.1808
18.6054
18.5606
17.3063
17.5416
17.7417
17.3049
17.0906
17.2958
17.4478
17.7859
