33.2549
32.6781
32.8066
33.1226
32.9414
33.2507
34.4315
34.1527
33.5158
34.6341
33.5468
32.9492
32.0848
33.5366
33.6063
33.4239
33.8281
33.6859
33.3973
33.6958
33.4639
33.7657
32.7312
33.4763
32.0598
32.0243
31.5121
32.6345
33.1822
32.7324
33.2854
32.0921
32.6068
33.1853
31.3778
31.3418
30.8716
31.2388
31.6073
31.5374
31.4831
30.5325
31.8805
29.9131
30.1734
30.6613
31.9302
31.0196
30.876
31.5461
30.5191
32.6531
31.1682
32.0649
31.8605
31.0751
29.8201
30.6499
29.7188
30.6052
29.4727
29.8734
29.2269
30.6157
29.0917
29.8567
30.3312
29.7643
29.3087
30.1673
29.4802
30.4038
30.7011
30.1807
30.5018
32.0145
31.39
30.6638
31.8455
31.1538
31.2796
31.7461
31.5819
31.5352
30.1153
31.9777
32.1039
31.1202
30.6793
30.838
31.009
30.9364
31.3003
31.7346
30.1968
29.9712
27.8368
27.8101
29.6977
28.1163
26.8319
26.9882
26.9047
27.0291
26.6388
27.2455
26.833
26.7672
26.4316
27.0214
27.0909
26.5424
27.1044
27.5466
27.2267
26.299
26.3635
25.8473
25.405
25.7783
24.6022
26.2411
25.9452
25.4641
25.4704
24.1923
24.8132
24.472
25.7692
25.4789
25.5173
25.567
23.9421
25.7463
25.2389
25.8484
25.2043
25.3027
24.2697
25.6603
24.9943
24.9626
25.0433
24.337
23.4416
25.0245
24.8973
24.3957
25.7369
25.3393
25.2171
25.9029
25.6968
23.8038
26.0881
25.4698
24.54
25.177
24.8746
24.6056
24.6099
25.0547
24.9025
25.2301
24.981
24.8069
25.7916
25.3083
24.5373
26.0936
26.1818
25.2674
25.7773
26.4187
25.6156
26.1254
25.864
25.391
27.3529
26.727
25.0179
26.3082
26.1247
25.7363
26.9805
26.9843
26.4034
26.2743
26.0689
25.8498
27.2455
28.8095
26.3153
27.1387
28.3172
27.7443
27.3398
26.5902
25.7712
26.3034
26.6488
26.4703
28.6383
29.2297
27.5271
29.1664
28.4464
28.0241
27.5229
27.928
27.228
27.3962
25.3949
26.9167
29.6042
28.2557
28.1194
27.1775
28.5283
27.4738
28.0944
28.3426
27.2291
28.559
27.9826
27.8267
28.6673
29.9485
28.0677
28.8333
29.4189
27.9537
27.9143
27.5796
26.2937
27.1036
26.3996
25.9341
28.4778
28.1159
28.8266
27.2765
26.9688
26.9659
26.3065
27.0555
26.6997
26.0877
25.9148
25.1715
26.0393
26.7134
26.7997
25.7472
25.6216
25.0446
25.8374
24.431
24.5107
24.4576
24.1631
24.0242
25.3778
25.0889
24.0632
25.1071
26.1166
24.7365
25.5678
24.7856
24.7096
25.681
25.1868
24.5268
25.3619
24.8695
24.9682
25.2269
26.03
24.1849
24.7543
23.1102
25.3717
24.4219
23.9109
22.9121
24.8975
24.5473
24.9825
23.7375
24.8614
24.2845
24.8323
23.9716
24.5826
25.1542
23.3275
23.6718
23.6613
23.9736
22.2665
23.5883
22.2832
22.4481
22.2131
21.1897
22.0171
20.7935
21.4652
19.9868
22.4973
21.8906
22.2751
21.177
22.5313
21.0853
20.8246
21.1471
20.9458
21.4551
21.2946
20.7677
21.9298
21.5096
21.4015
20.8556
20.312
20.3479
20.4501
20.6371
21.1349
20.9279
20.9409
20.6235
22.006
21.0307
20.7702
21.6649
21.5872
21.2189
21.0025
21.8139
21.0449
21.6738
21.2628
21.0815
21.9384
20.4888
22.0043
21.5088
21.4871
21.89
20.8308
21.8301
21.5232
21.0325
21.3898
20.853
23.0714
22.2405
21.6491
22.3725
22.7155
22.2864
21.6454
21.87
22.2662
21.3012
21.3651
20.9077
22.0492
22.0873
21.5267
22.1089
21.4681
22.2202
22.1868
21.5956
21.6093
22.0017
21.5569
20.7488
21.1335
21.9319
20.6859
21.2528
21.7332
21.9243
21.8656
22.3257
21.9843
21.5035
22.1627
21.6856
22.209
22.1588
22.3128
22.0765
22.0084
22.3448
22.6016
21.9379
21.6376
22.4485
21.6156
21.3242
22.0012
21.9699
21.5826
22.5154
21.8225
22.1865
21.5586
21.8664
21.9106
21.8294
21.6905
21.3715
22.7603
22.7467
22.0449
21.8504
21.6803
21.8277
21.8257
21.6853
21.7972
21.6285
21.8852
20.1766
21.9308
21.6912
20.7092
21.8441
21.657
20.8447
21.6672
21.991
21.3748
20.9256
20.831
19.7285
21.6988
21.6652
21.4561
21.983
22.6727
21.7904
21.6965
21.1779
20.3979
21.5809
21.3835
20.7847
21.8838
22.3404
21.2329
22.8157
22.7417
22.5511
22.8598
22.8577
22.196
22.3511
22.7922
21.9203
22.4662
22.2997
21.2621
21.9124
22.4663
21.6736
22.1525
21.169
21.0169
20.8186
21.3879
20.9894
22.7507
22.3633
21.2659
22.8394
22.5722
21.5184
21.994
21.6349
21.1571
21.5578
21.6363
20.9014
22.0984
22.0401
20.7415
21.757
21.4101
20.3865
21.2719
21.3893
20.8434
20.926
20.9302
20.5256
21.4588
21.339
20.0312
21.717
21.96
21.6658
22.0083
21.68
21.1646
20.6748
20.4942
19.6653
21.1539
20.9832
20.2947
20.5265
20.6025
19.5429
20.6346
21.1397
20.4562
20.7726
21.0395
20.4011
22.1269
21.9014
21.3223
22.4618
22.0138
22.049
22.5048
22.7681
21.788
22.4208
22.4434
21.9828
22.2798
22.2038
20.9687
22.2716
22.6385
22.1851
22.0047
21.8457
21.4217
21.705
21.765
21.2756
21.4863
21.5936
20.1137
21.2876
20.9547
21.1285
21.5847
21.0913
21.487
21.1518
21.4054
21.4976
21.7931
22.2953
21.9447
23.0229
22.5383
21.8199
22.7118
22.2781
22.5105
22.4026
22.3134
21.5973
23.2707
23.2405
21.8318
23.0291
22.6081
22.0389
22.3453
22.6679
22.1212
22.0305
22.5285
22.1643
23.1249
22.812
21.7501
22.4891
22.5366
22.1977
23.0149
22.503
21.1988
21.8735
21.5434
20.6997
21.6491
21.4675
