38.3175
38.5251
39.0075
38.7599
36.7592
36.265
36.2791
37.1944
37.7966
37.1294
37.0641
36.2952
35.6726
36.0262
36.742
37.0528
36.8965
36.7089
37.4882
37.572
38.2292
37.7809
38.9361
39.3655
39.3728
39.2518
39.9928
41.049
40.6798
40.3077
39.1989
37.9867
37.6143
37.542
36.531
37.4499
37.2832
36.9806
36.9486
36.7432
36.5549
36.9235
36.6837
36.4895
36.9351
37.4004
37.3951
37.3685
37.6599
37.2586
37.06
36.666
37.2685
37.352
36.9595
36.6091
36.4629
37.1037
36.4047
37.5672
38.2473
37.5945
37.3678
37.6932
37.2312
37.0404
37.9699
37.4005
37.607
37.4994
36.8395
36.6059
37.1396
37.5142
37.1383
36.5344
36.8181
36.9923
37.2062
37.4406
37.2798
36.7191
37.508
37.3586
36.4922
35.9883
36.2911
35.9737
35.2771
34.8974
34.8579
35.8186
37.1195
37.522
37.3528
36.7161
37.0138
37.4752
37.6002
36.1951
36.264
36.3377
35.8642
36.2533
36.2961
36.6406
36.2327
35.0967
35.5377
34.9523
35.2949
35.93
36.2586
36.716
36.3472
36.1616
35.8578
35.4145
36.3185
36.1965
35.7731
36.0472
36.632
36.4213
37.1217
36.7338
36.1625
35.3064
34.5492
34.3045
34.5541
35.2683
35.2553
36.044
35.1061
35.454
35.9336
36.2481
36.5041
36.4131
13.3952
12.7322
13.2493
14.0041
13.6349
14.1525
13.1886
13.5919
12.6464
13.5251
13.6132
13.2702
12.842
13.1332
14.0514
13.4714
15.0415
14.6509
13.7181
12.8512
12.5763
13.8509
14.5733
13.17
14.0094
14.5868
13.1285
14.0855
15.0935
14.2227
14.0186
15.8556
16.6313
15.4517
15.2316
14.7964
15.127
15.9554
14.3707
15.5483
15.0655
14.7644
15.6586
15.5185
15.8596
16.1609
16.2735
15.5426
15.1394
15.3984
14.9849
15.7628
15.5297
15.3211
15.3474
15.0195
15.8091
16.6244
15.5243
15.2203
15.0718
15.6874
16.4637
15.5049
15.7951
15.79
15.7607
16.3876
17.1436
16.2768
16.2135
17.0654
17.3416
16.668
17.3857
16.6779
16.28
17.0456
17.4923
16.9657
17.1894
16.8418
17.9433
16.7657
17.3167
16.8365
16.2062
16.7102
16.6363
16.4283
17.9208
17.585
17.3981
16.8586
17.1625
16.8999
17.0165
17.6898
17.7931
17.3573
