54.1992
55.5593
55.9836
55.8325
55.7475
56.6091
56.3915
57.7835
57.9838
57.7603
58.4564
58.5973
58.0323
58.2706
60.4452
59.3652
60.5328
59.3435
59.8441
60.8572
61.3043
61.462
61.3307
60.7692
62.1925
62.0241
62.7275
62.4534
62.7869
62.1541
61.7812
62.7733
63.0818
63.4974
63.4884
63.8868
63.2686
63.7938
64.5187
63.6494
63.7585
62.862
62.6596
63.0899
63.2219
62.6695
62.611
63.5365
61.4747
61.4453
61.7259
61.6849
60.1253
61.3319
60.4246
59.0905
59.7348
59.8266
59.2176
58.5902
58.7817
58.7515
56.8681
57.1186
56.1742
56.1649
55.3407
55.2726
56.0748
54.0642
53.8355
53.439
53.321
52.5975
52.9094
51.1104
50.8106
49.7396
51.7025
50.0292
49.9594
48.424
48.4906
48.7831
47.4219
47.4851
47.621
47.7322
47.56
46.7646
45.7125
46.0771
46.1464
45.2268
45.2093
45.7969
45.7206
46.2812
45.5187
44.8219
46.0198
46.8311
46.7408
46.5047
46.9322
47.4051
47.5627
46.6382
47.4929
47.4397
47.4895
49.093
49.4899
49.0221
48.8979
49.1474
49.5381
49.0901
51.5824
50.4884
51.9416
52.21
51.2824
53.4709
52.3326
54.2635
53.2227
54.2821
53.9962
55.3877
54.8226
55.9978
56.2982
54.7141
56.2069
57.2199
56.7708
57.6775
57.9392
57.498
58.4481
57.7346
57.9325
58.7527
58.8655
58.7468
59.3674
59.0132
60.1232
59.9204
60.4726
59.198
61.2292
61.1245
59.915
60.6936
59.491
60.4844
59.3503
60.4401
60.5277
59.9755
61.0999
60.3422
60.0886
59.4178
59.2758
59.1302
60.5959
60.6755
60.0916
59.6763
59.7299
58.5021
59.9281
58.6176
59.0381
57.7786
59.0754
58.9107
57.9378
57.5512
58.7345
56.3435
56.2066
55.9994
55.2368
54.5623
55.0273
54.5092
53.5153
52.0534
54.0241
52.5073
52.1742
51.2076
51.0044
50.6498
51.0279
50.7466
49.6532
48.9458
49.2392
48.2977
48.4703
48.264
47.3389
46.4091
47.0431
45.9348
46.8534
46.5398
46.9194
46.9694
45.9748
46.2161
46.0669
45.033
45.6184
44.7848
43.8811
45.3605
44.203
44.6912
43.5261
43.3621
44.715
44.912
43.7905
43.2676
45.4966
45.6644
45.9851
44.6168
45.0867
46.1462
46.2253
45.5669
46.2743
45.2782
46.6861
47.788
46.653
47.5977
48.4475
48.9205
48.3761
48.8625
48.5685
50.226
