48.2048
49.8352
49.4751
47.8847
47.2975
47.7899
47.3394
46.363
45.1707
43.4649
44.6584
44.7671
44.2974
45.2724
43.8588
42.877
43.0341
43.8442
42.3528
41.8919
41.6776
40.2728
40.544
40.6748
39.4335
40.345
39.0005
37.9814
41.2049
40.0766
40.8041
40.5974
40.2738
39.13
39.8918
41.81
41.2154
41.9273
40.7596
39.5723
41.113
40.4013
39.0426
41.2336
40.9214
40.3025
40.2786
40.518
40.0532
40.1707
39.4526
39.0846
40.0298
39.2469
38.6752
39.4877
38.5562
38.118
40.1248
40.7981
41.617
41.5682
41.057
41.506
42.0212
42.2971
43.6318
44.3742
42.9033
43.9033
45.3495
45.5367
48.6713
50.1097
49.7761
49.7033
48.5905
47.9793
47.2057
47.8924
47.5061
47.1759
48.7357
49.4559
51.4242
51.3098
49.7638
47.777
49.31
48.2469
46.5945
46.1841
45.6602
44.2236
43.233
43.0132
42.9997
43.088
43.0592
42.149
42.4177
41.557
41.1794
42.3878
42.4819
41.0328
43.6214
42.779
42.4684
44.4844
43.5282
42.9231
43.5151
42.7034
42.5032
43.8179
42.6517
42.6839
42.8399
42.7614
42.7183
42.2688
40.4529
40.7891
42.1366
42.0541
41.7523
42.643
40.9241
41.4189
42.9484
42.7975
42.2999
42.9162
42.6244
41.7274
42.4132
41.819
40.7207
41.9485
41.7514
40.7376
40.6445
42.3144
40.426
43.122
42.9247
42.7117
43.8072
40.6879
41.3609
41.9464
42.121
41.4903
41.9259
41.1871
42.1299
42.4634
41.9962
42.517
43.5786
45.2387
44.2071
50.3753
51.1721
51.1026
51.9025
52.7885
52.6949
52.6777
52.0464
51.7813
50.9471
50.7738
50.8385
50.7672
50.9774
51.2082
50.7065
50.5167
50.598
49.1981
50.0657
49.5184
51.0245
49.8514
49.7968
50.7007
50.6088
50.0763
51.5314
51.3525
51.5499
50.603
50.3506
50.7037
50.7507
50.093
49.8257
50.7031
50.0648
48.3109
51.2387
50.7218
50.3024
50.0379
49.0067
48.2982
49.9506
49.9993
49.5324
50.4059
49.7248
50.0322
51.4816
51.1417
51.9386
51.5536
50.3146
50.6194
50.278
49.79
49.4704
50.4114
49.4687
49.5315
51.3804
50.8753
51.3233
51.796
51.7285
50.9524
51.7022
51.3656
50.6623
50.3444
50.1932
50.6942
52.141
51.7734
52.7047
51.9926
51.69
50.8859
51.0639
50.88
50.3361
50.5295
50.6835
50.7054
51.4024
50.7742
51.8383
51.902
51.4019
51.4724
51.5685
51.5842
51.4768
52.9301
52.0503
51.4607
53.0628
53.3085
53.9802
53.8151
52.8383
52.3563
51.8439
51.8987
50.3885
50.9134
50.1516
51.0708
51.8053
51.3369
52.5563
52.2992
51.2697
50.8645
52.3328
51.8208
51.0316
50.94
51.1471
50.4653
51.8038
50.5781
52.5298
52.8987
52.3425
50.6104
51.3097
51.1473
51.435
51.5303
51.7455
51.465
52.1419
52.6619
