38.7198
39.9107
40.059
40.0634
39.086
39.2112
38.885
38.7175
39.0667
38.7409
40.3819
38.4712
38.6933
38.1351
36.9364
36.494
36.5757
36.4773
36.5428
37.03
36.7643
36.9324
36.8872
37.1762
37.2361
37.3254
37.2881
37.3673
37.7861
39.0292
40.6254
40.6642
40.8409
39.3373
38.8265
37.3851
36.5288
36.2187
36.2132
37.7966
38.0764
38.3238
38.2213
37.0078
36.5366
36.3975
36.9552
37.4493
36.8854
36.9474
37.5431
37.296
36.8231
36.6166
36.9895
36.2979
36.8594
37.5437
37.0731
37.1344
36.849
36.8664
37.0348
37.2483
37.4763
37.4983
37.6307
37.3451
37.5371
38.8257
37.8625
37.7177
38.5606
38.6726
38.4693
37.9915
37.6475
37.7502
36.4296
35.9965
35.501
35.9222
36.2797
35.4263
36.7997
37.8701
37.3625
37.5376
35.5196
36.845
36.8343
36.7821
37.1423
37.5423
36.6147
37.2395
35.6479
34.7723
35.1495
37.5563
39.0893
40.2862
40.9814
41.9947
42.2856
41.3862
41.1679
39.549
40.438
40.7257
40.3736
40.6595
39.6217
39.6954
39.286
40.588
38.4125
38.4432
38.1843
38.3413
39.5634
41.2749
40.7589
40.6009
39.0425
38.6498
37.1443
37.3716
37.0342
37.0037
37.3498
37.6907
37.5332
37.003
37.4475
37.8269
36.7558
37.1918
37.8399
39.8922
40.1401
41.0748
39.8279
39.6636
39.0608
38.6177
38.6683
37.8455
37.7377
39.1836
39.2587
40.0354
40.1148
38.4878
37.8017
38.1284
37.3041
37.5618
38.4695
37.7329
37.7808
37.8812
37.7807
38.0063
38.1915
38.6262
39.2705
39.7657
40.7835
40.3711
40.3356
38.8898
37.8623
38.1852
37.4432
37.5209
38.0141
37.452
38.1756
39.2895
39.4611
39.3894
39.8383
48.9698
55.3219
50.702
46.4375
41.116
39.582
38.9826
38.275
38.6519
38.5873
39.8615
40.4784
41.2573
41.6188
41.2274
40.4292
41.6503
41.9843
41.897
41.3631
41.0271
40.6151
39.7944
39.1895
39.6386
39.1843
38.2668
38.232
38.1997
38.6957
38.2849
39.5932
39.7099
39.4942
40.1661
40.2238
39.3197
39.3828
39.9091
39.258
38.7367
38.3299
38.2041
38.1054
37.6779
37.0141
37.2858
36.9045
37.366
36.765
36.6981
36.8571
37.071
36.9485
37.3708
37.1556
36.419
