48.2897
52.2842
52.1462
52.108
52.2178
52.9363
52.8138
53.4496
50.3393
53.3241
53.5379
55.0064
54.4471
54.3278
54.8204
54.2032
53.1021
54.8715
55.1545
55.582
55.1356
54.3316
53.8066
54.5161
53.2719
52.4264
50.7175
48.8071
46.1918
48.4474
47.2238
47.6926
43.8172
48.648
49.0986
50.2043
49.9645
51.0808
49.7187
50.4174
48.1779
50.9148
52.2917
52.3058
51.2669
52.2694
51.4764
51.3199
50.2404
51.9242
52.162
53.4485
53.5373
52.7756
51.7648
51.4679
49.4674
48.1905
47.0612
46.2746
45.9916
46.6387
46.6115
44.6653
41.3065
43.7332
41.2694
42.9439
40.626
41.6525
41.1812
40.0555
36.3647
39.211
40.3288
40.7101
40.0384
44.1329
43.4688
43.7273
40.1917
43.6737
44.4735
43.8258
40.4729
45.1994
45.3441
45.0644
42.8795
45.0507
46.1238
47.839
46.3271
46.311
46.3665
45.8915
44.6894
47.5009
48.2322
48.5138
48.9197
51.3742
52.2697
53.5039
52.0887
53.5809
52.5751
52.5717
49.5726
53.5253
52.8596
53.5401
50.3796
51.877
51.3569
49.6365
48.0952
47.4016
44.6733
46.504
42.6001
44.1775
41.9419
45.6575
48.3217
49.9715
49.6085
49.9022
49.2317
51.0121
50.7903
52.506
51.0564
52.2531
50.1657
50.914
47.9961
50.133
49.1177
49.1263
46.4835
46.1732
45.1794
44.7809
42.0089
43.4027
41.4317
41.4289
37.6908
40.3818
38.1944
37.2231
34.6143
33.7679
32.8428
34.1852
34.3727
35.1761
32.9043
32.3197
30.2883
34.3757
34.121
34.7829
29.7541
32.6928
33.4662
33.4245
31.8669
33.0236
33.1754
36.1691
34.7507
35.9077
37.9806
37.0625
33.8755
36.2387
37.6024
39.899
37.1327
37.8075
34.7476
35.8104
32.6126
33.659
33.185
33.9595
34.7344
38.9042
37.6134
37.3707
35.6419
36.796
36.226
37.2975
35.85
36.9331
37.7718
38.0044
37.0644
38.4594
38.8407
39.0317
37.431
39.6386
39.2826
39.7897
36.8895
41.1483
42.7139
45.6865
44.9715
45.7788
45.9209
45.3839
42.9532
46.7873
47.3157
49.6267
48.2481
50.3211
50.2556
50.5457
47.4466
49.6506
50.1866
50.6529
50.5478
52.0382
51.0331
52.5688
49.8444
51.2112
50.7905
52.1157
49.435
50.0628
49.619
49.4144
46.5293
48.8046
48.0683
48.6724
47.8696
50.1329
49.1343
49.5957
46.0001
48.2006
47.584
48.5167
48.9926
50.4075
49.5952
49.8811
48.0304
50.0407
50.447
51.1114
49.5397
51.2703
50.3945
50.3537
49.2644
51.8151
52.3695
53.1753
53.4558
53.7769
53.4224
54.2304
53.2383
53.8542
54.1604
54.7354
51.7096
52.4193
49.5656
49.0754
47.2588
48.7494
46.7779
48.7042
46.1952
47.3324
46.722
45.1179
41.9589
45.991
45.513
46.5447
42.0348
45.7463
44.2317
47.6026
45.2959
46.7864
44.3559
46.9298
43.7201
45.7196
44.2709
44.4487
42.5621
45.6862
46.3999
47.7158
46.7289
48.2891
48.2765
48.7052
47.6605
48.8289
47.5916
48.3673
47.1556
47.5357
45.8685
46.8998
45.7624
45.9185
46.1119
48.5873
48.3145
50.1229
49.7687
49.8116
47.6609
51.1357
50.7754
51.7287
50.4343
51.5139
49.33
49.5736
44.8594
48.359
49.5266
48.8057
48.1479
47.8534
46.7002
45.2106
43.7409
46.6977
46.2548
48.047
45.5799
45.72
44.8781
44.9079
42.3161
44.9287
43.7914
45.9026
43.9157
47.1815
45.6456
45.6766
43.1993
46.8956
45.1309
46.1096
45.4327
46.8321
44.2665
45.0045
42.0565
43.4321
43.2006
43.1824
42.1837
43.1886
41.3527
40.3771
38.7085
40.6803
38.7842
40.727
39.6997
40.1912
39.6101
38.9746
35.6858
38.1113
38.7526
39.5275
41.1232
41.3054
39.5924
38.8726
33.4101
38.546
39.9217
40.8923
39.8582
41.498
41.5222
41.6672
39.9754
41.8391
41.4404
42.999
42.7712
42.7226
43.3678
42.9524
40.9154
42.2852
41.6163
41.9643
40.965
40.9461
39.0009
40.2899
36.5735
40.1064
39.6728
40.8334
40.2676
41.8593
41.8347
41.4906
36.5467
40.4945
39.6358
40.3197
38.2229
39.645
39.6793
39.4349
38.336
40.6232
39.6945
39.1661
38.9721
39.4646
38.8769
39.554
38.1329
37.767
39.0552
40.1191
41.4637
41.9953
42.6606
42.3379
41.6688
42.4075
42.2268
44.1686
42.9532
44.9328
43.3735
43.345
41.086
44.0856
42.106
43.6559
41.7602
43.8176
43.1933
43.2448
42.7875
43.5483
43.8068
43.5507
43.7329
44.142
43.4098
45.141
43.9185
44.0343
45.225
44.558
43.6406
45.1057
43.9434
45.7121
43.5839
44.4225
44.5105
44.5593
43.4853
43.4305
43.3097
44.5698
42.4
44.3706
43.8364
45.3573
45.478
45.362
45.4047
46.3116
45.3932
45.877
43.3801
44.2273
