45.6295
46.4349
46.3084
45.8622
46.6377
43.7338
43.4159
43.5268
42.9415
42.658
43.2224
42.8007
41.6869
43.3898
42.5993
41.5028
41.3615
40.5708
39.5221
39.9311
40.3596
39.5913
40.7597
41.2435
41.0292
41.0755
41.3269
40.9682
42.1859
40.812
40.3691
41.1019
39.9475
39.3891
40.3254
40.2436
40.7583
40.0475
40.0285
39.871
39.6438
39.8993
38.1203
39.4987
39.3127
39.9732
41.6808
40.0401
42.196
40.9897
40.0213
38.1563
39.3318
39.2098
39.564
39.7783
38.8602
39.341
39.2562
40.3458
41.7054
41.8133
40.0457
39.8807
40.9053
39.6506
40.3596
40.1396
40.273
39.6684
39.9421
40.1226
40.8092
40.578
39.7538
40.0209
40.5388
40.5098
39.8953
39.9074
39.4
39.4685
39.9628
40.3942
40.597
39.3056
38.838
37.9602
38.6563
37.9328
35.9982
38.7949
38.2603
38.345
39.9552
39.826
41.4064
39.825
39.4033
37.7835
38.1826
38.7856
36.6669
38.8965
38.7934
38.2702
39.572
39.2982
38.7869
38.2068
38.4997
37.7437
38.382
38.5822
38.0422
38.6994
38.0386
36.9052
39.7241
39.3542
40.3463
40.481
39.2642
38.9592
39.7398
39.5193
38.1189
39.3401
37.6806
36.5868
38.3129
39.2447
39.9135
40.6949
37.5929
37.4646
39.066
38.6563
37.3563
36.3866
33.1604
32.1633
31.8167
30.7424
30.0082
30.2394
29.9554
26.9368
28.3789
27.7497
25.8737
27.0724
24.7202
22.962
25.7478
25.0031
24.1628
25.1269
24.9256
21.7572
22.9369
23.6947
21.5558
22.1897
22.8791
21.1627
22.9679
22.5863
20.0528
21.7392
22.134
20.652
24.6887
23.5514
21.4056
23.928
22.9736
21.8933
23.5535
23.8925
19.3579
22.6164
23.3506
22.0553
24.081
24.3235
22.8099
24.258
22.7043
20.7912
24.5523
24.7811
20.8987
23.2177
23.5118
21.4398
23.9288
24.4311
21.8443
23.8569
23.4297
21.7852
24.7188
23.9711
20.745
24.0099
24.852
22.2495
25.9804
24.2203
23.0913
24.849
24.1251
22.6992
26.9387
25.51
21.9941
25.1966
25.6235
23.9261
25.6028
25.1479
25.4151
25.348
25.7077
24.1956
25.4874
26.5228
24.7004
26.7135
27.0512
25.4295
27.0434
25.8538
25.0042
26.4878
27.182
26.2578
31.4855
27.5699
