30.7152
30.8975
32.0999
31.5097
30.5271
30.1817
30.4885
28.9785
29.1807
28.6844
30.3088
29.3394
27.5244
27.6086
27.2289
26.2988
26.1059
25.7133
25.4022
25.8898
25.8297
25.6912
27.5144
27.1028
26.1349
26.9113
27.0107
25.7524
26.6541
28.2908
29.5884
29.6955
29.2866
28.6243
28.1462
26.2309
23.809
24.5296
24.369
25.3625
27.8195
27.5844
26.5343
25.5308
24.2551
23.4873
24.7075
24.2271
23.864
24.393
23.7819
22.6993
23.7683
23.2548
22.6186
23.5192
23.5776
22.7875
23.966
24.7362
22.0536
23.6557
24.7455
23.8811
25.141
25.5389
24.8265
25.2599
26.4112
28.5249
28.5401
28.1655
27.1941
28.9538
28.1717
27.1324
27.0755
27.0496
25.8291
25.3001
24.7984
24.0992
26.0324
25.2483
23.9081
26.2009
25.8348
25.9011
24.3054
25.0661
25.063
25.2878
25.9744
26.8019
26.1399
26.9681
27.0138
26.8928
29.0663
29.8646
32.5606
34.4719
34.4654
35.3006
35.3442
35.345
36.1248
34.6611
35.0308
36.0496
35.4764
35.6834
35.488
34.9826
34.3421
34.7632
32.6653
32.0489
34.0588
33.77
35.1629
37.55
37.2285
36.7429
35.1647
34.3738
33.7458
33.4581
33.2566
33.0771
34.0788
33.8491
32.4742
33.3875
33.3716
33.0249
33.0139
32.7683
33.202
36.0867
37.2461
37.8379
36.0428
35.4338
34.0637
34.7193
34.1531
33.2869
34.0109
34.2562
36.7234
37.5111
37.7576
35.6845
35.0131
33.3834
32.377
33.5949
32.6521
32.7681
33.0273
33.1067
32.7224
32.7741
32.2925
33.752
35.7441
36.4094
35.8866
36.0169
34.8578
32.9452
32.6204
32.3671
32.1983
32.0991
32.3142
31.014
33.2168
34.7986
34.4973
34.879
34.9789
41.3488
49.8425
45.3021
39.3119
36.4506
35.1025
34.4511
34.4064
35.4329
35.336
37.3339
38.0065
38.873
38.9854
38.3238
37.8972
38.8344
38.5739
38.6117
38.6904
38.5998
37.5977
37.5982
36.8428
36.4773
36.6774
35.9572
35.7253
36.0782
36.8328
37.0004
37.3382
38.3028
36.9827
38.6601
37.7094
37.5065
37.4523
37.3398
37.2736
36.3079
35.2117
35.4191
36.0065
35.6561
34.2411
34.8809
34.4227
34.14
33.9866
34.0733
33.8351
33.8378
34.1735
34.2529
35.2638
33.8992
