49.2179
48.9458
48.2692
49.4177
50.0971
50.1589
50.6151
48.3702
49.4925
49.1896
49.8732
49.6801
49.2362
48.6746
48.8937
49.572
49.9512
48.7198
49.4798
49.6152
47.2783
48.3183
48.587
48.165
49.0447
47.0171
48.6585
48.4367
49.9694
48.817
49.8575
49.9654
48.8567
47.869
46.9641
46.8338
46.3013
47.4104
48.9385
47.1864
49.2609
48.0072
47.6088
48.5937
48.9142
49.6158
49.891
49.1023
48.8328
48.7169
48.6547
49.1151
49.8556
48.2933
48.6757
50.0656
49.327
48.9862
49.6456
49.0783
49.2381
49.8214
50.92
52.6832
52.9529
53.4362
55.4045
55.7089
55.8478
55.1511
54.5943
54.1448
55.9759
59.1809
60.791
60.7043
60.8825
59.7603
60.5683
60.3839
61.7055
61.5008
61.31
61.7579
61.6884
61.4934
61.4119
59.0349
58.8653
58.1461
57.2664
55.0283
53.2901
53.6634
52.809
53.8129
53.0051
52.9957
53.4506
54.2159
53.0804
53.203
52.8392
53.7683
52.3035
52.4859
53.8893
53.0221
54.6014
54.5941
54.6545
54.1245
55.0395
53.9797
55.3478
54.2204
54.606
54.4718
54.7131
55.6109
55.409
55.3015
55.3696
55.5039
54.763
54.9176
54.3146
55.1361
53.9617
55.2793
55.4491
53.987
54.7204
54.6131
54.313
53.8488
54.0601
53.986
54.6702
54.6515
55.0433
55.0072
54.2392
55.0059
52.7062
54.3867
53.9546
55.3644
55.8024
55.1109
55.1015
54.8266
54.9505
56.2993
54.3437
55.7819
55.5977
54.8933
56.3289
56.8444
57.926
57.7552
60.3156
64.8847
65.7691
66.0714
65.5636
66.3515
67.4536
67.5853
66.8151
66.802
66.6288
66.4476
66.0713
66.1499
65.8467
66.8791
66.4892
66.0455
65.2643
63.491
64.5074
63.1386
64.7534
63.9317
63.6998
63.3708
63.3503
63.0052
62.7879
62.8105
62.5312
62.7298
61.3439
63.0291
61.5962
62.3097
60.8539
61.5645
61.0847
60.7227
61.8623
61.736
60.4784
61.2201
61.0277
61.4429
60.6915
61.9565
62.0933
63.0796
63.1225
62.7308
62.3025
62.4041
63.0765
62.562
63.0642
63.7271
62.1907
62.6501
62.2716
63.2722
63.3097
62.3521
63.7484
62.7541
63.8646
63.6429
63.7379
63.7183
64.294
63.5373
62.7593
63.1712
64.0134
63.9281
64.1531
64.2877
64.4211
63.3704
64.5321
62.9177
63.5325
63.7848
64.1232
64.1339
64.6496
64.0189
64.7419
65.6854
64.7738
65.0778
65.421
65.8023
66.1616
65.9751
64.5226
65.736
65.5115
66.0194
66.1118
65.7387
66.014
66.5533
66.6667
65.8169
65.5255
66.0882
65.9296
66.5567
66.7112
66.9896
65.8855
65.8377
66.065
66.5164
65.1207
64.7824
65.535
65.2555
64.8348
66.0346
65.1448
64.9993
65.552
65.3734
65.7351
66.4186
66.3702
65.3648
65.9915
65.988
66.295
65.5973
66.7408
66.586
65.1739
64.8956
