43.5688
45.6645
45.4782
45.4266
46.7966
47.8108
47.2554
47.8253
48.7455
47.8255
49.4224
48.9075
50.2357
50.6661
50.3102
51.0903
51.0047
51.456
50.7391
51.4348
51.3752
51.9329
51.0974
51.8886
52.286
51.9026
51.9612
52.24
52.0328
50.7962
52.2612
52.6147
52.483
50.4925
51.0455
50.614
50.885
50.0194
51.1225
50.0198
50.5026
50.136
49.1784
49.095
49.3078
48.5996
48.1705
48.3738
47.6641
46.6603
46.5064
46.2893
45.6762
45.4377
43.8265
43.4978
43.0734
43.9655
43.2068
42.2061
41.4452
39.5844
39.7401
37.4153
38.6851
36.9353
35.8422
35.2188
34.9479
33.4362
31.6912
32.1251
30.7417
31.9938
30.722
28.2393
28.6856
28.0197
27.4027
26.7915
26.0996
25.9778
26.3794
24.7059
25.1727
24.2688
23.584
23.3269
23.2293
23.1367
23.8609
23.6442
23.792
22.0856
22.8504
23.1212
23.9277
23.7778
23.6834
24.1741
24.3759
23.641
24.6942
24.7466
25.5724
24.2555
23.9608
24.535
26.1055
25.7938
25.7845
26.3084
26.4659
27.7289
28.6791
28.2899
29.6212
30.2726
31.5699
31.749
33.1792
33.2533
33.9211
34.4701
34.9772
36.2652
36.169
37.6313
39.8242
39.2787
40.3163
41.097
42.1557
42.3077
44.3317
43.9984
45.4731
45.0986
46.756
47.7626
47.8566
49.3196
48.9656
50.3864
50.0998
51.9866
51.2383
52.2519
52.1069
52.786
52.9951
52.3874
53.7256
54.3057
55.3027
55.1294
55.4751
55.6261
56.1364
56.3113
57.0628
56.4781
57.2878
56.314
59.1262
56.8278
58.0016
58.0184
57.2359
58.1243
58.5291
57.3948
58.5272
58.7546
57.5671
57.655
57.1318
57.6781
57.7831
57.411
56.1769
57.2029
56.4007
57.0793
56.359
56.1154
56.3673
56.3732
54.9417
54.701
54.7937
54.4099
53.8914
53.5448
53.2
53.5428
52.6278
53.1289
52.0036
51.6923
50.4481
51.8934
50.5808
49.9787
49.4889
48.5122
47.6926
47.9518
46.4851
46.0686
46.2248
44.8146
44.6488
43.6113
42.3099
42.1509
41.71
40.6819
40.3902
40.0826
38.845
38.4656
37.1829
38.0372
35.9888
35.4786
35.9985
34.542
34.0268
33.421
32.4667
32.3118
31.9361
32.2768
31.0242
30.8037
30.6848
30.2026
30.8546
29.9572
29.5212
30.4108
29.6053
29.2487
29.107
30.2014
29.4413
30.8863
31.4403
31.204
30.8956
31.475
31.3195
32.6027
30.9274
32.1578
32.3534
32.5933
33.689
32.8627
34.6254
34.9871
35.402
36.4959
37.603
37.1722
38.4753
38.6929
39.6741
39.9041
42.2363
42.2603
42.1553
44.1535
44.2387
46.0631
46.2686
46.0677
47.2552
48.5252
49.538
48.7699
50.1821
50.2291
51.3598
52.1859
52.7598
54.461
54.6638
54.3367
54.9863
55.7333
56.6076
57.445
57.0358
58.7525
59.4037
58.9247
59.3577
59.7828
