34.2711
33.7581
33.7584
33.665
33.8709
33.5819
34.5271
33.3055
33.9144
34.3939
33.8458
34.459
34.0466
34.2795
33.7802
34.3482
33.9085
34.1234
34.5214
35.2115
34.008
33.9895
33.7997
34.7445
34.4832
33.8167
34.1684
34.3047
34.0634
34.1999
33.8029
33.6556
33.7886
33.4701
33.1353
33.7981
33.5813
33.97
34.4464
34.0938
34.1448
34.7581
33.5086
33.4117
33.3892
33.7409
34.8945
33.4246
34.3369
33.8399
34.3839
34.8762
34.1827
35.4131
34.5989
33.8289
33.8732
33.6511
33.6253
33.5634
33.1951
33.4085
34.2645
33.5263
33.2697
32.58
34.2679
33.1848
33.8359
33.6833
33.6042
34.7085
34.0514
35.2962
34.5114
34.5136
34.5681
34.1507
35.3959
34.5189
34.4667
34.1215
34.8122
34.1305
35.918
34.9969
34.7412
34.7506
35.4778
34.9496
35.9473
35.8773
35.4792
35.0631
35.9638
36.8531
35.6784
35.2498
36.4677
35.3582
35.1958
36.5994
35.0099
36.2961
36.185
34.5894
35.5162
34.4305
35.8676
35.468
35.3106
35.035
34.9381
35.2245
34.2237
34.2348
34.6162
34.5621
34.0904
34.9341
34.6565
35.21
33.9253
33.4146
34.3796
33.9989
34.2243
34.2679
33.5469
32.9723
33.0106
33.2637
33.3196
34.0712
33.3381
33.6675
33.1847
33.429
32.4099
33.3221
33.1741
33.0474
33.158
33.5274
34.6194
34.03
33.9386
33.4273
33.9367
33.6612
33.326
33.9424
33.987
33.0506
33.621
33.2309
33.611
34.3888
34.1416
34.2422
33.6142
33.938
34.7165
34.2931
33.6977
34.8804
34.9497
35.061
34.4759
33.8689
34.1146
35.1894
35.2466
35.2837
35.4282
34.6897
34.8441
34.7113
35.4509
35.8612
35.1064
34.7284
34.5492
35.4024
34.9477
35.4436
36.5908
36.3188
35.3228
35.1901
35.2041
36.9234
35.3279
35.4712
34.8816
36.2381
36.5908
35.5071
34.7244
33.9796
34.9184
34.969
35.2376
35.9676
35.5745
35.3393
34.9596
34.9285
34.6793
36.5442
36.1472
34.7442
32.6294
33.7064
34.6222
34.1694
34.7316
34.0649
33.3731
34.143
34.9349
35.0056
34.4413
34.4077
35.1461
35.1771
34.1951
34.79
35.9275
35.9945
35.5476
36.1531
34.8434
35.2944
35.0839
35.1383
34.0539
34.9006
34.0528
35.0854
35.406
34.6718
34.3804
36.1926
35.5789
34.6625
35.267
35.2245
35.5285
33.901
33.7568
33.1837
34.2576
33.3432
33.3823
33.2954
33.2969
33.3421
32.6388
33.4477
31.9651
33.0901
33.1981
32.4645
32.0479
32.5829
33.9974
32.03
32.2346
32.3413
32.6014
33.5634
32.1348
32.6558
30.8897
30.755
31.545
31.9054
32.9489
31.1741
31.3857
30.7553
32.6807
31.5099
31.6949
30.4115
31.071
31.2696
30.5832
29.5392
30.6133
30.9391
31.5517
29.7389
30.8382
29.9903
29.1944
29.9324
29.8897
29.3634
28.3223
27.604
28.392
28.5036
27.773
27.744
28.1352
28.463
28.0736
27.6551
28.1645
27.6993
27.7793
27.1167
27.6173
27.3784
28.112
27.6836
27.6241
27.3474
27.0258
27.4283
27.3161
26.5814
27.2177
27.5156
27.6393
26.1121
26.9306
27.8742
26.9851
26.4437
26.6815
27.4933
27.9461
27.9783
27.1208
28.3888
28.5731
27.2074
27.4387
28.1601
28.7951
28.345
27.8151
27.3732
27.5913
27.6208
28.276
27.3427
27.3176
27.7879
28.3264
27.6422
28.0046
26.7313
27.4697
27.7176
28.5735
27.4214
27.4651
28.2566
28.449
28.7846
28.2359
27.3368
27.4602
28.3152
26.7354
27.8175
27.9617
27.6007
27.5217
27.2214
27.1764
27.5774
28.3077
27.4534
27.3904
27.4696
27.3506
26.9799
27.0286
27.4109
27.5601
27.5875
27.7226
27.9869
27.9552
27.9566
28.7472
27.7107
26.577
26.4682
27.6354
27.4934
26.8953
27.2281
27.7085
27.4131
27.7399
26.6958
26.872
27.135
26.5718
25.9544
27.2726
27.4575
27.0623
26.8834
25.5725
26.7006
27.4549
27.3752
26.9335
27.3587
27.0338
28.43
27.4547
26.8337
27.5362
26.9408
27.299
26.5649
27.3145
26.8104
26.2666
26.4282
27.1418
27.3409
27.3885
27.2684
26.2868
26.2114
26.1684
26.836
27.3727
27.0182
26.465
26.5868
26.3693
26.0169
26.2217
26.4002
26.2587
26.5343
26.9934
26.9285
26.506
27.0205
26.9857
27.0659
27.0074
26.8494
26.4168
25.1884
26.2828
25.9571
26.3354
26.5624
25.86
25.8664
26.1503
26.0775
26.2508
26.0989
26.1024
25.9356
26.3662
26.1225
26.3225
26.8645
27.094
26.3068
26.0313
26.2658
26.8324
26.3499
26.724
26.4581
26.7834
26.6948
26.8872
27.0173
26.6514
26.257
26.4247
26.4428
26.3026
26.8906
26.456
26.4863
25.6782
25.6257
25.8624
25.3289
25.6654
25.836
25.6306
25.6453
25.3262
26.1914
25.2935
25.3148
25.2274
24.8878
25.668
26.0167
25.1256
25.0226
25.4201
25.4261
24.8824
25.5662
25.7121
26.0506
26.1227
26.5362
26.3848
26.4512
26.8284
27.1761
27.6244
26.9259
26.409
27.6542
26.872
27.1594
27.2384
26.8607
27.1155
27.0538
27.3459
27.3485
27.2097
27.0735
27.0131
26.6393
27.3439
27.1252
26.5488
26.7838
26.8502
26.576
26.1699
26.4452
26.0393
25.6429
26.3249
26.3851
25.9781
26.0103
25.6351
26.5782
25.5921
26.3204
25.7128
25.8808
26.5841
25.9697
25.7523
25.8398
25.9807
26.0113
26.197
25.586
25.8171
25.8591
26.1964
26.2019
26.5877
25.8133
26.7523
26.8055
26.5353
26.5276
27.0253
26.4917
26.6999
26.6764
27.2981
27.3145
27.1885
26.6224
26.5293
26.7187
27.0763
27.4795
27.3618
26.8162
27.0476
26.5494
27.1314
27.0015
26.4865
26.6876
26.1299
26.2616
26.1151
26.0021
