63.4681
63.9278
63.7192
63.2062
63.4798
64.0503
63.4149
62.4231
62.5731
63.917
62.4493
62.7151
62.0428
61.41
61.8167
62.327
59.6582
60.8053
61.3667
60.6592
60.2454
59.7769
59.5821
59.8806
60.0826
59.8035
59.2257
59.0703
58.1181
58.0607
58.2969
58.7906
57.6306
57.6688
56.4192
56.4417
57.5825
57.2475
55.9054
54.3735
55.07
56.0466
54.2086
55.6643
54.8861
53.8082
52.8398
53.8242
54.8183
52.9384
54.279
54.7162
53.6597
53.2408
54.7856
52.9682
54.2051
53.6032
52.9116
53.1158
54.0468
53.7538
53.0999
52.9896
54.9528
53.0771
55.4079
54.0387
54.3917
54.235
54.5977
54.8315
54.2379
55.9338
55.8039
55.6696
55.1774
54.9948
55.0949
54.4786
56.5638
56.7789
56.1578
55.3936
55.6857
56.2021
56.5695
56.5007
56.5177
56.1582
57.3475
55.6283
56.8923
56.1421
56.736
57.6848
57.3207
58.0647
58.3814
58.5556
57.774
57.839
58.37
58.1331
59.6864
59.1694
60.0318
59.1023
60.502
60.0378
60.1718
61.216
60.1116
60.8049
60.9758
60.9754
60.7816
59.706
61.6499
62.3787
62.718
62.1702
61.7681
61.8611
61.7598
62.224
63.0691
63.556
62.6699
63.1446
64.2351
63.5791
63.4893
63.6912
63.0853
63.0582
63.7384
64.2386
63.8244
63.2386
64.2851
63.9368
63.4237
62.9698
63.2236
63.0631
63.6015
62.8093
62.1112
63.2371
63.0853
62.2716
63.121
64.2662
63.1743
64.2644
61.8665
62.846
61.9867
61.5979
63.012
62.3405
61.8256
63.1378
63.4746
61.3834
63.3889
61.7202
61.837
61.4272
62.521
60.9338
61.4331
60.4964
60.6705
60.0057
59.5818
59.8524
59.2087
59.5846
58.7341
58.6454
58.9661
58.5906
57.0191
57.9954
57.2459
57.8434
57.1545
58.4635
57.3259
57.4568
57.4216
56.1671
56.9844
55.6259
56.5487
55.797
55.4016
55.77
55.6283
54.8304
54.4488
55.0964
54.4925
55.2764
54.624
55.0493
54.0282
52.5866
54.1588
53.6174
53.7866
54.1817
53.7032
53.2845
54.5033
54.3817
53.3241
53.5659
53.185
53.2674
53.2428
54.0567
53.7917
54.781
54.5411
53.9396
53.0123
55.5886
55.7052
54.4537
55.9327
54.7685
55.8978
55.3379
55.8836
56.0693
56.6059
56.721
56.1896
56.8811
56.7598
57.7306
57.939
57.7243
57.9328
58.2097
57.6325
58.3125
57.955
58.9212
58.4826
58.7098
59.7739
59.4783
59.4904
60.4442
60.1621
60.5905
61.3779
61.7145
61.5443
61.2937
61.4818
63.1866
61.8805
62.838
62.1001
63.1741
63.2383
63.2032
62.5327
62.8192
63.16
63.192
64.2976
63.7051
62.4772
64.4004
62.7417
64.4417
63.9805
63.7789
65.5477
63.4707
64.5022
63.9712
64.9145
65.037
63.4672
64.0274
63.6217
64.2548
63.9883
64.3607
63.4304
62.7135
62.6458
63.2007
