44.1663
43.3125
42.7148
42.6227
40.9845
42.2232
42.147
43.2809
40.3482
41.9458
43.5768
43.7317
43.5588
43.2927
43.126
43.6946
43.667
43.9057
44.1185
43.6011
43.4641
45.9935
43.5197
43.4346
43.2349
43.731
42.7614
42.6853
42.7588
42.6834
43.0656
43.2472
43.1861
43.7238
44.1072
44.2612
43.9673
44.0928
43.8927
43.2698
41.6891
44.1953
43.7183
43.703
43.053
43.5481
44.3117
45.0997
44.0287
46.9285
46.3721
46.4964
45.5234
46.6484
46.1404
45.043
43.6293
46.2433
45.8454
47.2402
44.371
46.6458
46.0909
47.1392
44.8055
47.9588
45.734
47.6293
45.9216
46.2943
45.7917
45.3387
43.5609
44.9894
42.7628
44.5316
44.0041
45.1133
45.0728
45.2599
42.4249
45.3641
45.3731
45.1656
44.9062
47.1542
45.662
46.2795
42.9001
44.157
43.4348
45.0606
41.4839
42.8792
42.7759
43.7638
40.9574
42.0417
41.5991
40.5711
39.3495
41.1652
39.3949
42.2588
39.3646
41.7442
41.4294
41.3355
39.6056
41.8574
39.9795
40.5494
37.5404
40.7391
39.4723
41.2361
38.1472
40.5203
38.8045
40.163
36.9594
38.9682
37.6061
38.6906
36.8073
38.2492
38.0344
38.0977
37.4018
38.6682
37.1474
38.1309
36.1061
37.4688
35.2876
35.922
35.6814
37.6727
36.4977
37.3022
35.0378
35.4859
35.8966
35.4389
35.7754
37.4677
38.2218
38.4271
35.8764
37.7667
36.9434
37.1434
35.5081
37.9849
37.0905
38.6651
35.8281
38.4115
38.8335
39.2487
39.1171
39.1277
38.9098
39.0784
37.8059
39.1903
38.8941
38.2599
37.728
38.1134
37.7302
38.0874
38.1419
38.6743
37.66
38.5634
36.7128
37.8742
37.8426
37.2195
37.689
39.1499
38.9286
38.9614
38.2756
40.2452
38.5769
39.4919
38.4009
40.756
40.9612
41.0046
40.2056
42.7359
41.5665
41.6147
39.6834
41.7139
40.3884
40.1402
40.0881
40.8284
40.6104
41.3734
38.87
40.3801
39.6967
39.9408
38.5176
40.0402
39.3238
39.6686
39.2701
39.7377
38.5472
39.124
39.1288
38.5542
39.3855
38.8782
39.0136
39.2281
40.5875
40.549
39.9984
40.6537
40.9502
40.5253
39.3648
41.5335
40.3408
41.0083
39.693
40.32
39.6204
40.3382
39.95
39.8456
40.5102
40.5813
40.548
40.0082
39.0811
38.6227
38.2794
39.8661
39.8332
40.2158
40.394
41.2606
