52.934
48.9008
50.489
51.899
52.1624
52.1328
52.3629
49.4692
48.6336
50.2025
48.9421
46.7958
47.1293
44.8307
46.6127
48.0774
47.0205
47.6178
48.0269
48.3879
48.1117
49.3041
48.7459
49.4664
53.0075
50.8382
50.7088
50.2807
49.218
49.3785
49.2005
47.5604
46.7333
49.0511
49.4671
50.0957
51.3289
50.5252
51.314
51.9488
50.3386
49.0417
50.9293
51.2089
50.8749
54.7895
52.1554
54.3543
58.1579
54.4481
54.4895
56.9995
54.3043
55.2423
59.6941
56.4486
56.9416
60.7276
57.7961
60.1881
61.9203
57.6253
55.1391
55.2136
52.1006
49.7941
50.6623
49.4937
49.9768
51.8328
51.9323
53.9657
57.4267
55.7195
57.1504
58.1528
57.6074
56.2878
56.0617
54.6346
52.295
52.981
51.2338
49.8402
50.6903
48.594
47.3434
46.9933
46.1648
47.2091
48.4423
47.7134
47.3508
47.1211
47.6068
50.6433
52.0458
52.4659
51.3489
52.7166
49.8753
48.7187
48.9426
47.6416
48.9702
51.5051
50.977
51.4148
54.5166
51.9726
52.1322
51.6136
52.1586
50.8759
50.3854
50.3499
51.1712
53.001
53.9785
56.1477
62.5424
61.2664
58.6886
59.5072
56.2494
55.7217
56.7241
57.0773
60.338
62.621
61.321
62.4433
68.6508
63.002
63.4426
66.8818
64.999
64.1197
68.5573
64.4874
62.7363
62.9665
57.5557
54.749
54.6647
51.4581
50.7289
51.0144
48.6496
50.1988
53.7345
51.7147
50.6926
52.5974
54.7574
55.876
60.0157
55.0666
54.9069
55.3541
52.1542
51.7141
54.152
53.4853
52.4325
54.5448
53.2824
57.8304
61.5968
58.646
59.3045
60.7609
61.0522
63.8437
65.26
65.828
64.4089
66.3938
67.0069
64.8277
65.8136
60.5488
60.4284
61.5019
57.0219
57.3223
58.7686
58.7869
58.1943
57.9116
57.4474
58.4738
62.1515
58.1564
53.9789
52.4937
51.1564
50.8262
51.0115
48.9724
50.9427
48.8907
47.888
48.2736
50.0738
48.8949
48.3317
49.2258
45.5127
47.2174
47.9668
46.3178
48.939
51.0013
52.0113
52.6626
54.023
47.3443
46.8893
49.5335
47.5513
46.6346
49.258
47.6208
48.3599
50.2493
49.1929
50.2477
53.7008
48.3103
50.1765
53.4157
56.0531
55.5629
56.9031
56.4738
54.5728
58.4292
58.038
60.6917
65.1108
59.3663
60.9455
60.1713
55.9429
54.7402
54.0458
53.8134
53.7372
54.4791
56.2443
57.4549
62.6326
59.7539
58.9449
58.9864
54.098
53.8265
55.6062
54.2865
56.2811
57.0698
54.5442
57.2088
58.9471
54.9003
54.5052
56.9416
54.0456
52.5949
53.4719
53.3844
52.6642
52.852
54.5227
56.0405
61.833
58.9312
59.7912
61.6158
59.7679
61.1794
62.1133
59.3872
61.1473
60.2292
58.3913
58.3247
60.3541
55.7083
56.5864
57.1666
55.4008
57.0193
58.1488
55.2737
56.3052
57.9349
58.8911
60.9002
