56.0302
55.4018
55.9533
55.7317
54.9172
54.2844
54.2674
54.4185
55.9221
54.2596
55.033
54.6063
54.1901
54.5334
54.9421
54.9681
55.0478
54.5418
54.9011
55.93
55.3751
55.5485
54.9741
56.1636
56.174
55.1771
55.4978
57.0973
56.4082
56.08
55.5128
55.4573
55.5959
55.4233
55.1651
55.3567
56.053
55.5272
56.3141
55.3855
54.6345
55.6064
54.3803
55.0584
55.2315
55.5238
55.1172
55.178
54.7374
54.924
53.7363
54.5335
54.0272
54.146
54.1499
54.1319
54.5137
52.7885
54.3501
52.9982
55.8117
54.9729
55.3545
52.8196
54.618
53.0828
54.4587
54.5171
54.9885
53.9205
53.8631
53.2864
54.3821
54.2547
54.1027
53.3502
53.7132
53.502
53.8883
53.846
53.0773
53.9818
54.1729
53.5926
52.9838
52.828
53.2688
52.8079
52.332
52.4406
51.3303
52.9672
52.8904
52.8779
53.7796
54.1775
54.2849
53.0745
53.1947
53.174
53.0235
53.169
52.6245
53.9472
52.8267
52.415
52.5359
52.1277
52.4342
50.6075
51.1375
52.5765
52.1557
52.0052
52.5813
52.1691
52.4037
52.0825
53.0909
52.5836
53.6809
52.7976
53.4548
53.2768
52.6456
52.674
53.4372
52.9688
52.0804
51.0858
51.5394
52.0571
53.0508
52.9546
51.2382
52.3819
51.881
52.6524
52.9735
52.5702
47.2176
47.4061
47.1806
48.418
47.1085
45.9977
47.1235
47.0378
47.263
46.7887
46.5774
46.6931
46.618
45.8906
46.1076
46.1728
48.9993
47.0383
47.9135
46.1426
45.892
46.8694
46.8054
47.2609
46.3009
46.1122
45.8655
46.5176
47.1003
46.5861
45.4816
46.4575
47.9678
46.5817
48.1387
47.2223
47.7092
46.7151
46.7281
47.0734
45.9594
47.2491
47.7951
48.0073
48.2828
48.3566
47.2831
47.3623
47.1806
47.1965
48.6098
48.1879
47.6792
48.6988
47.7386
47.6641
47.6742
47.9895
48.1022
47.694
49.2915
47.3485
47.8795
47.4017
47.6587
47.0136
48.0283
48.2352
48.2272
49.1176
48.5868
49.0895
48.2046
48.6911
48.471
48.0409
48.4137
48.3195
49.0785
48.1443
49.5416
47.7109
48.5274
51.2026
49.6853
49.7713
48.4892
48.964
48.8985
48.9633
50.9864
50.1344
50.9729
49.0625
49.08
48.5684
50.6954
50.3437
49.5074
49.8608
