33.0175
32.0914
31.922
32.5323
31.232
31.6539
31.7127
30.4416
29.9137
28.0613
29.4241
29.3125
28.682
26.054
23.6772
21.9158
19.538
18.4511
16.7097
16.6603
15.9209
14.5353
15.6321
15.7807
14.7814
15.1431
16.5109
16.2418
18.0632
18.952
20.4311
20.2427
19.4041
19.305
20.2345
21.4266
22.8806
21.3766
20.5741
19.9138
17.6602
16.6672
17.1226
15.5542
15.226
14.8993
16.2868
16.7078
19.7221
16.7292
17.0573
17.8804
17.1511
17.6396
18.9803
17.0132
16.6117
18.1853
18.2046
18.7669
21.2146
18.7957
18.0365
19.1453
18.5609
17.2201
17.6626
17.0064
16.6234
16.3083
15.8715
15.4528
16.7454
15.3816
14.4349
14.3653
14.3305
14.6055
14.6034
14.4248
13.6779
14.446
14.5379
15.3957
18.1624
18.0412
19.0148
19.3075
21.6272
24.9663
26.4186
26.907
26.8243
27.5794
26.4852
26.1483
25.7662
24.9265
23.958
22.878
23.1238
22.8542
23.096
23.3376
23.1858
23.1348
25.048
25.4803
25.6058
25.5018
23.9204
22.8981
22.8754
22.2671
21.0374
20.0235
18.355
17.6796
17.2299
15.5504
15.3291
14.0434
14.8661
14.098
15.8047
17.6782
19.26
22.0467
22.2502
22.6648
20.9774
20.4382
22.4409
21.6892
21.5779
22.3717
23.2311
23.4657
22.7001
21.9402
21.4603
22.2866
23.2617
24.6692
26.0881
24.218
24.6921
25.6303
27.0769
26.5321
25.4617
27.1811
27.282
26.9135
26.3109
27.5
29.9686
28.1219
27.2409
26.6315
28.1125
27.7899
27.8577
27.5648
28.5687
28.9583
28.0242
27.9247
28.4532
26.3574
26.0279
24.2219
25.8546
26.1595
24.7239
25.1475
25.3806
25.4251
25.6615
26.4515
25.7214
25.6433
24.2244
23.7437
25.4434
25.0459
24.8681
25.3266
24.8262
25.8405
25.795
26.5904
25.8376
27.6579
27.5522
26.7158
28.7045
28.3986
27.6092
30.0028
28.9653
27.9873
29.2757
27.8522
27.5846
27.8749
27.9326
26.6943
27.2014
28.0881
25.9861
26.8403
27.4643
27.2667
29.0729
27.7739
27.8525
29.2138
28.9347
27.7057
28.7553
28.4791
28.5553
29.8749
29.5484
29.0488
31.1765
30.3824
29.8879
30.1132
29.4292
28.6196
30.0858
28.8958
29.4692
30.0262
28.6921
27.8481
28.0213
28.5327
29.3635
29.2842
29.791
28.2454
29.011
28.8532
28.879
29.9301
30.2275
30.1373
31.6568
30.3799
31.3085
30.9542
31.5165
30.4531
31.0709
32.3444
30.5547
32.0713
31.5937
30.9085
32.2331
33.1808
31.6603
32.6907
32.8667
31.1679
31.6239
32.4344
30.8577
31.4389
31.897
31.4655
33.2849
34.7472
33.535
33.7172
33.5512
32.6061
33.6021
33.5611
33.0702
35.2053
34.0147
34.121
37.7209
37.5228
35.1462
36.5116
38.3767
37.1702
38.8455
37.9843
36.0233
37.6931
38.1704
37.5805
38.7772
37.1069
34.4052
36.2864
35.9509
34.975
35.5293
35.6403
35.1899
35.4783
34.9759
33.4191
35.9627
35.5197
33.5565
34.4425
34.0208
33.2214
35.4802
35.2061
34.681
35.5303
35.1663
35.5886
36.4079
36.5394
35.0767
35.8441
35.1656
35.4954
36.0148
36.7778
35.4621
37.329
36.7546
36.4478
38.1828
38.6849
38.1251
38.2577
38.5817
37.6374
38.144
39.4261
38.8933
39.5703
39.2352
39.2852
41.4993
40.2907
41.1307
40.95
39.8426
39.0344
40.1152
39.5187
39.1167
39.6258
39.4719
39.7149
40.0163
40.1545
40.0491
40.4411
39.5987
39.9008
40.2123
40.1364
38.8084
40.1519
39.6296
39.4345
39.664
39.482
37.9555
39.4216
39.2616
38.8862
39.5067
40.0148
38.3739
38.5922
39.6766
38.8924
39.9814
39.9175
38.1808
38.7759
37.6492
37.2997
37.8017
37.3928
36.6624
37.2248
36.7365
37.0573
37.9432
37.6337
35.4423
35.9989
35.08
33.717
35.0268
35.1077
34.4594
35.442
34.2719
33.5272
34.8349
35.7185
34.2393
33.9498
34.344
33.2152
35.1312
34.5609
33.6571
34.8719
34.7058
34.3021
35.507
34.712
33.7865
33.6843
34.0866
32.466
33.0355
33.183
32.6009
33.7253
34.3414
33.6079
33.3824
34.8704
35.0438
34.9079
33.3502
33.2976
33.9772
33.2581
33.6815
34.6856
34.4124
34.0481
35.034
34.1848
33.2103
34.3556
34.1282
33.3619
34.3536
35.7279
33.5728
36.2965
36.695
35.9434
37.7118
37.157
37.6442
36.9022
36.5207
35.6535
36.1917
35.6049
35.4841
36.4365
35.6975
34.7673
34.3231
34.0903
32.2699
33.7805
33.5799
32.1626
33.9853
34.0254
33.359
33.8513
34.1336
32.3082
34.734
34.018
34.337
34.7233
34.31
32.9233
33.0525
32.8764
32.387
32.1321
32.3513
31.9559
33.3694
32.4166
33.1975
33.0812
33.1744
33.4023
34.1438
34.021
33.9751
35.0099
33.6457
33.3315
34.5721
35.0291
34.6824
33.8193
33.5476
33.1742
33.9067
33.5607
32.4975
33.895
34.081
33.1415
33.7151
31.9832
32.4485
32.407
32.0727
31.721
31.6096
31.6597
30.7209
31.5873
30.7076
30.7503
30.5421
29.8189
30.3622
29.2456
29.7686
29.3553
29.7287
28.5607
28.3468
28.7069
28.1381
27.9771
28.3699
28.2865
30.4956
29.458
29.052
28.7128
28.8425
30.3853
29.1493
29.1531
28.8141
28.0006
28.8536
28.3625
29.0991
29.4934
29.3108
28.1314
28.3863
28.8443
28.2054
28.8028
28.4884
28.2671
28.4988
28.8172
29.7228
28.4033
29.6843
27.5128
29.0786
29.0899
28.4844
28.0393
27.786
27.9087
28.9782
27.9844
29.3683
28.3321
28.5829
26.5957
28.1455
28.4643
28.0618
28.9441
28.1224
29.2337
29.422
29.2269
30.4641
29.6218
30.1502
30.1728
28.3295
29.376
28.7284
29.3097
29.5638
29.9318
30.8677
30.4878
