30.5592
30.7117
32.0679
31.3425
30.3664
30.0479
30.4611
28.7544
29.6408
28.7365
30.3035
29.6071
27.5094
27.4967
27.8317
26.7352
26.3476
25.8198
25.4267
25.8194
25.7872
25.6594
27.3009
26.7617
26.1349
26.7391
26.7245
25.7887
26.6837
28.299
29.8459
29.8384
29.7183
28.3761
27.8328
26.6995
23.7971
24.3657
24.2379
25.3285
27.6559
27.6434
26.5508
25.6401
24.4507
24.1045
24.6279
24.6642
23.6851
24.2378
23.8136
22.7799
24.0379
23.1455
22.9893
24.201
24.0915
22.6741
24.0519
24.7066
22.219
23.5685
24.4675
23.6577
24.6736
25.038
24.4598
24.909
26.0244
28.4591
28.8071
27.7489
27.3208
28.7124
27.8028
27.2747
27.5607
27.2409
25.7512
25.6134
24.9173
24.3446
25.786
25.1356
24.5267
26.335
26.3671
26.3783
24.6982
25.3466
25.3464
24.9823
25.8105
26.7384
26.3561
27.3954
27.2141
27.2251
29.2923
29.8485
33.3198
33.7682
34.7419
34.889
34.6464
34.7482
35.1025
34.0272
34.8872
35.9742
35.2493
35.4311
34.9215
34.5508
33.7598
33.9153
32.9454
31.8714
33.7361
33.354
35.1629
37.4125
36.9304
36.9267
35.1682
34.6765
33.8064
33.4717
33.2092
33.0907
34.1295
33.9965
32.5606
33.7223
33.9161
33.2957
33.2634
32.7017
33.3811
36.2862
37.4031
38.1226
36.1376
35.2126
34.2148
34.9712
34.2278
33.4597
34.1637
34.6158
37.1213
37.6779
38.3445
36.6358
35.519
33.4727
33.0406
33.9107
32.9125
33.0216
33.2387
33.3499
33.0219
32.9042
32.6562
34.4722
36.1767
36.8385
36.1078
36.5799
35.246
33.2422
32.9022
33.3971
32.4526
32.8887
32.552
31.6035
33.539
35.0289
34.7187
35.0189
35.1339
41.0737
49.6662
45.0435
40.2922
37.5284
37.107
36.3845
35.4962
36.3172
35.336
37.0474
37.8989
39.2002
39.1708
38.5059
38.0804
39.0608
38.6932
38.6246
39.1219
38.8122
37.9162
38.0801
37.547
37.0963
37.2448
36.5343
36.4423
36.7791
37.546
37.8097
37.5374
38.5358
37.2709
38.9448
37.7117
37.8654
37.6676
38.1661
38.0231
37.1764
35.4829
35.8862
36.1068
35.7905
33.9497
34.8868
33.9729
33.8549
33.7218
33.8371
33.3659
33.5306
33.9217
34.0281
35.0904
33.9328
