24.0344
24.1214
24.1201
24.1553
23.6842
23.2458
24.2914
23.1696
23.9582
24.0899
25.5845
24.7867
25.958
25.3286
24.9143
24.3521
25.0042
23.8585
24.4399
24.3476
23.583
23.5096
23.616
23.3305
22.7215
21.1675
20.9498
21.1709
21.3495
22.1843
21.5596
21.0601
20.6756
19.9807
19.7329
20.8624
19.7904
18.4421
19.876
20.4283
21.1549
21.1854
21.3824
21.2827
22.2981
21.8405
22.5526
22.5685
23.8222
22.818
21.7212
22.5031
22.2553
22.9276
22.2131
22.4114
22.8645
23.7144
22.973
22.1784
21.8262
22.3376
21.9867
22.5748
21.9183
22.1636
22.3842
21.97
21.3896
20.8546
20.6471
20.5939
20.5586
19.6706
19.1717
20.4745
19.0656
18.7248
20.1116
20.0507
19.4647
20.3869
19.9888
19.6502
20.8312
22.1882
22.6015
21.8905
22.3236
21.3231
22.1293
22.2608
21.0474
21.2778
22.3083
22.6334
22.674
23.515
22.9484
23.523
23.6413
23.1904
23.0175
22.5849
22.8468
22.063
22.1287
23.8972
23.7004
24.1696
24.3127
23.4893
23.2399
23.6801
23.2383
23.8873
23.6093
24.1071
24.5223
24.1993
23.8734
24.5835
24.9427
25.0899
24.6044
23.0206
23.801
23.8848
23.5874
23.3041
24.27
24.7629
25.2147
25.2159
24.8801
23.8634
23.0328
23.2931
22.8204
22.9579
22.0504
20.8376
20.9698
20.0464
20.809
20.7287
19.8698
20.1539
20.7376
21.5428
21.964
22.0076
21.7799
21.6722
21.2578
21.3032
21.7497
20.6925
21.2948
20.3161
20.2538
19.1705
18.4157
18.7297
18.1148
17.4415
17.9987
18.4034
19.0824
18.9543
18.7361
18.4356
17.1872
17.1987
16.5119
16.3784
15.6436
15.9704
16.5143
16.5635
16.8227
17.6584
17.5846
17.1628
17.2462
17.374
18.138
18.2484
19.5248
18.1823
18.6922
17.2078
15.4988
15.6366
16.1984
14.7744
15.0909
14.2855
14.7817
14.662
14.0344
15.033
15.4473
15.4403
14.0743
15.836
16.68
15.7607
16.5646
16.6387
16.5613
16.5498
15.9092
15.6883
15.6206
16.0952
15.8416
18.3967
18.2826
19.1428
19.7653
20.0674
20.6656
21.4431
19.883
20.0781
21.447
21.4021
20.7837
20.7459
20.2018
22.0061
22.0639
22.879
21.9316
22.7868
21.0261
21.4676
22.5378
21.4637
21.4708
22.6218
22.6396
22.9586
22.5164
21.6157
22.0332
22.545
22.0698
21.5713
22.6266
22.441
23.4408
22.0954
22.3784
22.8055
22.928
22.0046
22.8063
23.3108
22.305
21.1113
22.3928
22.4494
20.6622
21.8008
22.1074
21.1457
22.1623
21.4726
21.2252
21.3624
22.0145
20.8025
22.7426
22.0205
21.6575
22.6526
21.6969
21.4304
21.6944
21.2201
20.6181
21.4647
21.1809
19.2271
21.6077
20.9266
20.8268
22.3425
21.272
20.8413
21.1724
21.0671
21.1068
21.6785
20.2643
19.6181
20.401
20.315
20.3147
19.7578
20.1069
21.7586
20.7083
20.3853
20.3738
20.4537
20.0146
20.8472
20.1951
19.1542
19.8773
20.5653
19.8623
18.4238
20.0301
19.7587
19.3177
19.7135
20.0483
19.7405
19.0814
18.9013
18.9636
18.5152
19.6006
19.4544
20.2114
19.444
19.5722
20.0417
18.9939
18.5927
20.055
19.9296
19.8414
20.0847
19.9105
19.7764
19.2717
20.5904
20.0777
20.4245
20.5402
19.6517
20.3658
20.3921
20.1901
20.0109
19.8583
18.9003
20.4859
19.7952
20.0244
21.0647
21.6408
20.5001
20.6495
20.6646
20.8631
21.0386
20.3149
20.2408
20.3421
20.0425
20.1519
20.4631
19.0256
18.1413
19.2908
20.3071
19.715
19.1349
19.0565
18.8663
19.939
19.7231
20.1117
19.8119
19.1849
18.6556
19.9005
19.2757
18.543
19.7989
19.4874
19.5899
19.2395
20.4557
19.4883
20.0322
19.5248
19.2329
19.7562
19.8573
19.0471
19.3661
19.6161
20.6656
21.2116
21.534
20.116
20.5492
20.0487
19.1318
20.5806
19.9633
20.1213
20.54
20.6144
20.1777
20.4654
20.8854
19.2652
20.6626
20.2011
19.4985
19.882
19.2236
18.3808
18.6095
18.9336
18.6503
18.6445
19.187
17.4892
17.5139
17.3644
17.5062
18.5801
17.4174
17.2065
18.8106
17.8804
17.3152
19.0499
18.6428
17.6088
19.0536
19.0225
16.9269
19.1064
18.4299
18.3216
18.1002
18.6195
17.5222
18.278
17.9334
17.7044
17.7142
17.4771
17.5595
19.1156
18.4693
18.0714
18.432
17.9996
16.7254
16.5134
16.9024
17.0856
17.2381
16.8055
15.8018
15.6355
17.3052
16.7961
17.8037
17.6082
16.5302
17.9385
19.3533
18.5388
18.4595
18.9912
18.8505
20.1351
20.2155
19.4463
21.0235
21.0349
20.9074
21.1194
20.8281
19.0848
19.7993
20.0637
19.8206
19.7625
19.8573
18.4963
18.8591
18.489
17.5664
17.5187
18.1909
18.2752
18.3265
