38.1527
38.1527
38.1527
37.6237
38.2912
37.0661
37.87
36.7494
37.1718
37.4818
37.5713
37.6364
38.6617
38.1908
37.973
38.6279
38.3951
38.5999
37.2089
36.8713
36.2481
37.0908
37.6872
36.6367
36.9545
36.5076
36.2769
36.7836
36.5208
36.4593
36.6324
37.2573
36.4045
36.7296
36.5277
36.4219
36.0763
35.4707
35.8095
36.339
36.9002
36.7976
36.7476
37.6914
37.8574
37.3626
38.3043
37.7422
37.3195
37.7545
38.1671
37.9624
38.1893
37.7569
37.0997
38.3552
37.9566
38.4954
37.6028
38.1033
38.0086
37.4703
37.7268
36.6187
37.3239
38.4753
38.3062
38.4233
37.5995
37.913
37.1794
36.7268
37.031
36.6371
36.2799
37.4415
36.9038
36.8975
37.5176
37.3478
36.3119
36.6277
36.0135
36.0473
36.5443
36.3086
37.0827
37.9362
38.3021
37.3139
36.7475
37.2655
37.4256
36.8748
37.6954
38.0902
37.9692
38.4818
38.9272
38.3375
37.7794
37.0472
38.5032
37.2045
37.0104
36.6577
38.2736
38.3682
39.2887
38.2908
38.7038
38.3711
37.9969
38.2689
37.738
38.2091
37.7898
38.8739
39.2006
38.9016
38.305
39.2314
38.6909
38.8133
39.163
38.5329
38.3434
38.4274
39.5303
37.8181
39.0807
39.3378
39.6796
38.3787
39.3893
37.8255
37.8293
39.2649
38.9708
38.4656
38.3055
36.9891
37.9729
37.167
38.067
37.3815
37.7276
37.3632
37.2109
38.3269
36.5973
37.5466
38.4554
38.3467
38.0288
37.5024
38.0532
37.2172
37.3016
37.226
37.5669
36.7363
37.1879
37.2329
35.1521
35.2053
35.5896
36.3979
36.3796
35.5959
35.7969
35.2737
35.3589
36.4748
36.2014
35.8141
36.246
35.9257
35.2654
35.1922
36.5495
36.1853
36.3314
36.4246
37.8073
37.276
37.1797
37.0772
36.2077
36.4995
35.3929
35.5818
35.6653
34.6052
34.4226
35.4605
34.3433
35.293
34.2441
33.1735
32.3187
32.9565
33.5123
34.6807
34.9457
35.9196
36.4704
36.2483
36.9976
36.6775
37.0607
35.9805
36.1682
36.5301
36.6647
36.4038
36.5857
37.1309
37.0457
37.4245
38.0919
38.8424
38.2539
39.6
39.1181
39.1488
38.3702
39.2092
39.2368
39.6811
37.878
39.8917
39.7892
39.652
40.3131
41.3342
40.8843
40.5195
41.5305
40.2632
40.8145
40.3112
39.8466
40.9522
40.2232
40.5021
39.9803
40.8982
41.1329
40.2787
40.1868
40.0249
40.7695
39.78
41.0761
41.3216
40.5
40.8694
40.8698
41.7499
42.3164
40.0993
40.7969
40.1993
39.7989
40.6577
41.1407
41.5771
41.1503
39.9823
39.3538
40.0782
39.6484
39.8161
40.0833
40.1128
40.2415
41.1495
40.6928
40.7493
41.136
40.5907
40.7531
40.4664
41.5465
40.3349
41.6092
40.5205
40.4709
40.8532
41.1985
41.0072
40.4194
40.8371
40.8714
41.008
40.6424
39.8037
39.0857
38.8508
39.8382
38.8378
39.3299
39.771
40.6489
39.9574
39.3014
39.4762
38.9654
39.5219
38.7876
39.365
39.2086
39.9931
40.4024
40.4908
41.1593
40.5361
40.2709
40.7408
41.4931
41.3483
40.475
40.197
40.6239
40.2732
40.6911
41.4283
41.6062
41.6627
42.3995
42.875
41.7422
41.656
42.6999
41.6046
40.619
41.4852
41.167
40.2722
40.6082
41.9246
42.4135
41.282
41.2287
41.5932
41.2997
40.2073
41.1679
42.5085
42.1147
42.0305
42.6739
41.9185
41.8294
43.2393
43.4297
41.7017
42.4366
42.7374
44.0382
44.0264
42.6012
42.4334
42.3168
44.0926
42.9206
41.7427
41.1684
42.2644
42.717
42.4433
43.204
42.8694
42.6568
42.434
43.335
42.7397
41.8837
42.7842
42.0687
41.8719
42.3774
41.5873
42.0552
43.1259
43.3759
43.4272
43.6519
42.579
43.8387
43.551
43.7896
43.5488
43.2404
43.5099
42.8247
42.2878
43.35
44.5725
45.2227
44.427
43.6751
44.6282
44.6372
44.4572
45.4481
44.7942
43.9819
44.533
45.2198
44.4817
43.9156
45.5349
44.9742
44.4997
44.97
44.6536
42.9802
43.3537
43.4661
43.8616
43.0757
44.386
43.4254
44.4412
43.3389
44.6192
42.9433
43.3921
44.1558
44.3432
44.4667
44.6709
44.4673
44.9027
44.0561
44.9849
45.3626
45.1011
44.2488
44.5384
44.9499
44.7162
45.1095
44.1331
44.1446
43.5511
44.716
44.385
44.3817
43.7808
43.2107
42.9212
43.5634
43.678
44.3713
43.7872
43.2424
41.725
41.9349
41.3239
42.5613
42.9054
42.3976
42.2502
41.3989
42.8282
41.7598
41.9026
42.801
43.0119
42.5805
42.4291
43.5969
42.487
42.6342
42.5207
44.9251
44.62
43.2575
44.4331
45.6751
45.0185
44.7304
45.7691
45.3477
46.3348
45.2619
45.0378
43.6806
45.0185
43.8396
44.2081
45.601
43.5086
43.1022
44.354
44.743
44.2947
