14.5436
14.2101
14.3266
14.5283
14.774
14.6398
14.3929
14.0118
14.8172
13.3564
13.6611
13.8082
13.2523
12.6183
11.0755
10.7017
9.16741
8.8732
7.63497
7.54646
7.30221
6.74007
6.97798
6.71406
6.66324
6.91451
7.71611
7.77839
9.26433
9.66535
10.3567
9.5947
9.4879
7.70646
7.31699
7.02052
7.53489
7.2253
6.29444
5.23167
4.85757
3.54914
3.71957
3.29001
2.63227
2.38413
2.77109
2.78841
2.628
2.87957
3.75177
4.12188
5.53545
6.9173
7.75219
7.87213
7.83181
7.5267
7.66968
8.54515
8.3826
7.70654
8.0598
8.01309
8.35469
7.41418
6.79237
5.56268
4.84988
3.48699
2.74953
2.67851
1.61279
1.55588
1.13593
0.716029
1.06009
0.911044
0.814929
0.832103
0.766025
1.32093
0.598804
1.63897
2.64867
3.82358
6.00909
5.82649
8.14776
10.8203
13.4732
14.2656
14.2459
13.4264
12.5466
11.9017
11.2921
10.6645
10.025
9.06853
8.62595
8.83479
9.29225
8.89621
8.6997
8.59765
8.45085
8.56501
8.70735
8.28771
7.53637
7.75983
6.6523
6.88273
6.49361
5.79293
4.82452
3.80106
3.67932
2.78859
2.83788
1.99454
3.43168
4.37601
5.99458
6.89645
9.41351
11.0978
12.1561
12.2047
11.0833
10.4764
10.1739
11.8513
11.7827
12.1464
12.063
12.3116
11.6382
10.1945
9.99775
10.8707
10.4649
11.3963
11.5404
10.8451
12.2169
13.2561
13.648
14.505
13.4052
14.3551
14.7856
15.4091
16.2778
15.9277
17.2312
16.0541
17.3543
17.3796
18.2151
17.7576
18.1778
17.0287
18.1407
17.462
16.8332
15.9863
14.7712
15.518
14.915
13.713
14.4476
13.9084
12.8717
13.3206
11.8134
12.5307
12.3264
12.4329
11.5793
11.1447
13.2116
12.7367
14.5111
14.298
15.4615
15.6476
16.6414
16.6709
16.9613
17.1293
18.1622
18.6136
18.1834
18.4657
19.1137
19.1039
19.1094
20.0568
19.3209
19.7032
19.7156
17.9938
19.0452
17.5419
17.473
16.3571
16.365
16.6212
15.6732
15.3859
16.0088
16.919
16.4741
17.12
17.0721
18.0671
17.5691
17.8176
18.148
18.2953
17.7219
18.5683
18.6063
19.4041
20.472
21.095
20.9372
19.5264
19.1088
18.8995
18.7713
18.3788
19.0922
18.1928
18.157
17.1651
18.1015
17.2899
18.7513
19.4941
19.2397
19.2379
19.06
19.1346
19.0141
20.3226
20.1044
19.8672
20.9148
19.9875
21.3837
20.3996
21.0731
21.088
21.7218
22.0606
20.7196
20.177
21.2732
20.8358
21.0949
20.9383
21.2476
21.0365
20.8697
20.8835
20.2335
21.2809
20.8516
20.0332
21.6304
21.9567
21.8254
23.5636
24.1892
23.0645
23.5265
24.0488
23.9613
24.9373
26.117
27.5289
26.1699
27.3748
28.5189
29.0283
28.9124
28.4518
30.6594
30.2633
29.9191
30.3204
28.1431
28.5724
27.7995
28.6965
27.7818
27.8719
27.1293
27.5449
27.311
26.6953
26.0297
25.9273
26.8739
27.1495
28.5949
27.5302
27.2565
27.4235
28.1212
28.1726
27.7411
28.3972
29.3218
29.7706
29.6781
29.6471
28.9025
29.4993
29.3787
29.632
29.2421
29.1334
29.0384
29.0702
28.9172
28.1839
28.2885
27.6976
29.0092
29.3653
30.0046
29.8842
30.6293
29.5878
30.2912
29.4824
30.641
31.6431
32.0394
31.9318
32.7311
33.2359
32.3801
33.8724
33.6232
33.826
33.7788
32.6236
32.9293
33.2286
32.1763
33.4389
33.1977
33.4261
33.3403
33.4679
34.0736
33.7669
33.2654
33.7455
33.5234
32.8674
33.2386
32.3039
32.5409
33.7321
32.9098
33.3276
32.9943
32.9456
32.7491
32.704
31.9655
32.1188
31.9111
31.1415
32.4697
31.8577
32.0244
32.1234
31.7458
31.1384
30.5079
29.6716
29.4988
30.4073
28.5247
28.1502
28.3306
28.3763
28.1965
28.4732
27.4204
26.9123
25.5305
26.1373
24.9512
25.1539
25.5962
24.828
24.8224
26.0304
24.9759
24.1828
24.464
23.521
23.9955
24.1939
24.1861
24.4912
23.765
23.6163
24.7505
24.3254
23.5137
24.3223
23.4075
23.9072
23.2634
23.1351
23.6686
23.7348
23.96
24.4493
25.0843
24.3233
23.0334
24.0418
23.6395
24.4154
23.1934
23.1579
23.4262
23.4767
23.9199
24.4596
24.9996
24.5183
24.3404
24.8521
23.9402
23.6457
24.3895
24.4035
24.6881
25.1228
24.6103
24.9688
24.9956
25.3775
25.3078
25.3116
25.6385
24.5571
24.8588
24.9331
24.0132
24.2748
23.1512
24.1871
24.2328
23.0605
23.9621
23.3335
23.3793
23.149
22.7745
22.8084
22.8245
23.2549
22.7914
22.3666
22.5509
22.0734
22.4868
21.9581
21.9293
21.4331
21.9124
20.946
20.5937
20.5417
19.9086
19.225
19.9433
19.7727
19.4187
19.6809
19.4555
19.6572
18.774
19.6286
19.6382
19.4338
20.1749
21.0957
20.862
20.7905
20.3942
21.0557
20.2434
20.8399
19.7656
19.1191
20.1171
20.5218
20.0328
20.1693
20.1081
19.4261
19.8717
18.7082
19.1428
18.8696
18.9812
18.2827
18.3607
18.5392
18.9269
17.744
18.016
17.2608
16.1137
16.6006
15.8718
15.6029
16.1072
15.4735
16.5268
15.6903
15.7639
14.5806
14.5012
14.3818
14.1484
14.4102
14.021
14.5481
14.8979
15.6648
15.5513
15.9102
15.9462
15.8075
16.3418
15.8365
15.543
15.8683
15.3218
15.4448
15.786
14.9407
15.4621
15.3216
15.3755
15.6414
15.1517
15.3853
15.1936
15.16
15.0481
14.8821
14.9404
14.1664
13.9051
15.1142
14.2294
13.7621
13.2458
13.7082
14.895
14.9304
14.445
14.6117
14.7325
14.4262
14.45
14.8376
14.9932
15.7139
15.3562
15.8007
15.7734
16.029
15.3179
14.7747
15.7175
16.0813
13.5844
14.425
15.0222
13.9457
13.7142
15.486
14.7733
14.7589
