48.2048
49.8352
49.4751
47.8847
47.996
48.7064
48.0421
47.5775
47.092
45.4763
46.9347
48.4085
47.2679
49.2357
48.2759
46.2685
47.3016
46.8527
46.1532
45.7317
44.9028
43.8101
46.0499
46.5052
46.8481
45.8709
45.7773
43.8131
45.2242
46.3139
45.2353
44.9995
44.1816
43.8289
47.887
47.544
49.4727
47.613
47.681
45.4615
46.199
45.9711
44.389
45.8724
45.0076
44.6859
47.2441
47.4176
48.6498
49.3438
49.1037
47.3413
48.0971
47.4729
46.1579
46.605
46.5758
46.0008
48.5754
49.0101
49.3704
49.4197
49.111
47.1308
48.4697
48.1677
47.1953
49.1713
48.5924
48.7849
48.9007
49.162
54.5099
55.104
54.8286
53.4057
53.4669
52.816
51.8761
53.2266
52.9882
52.6707
53.8676
54.3793
55.2208
55.7384
55.2287
53.1671
53.7185
52.9647
52.641
51.7102
51.9674
50.9987
51.977
52.3758
51.8021
51.6497
51.7862
49.7099
50.891
50.896
48.671
49.289
49.7088
48.273
50.3332
50.4446
50.4547
51.8537
51.1083
49.873
50.4629
50.5571
49.0716
49.9397
49.5792
47.7858
49.8682
50.7762
50.0969
49.988
49.9955
47.8281
48.7588
48.3374
46.7327
48.66
49.1955
48.2448
52.8524
53.4722
53.54
52.9636
52.9939
49.9552
50.4766
50.2157
49.2706
50.8589
50.6716
48.9657
50.4667
51.2273
51.0674
51.8749
51.8761
48.8316
50.1252
48.9688
47.9747
49.3552
49.6688
48.1
51.2396
51.654
50.5228
51.0849
51.2306
49.6996
49.8822
50.3654
48.7099
52.9896
54.1515
52.8923
54.8564
55.275
55.3832
55.825
55.4362
54.0468
53.8404
54.2105
53.3074
53.0992
53.6152
53.1786
52.796
52.9089
53.0665
53.2253
52.9583
52.2463
53.1581
53.0128
52.1483
52.7183
53.2892
53.3049
53.6566
53.7775
55.4581
54.1566
54.0053
53.9115
53.4662
53.3096
53.4854
53.8124
53.3385
52.9209
53.7504
54.7193
55.1441
53.9621
54.2634
52.7917
53.8816
54.1589
52.6369
53.3933
53.1578
52.4885
53.7886
53.8064
54.4052
53.5299
53.1778
52.8515
53.5013
53.057
52.5579
53.3236
53.3772
52.5062
54.7708
55.8971
56.6057
54.7233
55.1988
55.0477
55.0941
55.1815
53.8637
53.4584
53.2859
53.449
54.9191
55.4267
55.8429
54.202
54.0631
52.8155
52.559
52.9651
52.4926
52.5074
53.1047
52.5167
53.5409
53.7508
54.6663
53.8998
54.0182
52.6581
52.775
53.6137
54.0065
54.7126
54.1453
53.419
54.5356
55.2248
56.7742
55.9329
55.1918
54.0089
54.0119
54.2148
54.7736
54.7228
54.6642
54.1297
54.3145
54.6622
56.5418
56.0819
55.7708
54.7634
55.3006
55.2208
54.9539
55.5372
55.2569
53.9447
54.9429
55.1612
56.5784
56.1908
56.7485
55.4598
56.1962
56.1971
55.7016
55.3872
55.5516
55.4656
56.4654
57.8772
