59.4653
60.167
59.2331
58.0525
59.8442
60.1521
59.9294
61.0799
60.1391
60.3046
60.2433
58.9758
58.5874
59.2124
60.0727
58.345
59.7369
59.1012
59.7408
59.0384
59.8844
60.4105
59.5223
60.2339
60.6646
59.7598
59.1006
58.824
60.3769
60.1013
60.0165
59.0686
58.6644
60.0139
59.893
60.3586
61.1268
60.1261
59.9803
60.4809
61.7199
62.3346
61.4764
60.2842
61.4992
61.2588
61.4727
60.7451
60.0622
59.7601
60.2221
61.1582
60.0861
60.4461
59.9875
59.958
60.5252
59.869
59.7165
59.7528
60.845
60.5068
61.0309
60.0996
60.3965
60.1852
60.3495
60.7349
60.5993
61.1471
61.3542
60.7937
60.3064
60.0481
60.1135
61.0019
60.1517
59.542
59.4337
59.2495
59.2813
59.8544
60.364
58.9832
59.1894
59.3558
60.1961
61.5697
60.4061
59.7204
59.5279
60.2123
60.4312
60.5636
60.9568
60.4599
60.2977
59.3825
59.3128
61.5606
61.1919
59.7182
59.3913
60.3204
60.3395
59.5408
61.3446
60.2007
61.0554
62.0413
61.1853
60.4153
60.4162
60.3741
60.4863
60.3044
61.4601
60.9651
61.5803
61.5405
60.8119
60.5836
61.553
61.8346
61.53
61.4339
61.2822
62.1773
61.7575
61.3202
61.397
60.1815
59.9961
60.4526
60.9574
60.7384
62.0512
61.181
61.6883
61.496
60.5677
61.4257
59.999
60.9729
60.6614
61.5473
60.0456
60.5962
60.2253
60.7382
60.1074
62.1721
62.0736
61.5201
60.747
61.1985
61.2788
60.9096
62.0049
61.8176
62.9594
61.6279
62.1304
63.0236
62.4263
63.6891
63.9176
62.9124
63.5212
62.9746
61.5296
62.0058
62.5145
63.6847
61.5864
62.6312
62.1734
60.8038
61.4613
62.0167
61.2079
61.7465
61.7288
62.6637
61.8308
62.8662
62.1964
62.4484
61.3944
61.7977
61.4225
62.4975
60.9758
62.068
63.1507
62.5279
61.5778
61.3261
60.0014
60.5896
60.3955
61.1871
62.1906
61.648
62.9378
61.7051
62.1956
62.5986
60.6817
60.227
61.1546
60.6954
60.5652
59.7899
60.9557
61.9938
62.0918
61.804
61.9001
62.4777
62.5782
62.9236
61.7873
61.2898
61.0431
62.9076
63.0648
62.1051
61.3086
62.0621
62.2374
62.164
61.9816
63.1664
63.9527
63.617
63.6659
63.0671
61.8787
62.7978
