41.1958
40.2387
40.5598
41.2208
40.945
41.7324
41.1475
42.2894
42.752
41.7479
41.4115
41.713
42.4678
42.4876
41.9008
43.9223
44.8735
41.2676
45.4968
41.6276
41.8389
41.5938
41.302
42.075
41.2289
41.9227
40.7829
41.3683
41.4644
41.3311
41.7837
42.4455
41.8454
42.0754
41.8543
41.3715
41.8981
41.757
41.7589
41.8472
42.4359
41.1097
42.52
42.8593
42.5863
41.8433
42.5308
42.9636
43.0592
42.5016
42.6476
43.2411
43.0338
42.9172
43.1525
43.1231
42.1393
42.0205
43.5468
42.8821
42.8353
42.8668
43.4552
41.4997
42.7874
43.2048
41.8128
42.1537
41.9639
41.8752
43.3912
41.7547
42.9098
42.8116
41.6076
43.0701
42.3723
43.3537
42.2518
43.8979
41.261
43.2887
43.0067
43.4553
42.5562
42.7058
42.8505
42.3444
42.2713
41.9657
41.2865
41.2589
41.1887
40.9077
40.0557
39.9704
40.1476
40.2351
40.1885
38.3201
40.2558
38.4748
37.8701
38.997
39.1157
38.6102
38.4168
38.1681
37.3776
37.5824
36.1059
37.7717
37.1727
36.7889
36.7987
37.3415
35.9645
36.818
35.4103
34.3076
35.7092
35.3306
34.7113
34.5037
35.0169
35.5607
34.6645
36.6586
35.1915
35.4431
36.793
36.6062
35.6432
35.9186
34.0282
35.8663
36.9666
35.7301
36.0762
35.4888
35.6581
33.9814
36.5893
35.2359
35.5421
36.138
37.0039
37.5639
37.2796
36.1861
36.7186
37.6708
36.1975
37.1792
37.4966
36.4316
37.5521
37.1183
38.3926
36.7768
38.5889
38.0874
38.886
39.3675
39.5778
37.6579
40.2453
38.5343
37.1553
37.3611
37.1957
38.1852
36.3956
38.5778
37.1138
36.8934
37.0257
37.8045
36.7448
37.534
38.3276
38.0424
38.6615
38.2285
38.4157
39.2829
39.0287
40.3521
39.6938
40.3251
40.0147
40.2467
40.0441
41.5931
41.2783
42.2377
41.1013
40.9255
40.7688
40.7471
41.4436
40.7746
41.0166
41.4336
39.7183
40.8142
40.6652
41.079
40.829
39.0322
41.2087
40.6099
40.186
39.7742
39.0439
39.0569
39.7258
40.388
39.9834
41.1234
41.027
42.4372
41.8656
42.4488
41.2919
42.1533
41.6394
41.5656
41.1166
41.7054
41.472
41.6379
42.0493
41.4233
40.5186
42.2465
42.2017
41.9233
43.2436
43.667
41.4045
41.948
43.1385
42.7867
42.8088
43.1808
42.0255
41.712
42.3317
42.2374
