39.4455
39.3839
38.7663
38.7387
37.3594
36.6901
36.1864
37.7827
37.4934
37.5062
37.6297
36.9046
36.5617
36.415
36.9383
37.0212
36.9658
37.088
36.6081
38.218
38.356
37.6466
39.8464
40.1897
40.0448
39.8737
40.4072
40.3705
41.3221
40.3982
39.3628
38.8516
37.6706
37.1988
37.4532
37.2773
37.8171
37.8531
37.1594
36.1903
37.11
36.9528
36.0675
36.8575
36.6727
36.702
38.1066
38.0041
38.6785
37.8612
37.5918
37.1842
38.2448
37.4189
36.8676
36.4135
36.6544
36.2868
37.093
37.993
38.2882
38.3609
37.5302
37.3305
37.4124
37.1822
37.4051
37.0466
37.1942
36.6311
37.3278
36.7446
38.0415
38.1283
37.725
36.5019
37.219
37.1856
37.1977
38.2238
37.2183
36.6707
36.8661
38.0895
36.9112
35.8897
36.8506
35.8161
34.9759
34.2524
34.5441
35.2639
36.2896
36.8411
37.7826
37.3268
38.2704
37.736
38.0125
36.3033
36.6955
36.234
35.5381
36.4821
36.5693
36.1507
36.4841
35.885
35.6092
35.4691
35.4991
35.242
36.2405
36.5097
35.4529
36.0069
35.9412
34.9728
36.6866
36.8428
36.5452
36.8924
37.1971
36.3495
37.0254
36.8781
35.9506
36.144
35.1205
34.5059
34.8804
35.8585
36.1421
36.8759
35.5809
35.3534
36.3234
36.4119
35.9121
35.748
17.8152
16.1825
18.7034
20.0014
16.494
19.4371
18.0637
16.3668
17.9705
17.8646
16.8944
17.7486
18.4078
15.5157
19.2919
18.5341
17.2027
18.5915
19.0024
15.8649
18.012
18.5077
16.8573
17.9394
19.0088
17.3822
18.9952
19.4805
17.7338
19.684
19.4044
18.8509
21.6641
20.4285
18.4759
20.0017
20.062
18.7337
20.5543
20.5832
17.6034
20.156
21.3315
19.461
20.8314
21.6591
19.8785
21.161
20.0018
18.6136
21.6057
21.5284
19.2115
20.6017
20.3058
19.0319
20.598
20.8806
19.1478
20.8721
20.6745
18.5408
21.9092
21.543
18.3242
21.143
21.4405
19.5794
22.4117
22.3664
19.735
22.0719
21.1301
19.8388
22.9313
22.3398
19.9557
22.2693
22.2613
20.7859
21.6715
22.1981
21.5521
22.1077
22.0721
20.8228
21.9568
22.3946
20.3356
22.5184
23.8473
22.0617
22.7158
22.2727
20.5436
22.227
22.1382
21.5509
24.3863
21.0985
