37.1648
36.5212
36.5212
34.3583
30.2095
30.6198
32.8109
28.0901
27.9528
30.2432
29.9388
31.0724
38.7254
32.0929
31.6878
32.9398
29.0125
28.3057
29.4267
25.9704
25.9451
28.4294
28.3881
27.8559
35.2696
27.0365
27.6154
28.3841
26.5621
25.8972
27.3619
25.6111
26.2266
26.595
29.0196
29.467
35.1888
28.9922
28.6027
29.7241
29.5554
29.8366
30.3624
29.1089
27.9447
29.4212
31.1005
32.0527
38.1438
31.3601
30.7229
30.1348
28.3915
28.3626
29.2671
27.7068
28.7421
30.2164
30.367
30.1627
37.3999
31.0986
30.7966
31.3602
30.8438
30.884
31.7394
29.9976
29.6459
30.3551
31.4037
33.0478
38.1501
32.5792
31.4172
31.1022
29.4748
29.6012
30.2532
29.0209
29.783
31.0761
32.2758
32.8157
37.7111
34.8298
34.3199
33.4949
32.6194
31.6792
31.9214
31.3089
31.5833
30.6372
32.5146
33.3922
39.9567
36.219
36.5634
35.5298
32.8369
31.1761
31.9504
30.944
30.7461
30.6001
32.3406
32.726
39.7613
32.5636
34.0547
33.0675
32.7578
32.1668
32.3976
32.669
33.1508
34.5721
34.8605
34.5746
40.6149
35.9824
36.4171
35.5798
34.0106
33.5053
34.6337
33.0632
32.8086
33.4508
33.8932
34.5175
40.4987
35.4213
35.4908
34.164
32.6408
32.404
34.0615
32.5734
31.988
32.3995
32.5945
33.0419
39.0951
33.1241
32.1689
29.6071
28.9197
29.8833
31.0418
30.4273
32.3765
32.857
32.1402
34.3318
38.0898
32.6196
32.2545
32.9745
32.6482
32.1402
31.452
31.297
30.6758
29.8204
31.0448
31.1907
36.2646
30.4531
31.0679
30.0988
30.1767
30.7407
30.79
30.674
31.8326
31.962
32.8251
32.968
37.4984
34.3052
33.4148
32.9128
34.5
33.8478
34.3435
34.1863
34.4009
34.1866
34.3182
34.6522
37.943
34.3846
33.3027
32.7059
31.6219
30.1187
31.381
31.1719
31.061
30.6802
31.4445
32.3496
37.7887
32.8518
33.3157
33.147
33.1056
32.2911
32.9184
32.7572
33.3261
32.2551
33.3006
34.1034
40.259
35.9315
36.1833
35.6828
35.8541
36.124
36.7471
37.0216
35.5469
36.0156
37.668
37.1152
42.0866
38.9932
39.0022
39.0295
37.8132
37.5842
38.5767
38.3452
37.1124
36.7174
36.7346
37.5191
43.7855
38.1723
37.6402
39.533
37.7809
37.9787
38.2223
39.4992
38.9469
36.8225
36.9411
38.4122
42.616
39.0469
37.9217
38.9421
37.3629
36.3577
37.3578
37.8969
37.0118
36.9001
36.9605
37.6587
41.5139
36.4759
37.6558
37.5291
35.3426
35.6463
35.6248
35.8631
35.1577
35.8045
36.4254
36.5015
42.6854
39.2303
37.0893
37.076
36.5283
35.3881
36.3447
35.6804
36.6884
35.0754
37.2325
37.2141
39.7281
37.3714
37.4922
35.9343
35.014
34.8597
35.3745
35.4524
35.4885
34.9681
36.7718
36.603
41.3448
35.6345
35.2482
35.8074
36.5374
34.3157
35.6436
34.4771
34.4214
34.6873
35.13
36.1487
41.7518
37.875
36.9332
34.7806
35.6427
35.9871
34.1568
34.6539
35.06
36.2374
35.8077
36.3679
40.4413
37.6633
35.9511
36.7987
36.7321
36.1586
36.416
35.6392
35.0958
35.1483
36.4264
37.0459
40.2119
35.4276
35.7886
34.9221
34.5783
36.4087
35.631
35.4892
34.9074
35.0498
36.1077
36.1127
41.6929
37.855
36.3488
36.0192
35.928
35.6747
34.3838
36.4395
36.682
34.9559
36.0879
37.5214
43.9534
38.0188
36.403
36.4798
36.3259
37.2933
35.5592
36.3393
35.4086
34.277
34.401
35.8899
41.5573
37.32
36.8163
36.8339
36.2374
35.924
35.5427
35.6629
35.4467
35.114
34.4445
36.1434
39.0032
36.2155
35.8487
35.7152
34.7561
34.8272
34.6017
35.3026
35.7648
34.6441
35.1197
35.6553
40.7961
36.157
36.4527
36.1766
37.2824
37.6612
35.108
35.1615
36.7418
35.1603
35.8824
36.5457
41.0044
36.7743
36.3899
35.4023
36.0694
37.9144
36.3093
36.064
36.872
35.9576
34.0001
34.1244
40.0969
36.543
36.0111
34.3978
34.7823
35.1582
33.2779
34.2851
34.8769
33.7059
33.3697
34.0339
40.1629
37.8758
36.0064
34.7773
35.8649
35.4562
34.3986
35.4031
36.353
33.8755
35.924
36.2611
40.7533
36.603
36.8629
34.0155
35.4866
34.4074
32.1069
33.7761
33.5967
32.9358
35.4175
35.6617
44.84
36.4022
37.101
33.5901
32.9874
33.0068
32.8129
33.1261
32.8592
34.0818
33.0256
35.1605
45.2514
36.1097
34.4554
33.4774
33.6642
34.0625
34.7073
34.8198
34.9849
35.3442
35.8484
35.0403
42.8671
37.8954
38.5349
37.6741
36.5408
35.7521
37.2507
37.2225
37.5813
36.1627
36.5742
35.0102
44.85
38.7287
38.6881
35.6198
34.2301
34.7993
34.3155
35.0824
