63.7043
65.442
65.8879
66.6084
65.9764
66.9488
65.9784
65.4226
64.0154
65.7187
66.7589
67.5193
67.0604
67.5251
67.1569
66.9907
65.9246
67.7797
68.3472
68.4051
67.5548
68.4867
68.1961
67.6049
66.0053
65.6759
64.0831
63.241
61.3963
62.8005
62.9402
62.9293
61.9093
64.1819
65.0664
65.1123
63.6539
64.7546
64.1277
62.7531
59.9806
62.0784
62.2103
63.0279
61.8556
62.9361
61.9278
62.5756
60.1855
61.7102
61.2157
61.6653
61.6959
62.0411
61.4538
61.4198
59.9101
60.5882
58.8495
59.1251
57.1638
59.3916
57.8131
58.6658
57.0127
59.2805
59.1126
59.8274
58.2057
59.1759
56.2409
56.9092
55.3862
57.9214
56.2263
57.2484
55.6503
56.7161
54.9299
53.9991
52.379
55.6296
55.6499
55.7593
54.508
55.3116
53.6055
53.7792
52.5308
52.8749
51.429
50.806
48.4638
49.0633
46.0526
47.8324
48.1854
49.4095
49.7738
50.2189
48.6626
50.9401
49.9022
47.7267
46.3195
46.6428
44.515
47.7866
48.013
49.3512
47.0985
48.1515
45.5105
46.8997
46.9657
47.4177
47.4035
48.6025
47.9339
46.959
45.453
46.048
44.5102
45.2604
43.8685
44.9739
45.0516
46.0046
44.8349
45.999
46.577
46.1196
46.1082
46.6428
45.296
44.8127
42.9667
43.6995
44.4927
44.8102
44.2319
44.7206
44.5103
43.7093
41.7224
42.8241
43.4333
44.8007
43.5435
44.8321
43.6
42.8775
41.391
42.2021
40.5086
40.3378
38.0851
38.7717
38.0218
40.0797
39.5319
41.8269
42.2886
41.9351
40.8726
40.8902
39.2248
40.3198
39.2462
41.0917
39.188
40.196
40.4715
38.9589
39.8648
40.726
38.7239
40.3904
39.3235
41.103
39.985
39.3647
38.4926
38.5549
39.7885
40.4613
38.7851
38.8109
36.7308
38.4004
39.2123
40.8452
40.5969
38.2028
39.4778
38.5512
37.2495
38.6355
38.1908
39.6185
39.0818
40.685
39.6686
39.2672
40.3385
41.5937
40.0999
41.3858
40.1495
40.4484
40.2782
38.5533
40.4072
40.9724
39.2319
40.0101
38.9986
38.3393
37.6377
38.1364
37.166
36.3753
37.8723
41.1667
40.1453
41.1636
40.3144
40.9967
40.1686
38.8742
37.5769
40.0374
39.0373
40.4802
38.7713
40.371
39.8689
40.7398
38.7913
40.2329
38.8298
40.523
38.264
40.9006
39.9439
39.423
39.0166
40.3362
38.6859
40.7629
37.9815
37.8976
37.8192
38.8909
37.6651
40.043
42.3837
41.5505
39.5047
39.4083
38.9348
38.3991
38.7329
39.0421
40.3635
38.6478
38.8625
39.6716
37.9111
38.3901
36.8272
38.5851
38.2853
39.1442
39.1294
39.4891
38.6599
38.8958
38.1381
38.43
37.9223
38.4024
39.2416
38.5581
38.7758
38.417
40.8471
40.3274
42.5365
42.3925
39.8276
39.848
39.3048
39.0567
38.4574
39.1616
38.9938
39.6436
38.8637
38.8534
