22.4638
22.0698
21.8658
21.1448
21.942
21.1955
21.1399
21.2137
22.3777
22.2844
21.7893
22.7396
21.4222
22.0733
22.7218
22.0291
21.9847
21.859
21.2168
22.0535
21.3452
20.8378
22.0694
23.4327
21.4645
22.7572
21.2764
20.8878
22.132
22.7929
21.8438
21.5865
22.4094
21.0144
20.9729
20.9264
20.7695
21.3898
21.2821
20.3592
19.8473
21.0578
21.1285
20.9985
19.996
19.493
20.0669
20.3654
19.2565
19.9516
19.7057
19.057
19.1982
18.7925
18.892
18.432
18.404
17.0217
17.7611
16.9821
16.0056
16.5004
15.7399
15.7347
16.7504
17.4614
16.5711
16.4873
17.17
16.7136
17.2691
18.0548
16.1442
17.3401
16.8139
16.4469
16.0697
16.0819
15.5712
16.6199
15.0909
15.5654
15.7679
15.467
13.6931
15.4926
15.2988
15.4075
15.999
16.4072
15.1809
16.0139
15.5412
15.0244
15.9973
15.3814
14.9408
16.4502
16.5382
15.9605
15.7409
15.0391
15.7843
15.4047
16.1133
15.5392
17.5117
16.4632
16.5222
17.1627
16.9204
16.8654
17.1511
16.7744
16.926
16.5222
16.5337
16.5303
17.7007
18.28
17.3481
19.2376
18.9097
18.5202
19.5866
19.3999
18.2508
18.8949
19.5266
18.9738
19.181
19.1878
18.1063
19.1911
18.9973
19.7143
20.3107
19.3716
20.6066
22.1295
21.8785
20.5927
22.6967
21.8076
20.8982
21.5086
21.2978
21.2467
21.3389
22.1388
21.4704
21.9787
22.4282
21.7544
22.1579
23.2928
22.1102
21.803
22.32
21.2148
22.3465
22.209
22.9631
22.7332
22.9598
21.6998
23.3677
21.6233
20.5963
20.1587
20.4093
18.8878
20.069
19.8682
19.4251
20.5988
20.8008
20.3961
21.7533
22.5074
21.4937
22.7262
22.3634
22.0857
21.7938
21.7355
21.1286
21.61
21.9375
22.0242
22.8581
23.5838
21.3641
22.7423
23.0591
22.3388
22.4171
22.5842
21.6696
22.5944
22.3322
21.8044
23.1188
22.7261
22.4218
22.4182
21.5443
20.8439
21.1176
21.7785
20.9577
21.3171
21.2174
20.4127
21.2577
20.646
19.5303
19.9394
20.5499
20.3555
20.5672
20.0055
19.2009
18.7504
19.1481
18.5533
19.9459
18.6587
18.2235
19.1025
18.999
18.1016
18.9486
17.9232
16.7062
17.4784
18.3555
17.2059
17.477
16.9257
16.043
17.7072
17.1209
16.2018
17.3759
16.3342
15.9506
15.8124
16.1953
16.5297
16.2339
17.0298
14.7578
16.3355
15.3899
15.2825
15.8694
16.4825
15.5952
15.353
16.0744
15.4058
17.3836
17.2082
15.6043
16.7869
17.6943
16.3911
16.8532
17.2138
17.1868
17.3441
17.8852
17.5784
18.6183
17.9525
17.8701
18.332
17.3808
16.488
17.3905
17.8133
17.6542
18.0391
17.9658
19.1398
20.332
20.3002
19.8601
20.3659
21.0955
21.0844
20.7638
20.1462
19.9174
20.3569
19.8937
19.8078
21.1609
21.6098
21.1761
21.2404
21.6669
20.4712
20.6635
21.4926
20.817
21.4252
21.34
21.0823
21.6849
21.0745
21.6721
21.8176
22.5283
21.2185
21.011
21.3486
21.2405
21.0145
20.5077
20.5385
20.815
20.568
19.1823
19.9683
18.9378
19.0278
20.073
19.822
18.4047
19.6207
20.4118
19.171
19.5361
18.4717
17.412
19.5429
18.9403
17.7968
19.0401
19.4349
18.8572
19.1744
18.7286
18.2104
18.9527
19.4656
18.0702
18.5625
17.7557
17.5987
18.3117
18.4738
18.1034
18.9636
18.981
18.367
19.2489
19.9084
18.1081
19.3288
17.947
18.5787
17.7182
18.121
16.8532
17.1544
17.5697
16.5345
18.0757
17.5203
16.0984
17.0348
17.2279
16.8087
16.3925
16.3653
16.3576
15.9102
15.4963
14.9882
15.72
15.2368
14.0933
14.533
14.7228
13.323
13.491
13.1942
13.0374
12.1665
11.3871
11.0596
10.6536
11.1779
11.2155
11.7733
11.7516
11.7479
12.1199
11.3871
11.1842
11.5294
10.4985
11.2147
11.9283
11.752
11.826
11.7759
12.3786
12.4021
13.3356
12.5238
12.4018
12.764
13.7381
12.3526
14.1069
14.1219
13.7615
15.6211
15.4373
14.7804
15.7306
15.5855
15.006
16.0924
16.2075
16.2014
16.9592
17.3632
16.8899
17.6233
17.9589
18.1471
17.8932
18.1231
18.5459
19.2693
19.2126
18.1705
19.6992
19.0355
17.7259
18.9238
18.8277
19.018
19.312
18.9785
18.6438
19.5768
20.1108
19.6331
20.411
19.1422
18.5856
19.9297
19.5389
19.1152
19.3532
19.8898
19.0353
19.8928
19.959
19.7696
20.4669
21.0936
20.4754
20.8409
20.1408
20.8099
20.2774
20.0804
19.8624
20.2746
20.6961
20.1849
21.4848
20.8141
19.635
21.2783
19.9702
20.8988
20.6268
20.3179
20.7168
20.3909
19.6653
19.9003
21.1787
21.1059
20.9282
21.9781
21.44
21.3494
20.7685
20.7467
19.0055
19.4389
