17.7058
19.844
20.0352
19.3498
19.8467
19.6513
18.1614
19.8775
19.7803
17.1258
19.7327
19.8367
16.9147
18.1011
16.3065
14.9254
14.9645
13.6945
11.5517
11.9218
12.0122
9.50734
11.6787
11.5181
10.1833
11.3575
13.1659
11.4043
14.4092
15.4861
14.8492
15.3873
14.8022
11.9337
13.151
13.4396
11.9497
13.4334
12.7189
10.7607
11.0588
10.3202
8.69629
9.16184
8.86956
7.46138
9.54726
8.7782
7.4338
9.562
9.7284
9.30473
11.279
11.7403
11.5757
12.2216
12.0318
12.382
12.9879
13.0522
12.0382
13.1427
12.6589
12.4283
13.5461
11.8307
10.2394
10.5543
10.332
8.37607
8.9472
7.71892
5.73104
7.27798
6.94023
5.50842
6.69084
6.08795
5.29963
7.06292
6.22439
5.6244
7.54172
8.47722
7.92146
10.286
11.3885
11.0183
15.0496
17.7343
18.1818
19.8063
19.4505
18.0489
19.0674
18.3009
16.1444
18.0229
16.7688
14.6985
15.579
15.2801
14.178
16.354
16.373
13.3953
16.9224
16.4924
14.1406
16.0148
14.9525
13.2019
14.2676
14.0345
11.5044
12.1545
10.9592
9.05109
9.83957
8.42757
6.31532
7.51023
8.20232
7.57868
10.6409
11.4352
12.67
15.6726
16.0763
15.4113
15.6854
15.4444
14.1787
16.1251
16.25
15.5065
17.1963
17.4526
16.057
15.6913
15.1783
14.8974
16.8587
17.5809
16.3325
17.3987
17.909
17.6905
20.6251
20.2131
17.3119
20.8704
20.7649
19.7848
21.3638
21.5754
21.6208
22.3326
21.9391
21.1257
23.2935
22.3942
21.4151
21.9925
23.3066
21.1996
22.2092
21.3471
18.8746
20.1784
19.8974
17.1052
19.7624
19.1446
17.0036
17.9937
17.6643
16.4306
18.2967
18.3779
15.8456
17.7619
17.8757
16.4883
19.9326
19.3559
18.6604
20.8603
21.3416
19.6096
21.4946
22.1543
21.8474
23.1279
22.7724
21.8879
24.0552
23.9669
22.2206
25.7311
24.8137
23.2781
25.8825
24.9027
22.2642
24.2028
23.9701
21.3902
22.1102
23.1705
20.5578
22.0988
22.67
20.9509
23.5613
23.4119
22.1408
24.6374
24.7977
23.1598
25.0725
24.9869
22.6967
25.3045
26.1762
24.5816
27.2902
27.6575
25.0387
26.6395
25.9069
24.2045
26.2098
25.1949
24.133
25.4828
24.7324
23.1246
25.0694
24.9243
24.4613
25.9703
26.1158
24.2657
25.9915
25.5588
24.3026
26.8021
26.4837
25.2291
28.6307
27.1526
26.3014
28.2987
28.6801
26.8534
28.4571
29.0353
26.333
27.5183
27.6066
25.9078
27.9982
29.0437
26.7304
28.6383
27.7627
26.5922
27.228
27.8489
25.5204
27.005
28.1748
26.0774
29.2969
30.4254
29.1662
30.3673
30.0025
28.6869
30.0177
30.4367
30.2638
32.5115
32.0679
30.8789
34.7967
35.1513
32.7922
34.232
35.7818
33.711
35.8046
35.6395
31.7967
34.4363
34.4191
32.1062
36.048
34.5858
32.117
34.0652
33.198
30.87
31.677
31.8395
30.4764
31.872
32.4896
29.1903
32.5848
32.8875
31.2425
32.2176
31.9242
31.3452
33.4765
32.9718
31.9305
33.466
32.7433
32.2444
34.0562
34.5675
32.5198
33.6963
33.1694
32.2872
33.1948
33.4365
31.6277
33.6827
33.7218
32.9565
35.4816
35.6195
34.1461
34.8402
35.1077
32.7977
35.3233
36.0816
35.2236
36.2095
36.8207
35.3069
38.8971
38.6375
37.1661
38.099
38.0667
36.3505
38.137
36.8875
36.5073
37.6593
37.0002
36.8637
38.5891
38.7777
36.2928
38.2761
37.5902
36.3941
38.1387
37.3878
36.1194
37.2633
37.5467
36.6416
38.3198
38.7288
36.9707
37.5034
37.9917
36.2559
37.2922
37.2194
35.1658
36.5209
37.2267
35.283
38.0673
37.2022
35.0673
36.0841
35.6646
33.5855
34.9682
34.8985
32.3443
33.037
33.6854
32.2303
34.142
34.3485
31.4001
31.6376
31.6634
29.4758
31.0052
30.8589
29.5839
30.2092
30.2602
28.6828
30.3541
30.5193
28.3433
29.4254
30.0259
28.2161
29.5869
29.3673
27.4433
29.395
28.8368
27.4571
28.9761
29.2924
27.5867
29.059
29.0415
26.9266
27.934
28.5558
26.8108
28.8658
29.304
27.4817
28.391
29.0971
27.8962
29.0941
27.8057
27.1802
28.0543
27.5705
26.8892
27.9976
30.0601
27.6243
29.7619
30.2227
28.5701
29.4109
29.3382
27.8274
30.3673
30.579
28.0181
30.6692
31.4142
29.4622
32.1829
31.4267
29.7327
30.702
30.5726
28.6201
30.1471
29.4584
27.4661
30.2191
29.7709
27.3432
29.5111
29.0814
26.7513
27.8884
27.9525
26.26
28.2185
28.1311
25.7077
27.6561
27.3446
25.5926
27.9712
26.8892
25.2071
26.5301
26.9697
24.5508
25.79
26.2623
23.7906
24.8617
26.2601
23.568
25.6029
25.6377
23.1837
25.3495
23.9234
23.8841
25.7887
24.6814
23.7165
26.0655
25.634
23.7287
26.1524
26.3315
23.8113
25.7365
24.9238
23.4041
25.3472
25.598
22.9159
25.5498
24.9971
23.3457
25.2742
24.9797
22.7045
24.7231
24.281
22.3495
24.0007
23.6326
22.4499
23.1111
23.0236
21.1199
22.1391
22.4971
20.148
21.4346
21.6537
19.4812
22.2523
21.3498
19.5041
20.4151
19.8871
18.3807
20.0107
20.6561
18.5059
20.5136
21.0202
19.2323
21.0177
22.512
19.8865
20.4242
21.5218
19.4553
21.0899
21.1654
19.0854
21.2571
20.8944
18.922
20.5165
21.4665
18.9353
20.2426
19.7628
18.3641
20.6277
20.8883
19.0165
20.8347
20.7732
18.4007
20.0277
21.3913
18.8493
19.6829
19.5287
18.3844
20.9177
21.2499
18.4282
20.2185
20.4129
18.3697
19.8011
21.0663
18.8442
20.8205
21.055
19.9818
21.3533
21.3089
19.3522
20.4012
21.3217
19.6569
18.9446
19.962
18.6402
18.9645
19.169
19.6132
20.8749
18.1109
