59.9107
60.002
59.5442
60.5672
60.06
59.3889
59.3358
59.1865
59.0735
59.6828
59.0709
60.0167
58.7882
58.5963
57.1575
57.5819
57.6038
56.465
57.7623
58.0603
57.7143
57.014
56.0794
55.8647
55.4555
55.1943
55.2589
54.4745
54.425
54.3742
54.5297
53.7721
54.0262
53.6479
52.5095
52.0822
51.8194
51.493
50.9983
52.4683
50.1812
49.8609
49.8507
49.1168
49.3306
49.4594
48.8023
48.654
47.5742
46.5574
46.7228
46.649
46.9561
45.5893
44.7978
44.3723
43.9702
44.0362
45.1998
43.426
43.3278
42.4925
40.9865
40.8987
41.89
42.4671
40.8719
41.3166
39.8087
39.2738
38.3934
37.5263
38.3686
37.7708
37.2066
38.2892
38.1354
36.2787
35.9929
36.45
36.4183
37.027
36.2541
36.1465
34.6527
34.6623
35.072
34.1777
34.2719
33.9837
33.5116
33.3468
33.9489
33.1506
32.7238
32.3575
30.8472
30.5392
32.6115
31.5727
32.0844
31.4743
30.4382
30.6669
29.9969
30.5916
30.8498
30.6443
29.9927
29.9356
29.7452
28.287
30.2258
29.5359
29.7381
29.6424
28.7278
28.1701
27.5052
28.0218
26.9246
28.0007
28.8701
28.5637
27.7068
27.4066
26.939
28.9734
28.944
29.7298
29.6157
28.95
28.1011
29.5969
29.7872
30.4227
29.633
29.4049
29.1115
30.3062
29.6097
29.1616
29.4071
31.3192
30.6644
30.6521
30.8065
31.1101
32.3126
32.6472
31.6777
31.4417
32.3925
32.2877
33.3685
33.7937
32.6657
33.8185
34.8737
34.5939
36.1082
36.1244
36.2187
35.1856
36.2364
37.6752
36.969
36.5546
38.777
38.1489
38.2531
39.3512
39.0297
39.317
41.2866
40.8104
43.2401
43.215
42.2165
42.4699
44.5584
44.658
44.2846
44.2072
45.4007
43.6712
44.9778
46.5165
46.9856
45.032
46.3168
47.4122
46.4424
46.7822
47.4413
47.8194
48.7
48.1309
48.6629
49.2607
49.1008
50.3905
49.8644
50.3602
50.4269
49.6685
50.3327
51.1359
51.2346
53.1421
51.1192
51.8589
52.2759
53.8125
53.3729
54.19
53.3552
54.678
53.3738
54.4452
54.9082
54.1674
55.3182
56.1181
55.3714
55.4127
56.1437
54.9553
54.9097
55.9113
55.4019
57.303
56.4613
55.7087
55.9162
56.6339
56.8536
56.8542
55.8062
57.6578
56.3307
56.671
57.9806
56.4389
56.9345
57.2866
56.3203
57.8137
57.099
57.6933
56.81
55.6602
57.0827
58.2033
56.1407
57.3653
57.1116
56.9506
57.1695
56.9132
57.2317
57.1711
57.2101
57.5768
57.7909
56.8841
56.9
57.2294
56.499
56.2491
56.4642
56.798
56.256
56.3559
56.5399
56.0322
55.8747
55.1448
56.083
56.3965
55.7241
55.3933
55.7675
54.6245
54.9033
55.5541
54.1638
54.4622
54.8024
55.0033
54.0023
53.9767
54.2585
53.7377
54.1104
53.1919
55.075
53.8819
53.5258
53.1529
53.6676
51.9623
52.1208
51.9992
52.338
52.7822
52.5203
50.63
51.4152
51.3065
51.07
49.2005
50.6006
49.5681
50.9547
50.207
49.9006
50.6248
48.9013
49.6141
47.716
48.4659
48.6003
47.7258
48.2931
48.2523
47.7069
46.468
47.0257
46.7008
47.5201
45.6616
45.9251
45.8035
45.6494
45.3305
44.9408
44.4754
44.2874
44.2061
42.8992
43.1363
44.0052
43.1018
42.9453
41.2453
41.7263
40.0689
39.4658
40.3287
38.6936
39.1424
38.932
39.3547
37.0097
37.7393
37.0596
37.3543
37.7604
36.3831
35.1503
36.0081
34.7103
34.6125
34.1988
33.4415
33.6387
33.4675
32.3783
32.8283
31.8783
31.7302
30.8561
31.6998
30.5091
30.9085
30.8952
30.5486
29.2935
30.148
29.1488
29.2061
29.1964
29.0645
28.97
28.8451
29.4284
27.8088
28.2543
27.7516
28.0268
27.1276
27.0304
26.5473
26.8624
26.9426
25.8265
27.3332
26.8371
26.3639
26.0856
25.8
25.8854
26.517
25.708
25.7624
26.2554
25.6774
25.9799
26.2688
25.2226
26.0039
25.9345
25.5727
25.6723
25.6715
26.4072
26.6684
26.9253
27.092
27.1094
26.5316
26.6962
27.1234
27.2705
27.2357
27.2547
28.2353
27.3766
27.8205
27.9578
27.7847
28.2264
28.4504
28.644
29.7446
29.5336
30.0977
30.1013
30.1501
30.7949
30.4285
31.0096
32.0447
30.7078
32.2736
31.9315
33.116
33.4777
33.0307
34.5604
34.0434
34.596
34.565
34.9767
35.6647
36.0977
36.0584
37.27
36.944
37.3777
38.3957
38.0576
38.3617
38.8058
38.9428
39.7756
39.7775
40.2021
41.1926
40.6826
41.2175
41.3881
42.5661
42.9939
43.2341
43.8019
44.0377
43.714
43.9305
43.9925
44.4686
45.6026
45.3471
45.5738
46.3802
46.8327
47.6204
46.9275
47.5242
47.2254
49.8384
48.2689
48.8665
48.7473
49.0548
49.4239
48.8204
49.8769
50.3353
50.5698
51.6681
50.5063
51.7873
51.5211
51.5775
52.9173
51.7765
53.2342
53.209
53.3033
53.5038
53.5381
54.2653
53.7604
55.2521
55.0327
55.1362
56.3125
55.0865
55.0224
55.3628
55.6069
55.6275
55.5873
55.5403
55.8576
55.8774
56.2612
56.1229
56.6948
55.9577
56.4851
57.974
57.8454
56.8418
57.2617
58.8867
56.6938
58.8141
58.1071
58.408
56.8184
58.2065
57.796
57.8094
59.2895
57.6945
58.3231
58.9943
57.9177
58.371
58.3328
59.1853
58.1907
58.5648
58.9615
58.2696
57.2857
58.3945
59.3163
58.9513
58.2404
57.5711
58.8233
57.6365
58.6354
58.3595
58.3292
58.0491
58.5385
58.9564
58.3428
57.1536
58.4996
57.0588
56.6033
57.81
57.5677
56.9459
57.6256
58.2724
56.4445
57.178
57.4887
56.1574
56.5402
56.2343
55.8051
56.0208
55.4243
56.4369
55.2341
55.7121
54.7795
55.0416
54.8305
55.1447
54.6846
53.8618
