34.2408
34.7266
34.6247
34.4851
34.8143
33.1396
33.1841
34.0357
34.5711
33.9356
33.6444
33.2794
34.7748
34.6736
34.6239
34.3192
34.4696
34.5034
33.7603
33.6934
34.052
34.3906
36.2012
36.0561
34.0836
33.711
34.3334
34.2277
34.7892
34.0694
34.0979
33.2167
33.6442
33.2007
33.2126
34.1251
33.3648
34.0663
33.6094
33.007
32.7656
32.4181
33.1226
32.8685
32.1047
31.1581
31.3669
31.2036
32.1441
32.1689
32.0797
31.302
31.5804
30.7022
31.3216
30.3157
30.2873
30.9632
30.1264
28.7199
27.8743
27.6945
27.6861
27.2249
28.8503
29.2738
30.4476
29.3596
29.774
30.2923
30.2759
29.7928
30.8188
29.8924
29.784
29.5971
28.5227
26.9685
27.9447
30.0964
29.5063
29.8976
28.8803
30.0246
29.0859
28.7641
29.121
29.5809
29.9367
29.6418
29.125
29.0127
29.5944
28.941
30.3513
30.3184
29.6525
30.8664
30.9686
30.1139
29.8623
29.7847
30.2524
29.6898
30.456
30.0779
31.6265
31.9452
32.2948
31.9708
32.2867
31.0192
31.0056
30.7296
31.0426
30.2937
31.438
31.4144
30.8636
31.4708
31.1406
33.1411
32.8288
33.1945
33.0194
33.0577
33.2942
33.8558
34.1849
33.9959
33.1358
32.9818
33.2769
33.3227
32.6775
33.924
35.0804
34.2798
34.5636
34.6159
35.1454
34.3435
35.1465
34.2531
35.2041
34.9847
34.3825
34.8622
33.7218
35.2108
34.4082
35.1981
35.3226
35.4882
34.6166
35.5107
35.3801
35.5059
35.4275
36.6212
35.7298
35.2659
36.0619
36.0984
36.178
35.3786
36.089
34.3205
34.3306
33.6129
31.4228
32.0285
32.2912
32.5212
32.6659
34.2225
34.3454
34.2657
35.15
36.395
35.9519
36.0444
35.9035
35.1542
35.115
35.6559
36.506
35.166
35.0011
36.0691
36.7914
36.6229
36.4943
36.2426
36.5316
35.7359
37.6057
36.2351
36.8954
37.3665
36.9449
36.9159
36.2685
37.0947
36.8486
36.483
35.6373
35.9472
35.8943
36.5607
36.3111
36.4517
36.4657
35.1697
34.3855
33.6341
34.4389
34.383
34.9483
34.2955
33.5447
32.7629
33.0905
32.7299
32.1684
31.6097
32.2576
31.7072
32.5983
33.4344
32.4977
33.4088
33.3141
32.7952
32.7325
31.9798
33.2546
33.2229
33.0367
31.7388
31.9297
31.7118
32.8769
32.8495
31.7881
32.5159
32.5337
31.9277
32.2563
31.3766
32.0181
32.8362
30.6304
31.204
31.1133
31.7321
31.2622
31.3274
31.1005
30.8724
31.8812
31.4888
30.9907
33.0674
30.6069
31.3386
31.7016
31.5445
31.3661
32.102
32.8099
32.5172
32.5991
31.7555
32.0154
31.8214
32.9529
32.1773
30.8271
30.4029
30.485
30.2599
31.1475
30.1435
31.7101
31.9859
32.5161
32.158
33.7276
33.802
33.2266
34.1556
33.7786
34.9334
33.853
34.7226
32.6415
33.375
33.7149
34.3258
34.9938
34.1805
33.8925
34.1379
33.3681
33.956
32.9848
34.2649
33.3129
33.8636
33.5162
33.3269
34.6957
33.5141
33.0811
33.4297
33.3695
33.8029
34.0962
33.5182
34.1022
33.5666
34.3251
34.467
33.0375
32.7227
32.5811
33.2126
33.0397
31.986
32.1593
31.8912
32.1258
31.5645
31.6768
30.1122
30.7562
31.4618
31.4961
30.7033
30.7285
30.6958
30.6624
30.9572
31.8476
31.572
31.3344
30.3533
31.1871
31.2457
29.0608
30.8619
29.6846
31.5336
29.4474
30.2649
30.5653
30.5379
30.1027
30.3752
30.4401
30.9033
29.4923
30.2822
29.7764
30.8061
29.6693
29.4072
30.218
28.8562
29.8218
28.7965
29.3662
29.5013
29.1533
28.7144
27.4702
28.0795
28.1994
27.9151
27.8767
28.8601
27.9641
28.2171
28.2763
27.0469
26.7623
26.8197
25.8322
24.8852
24.6156
23.2957
22.9417
24.1369
24.0907
24.108
25.5198
25.6111
25.6327
24.5746
25.8191
24.9592
26.2103
26.0472
26.0429
25.2888
26.3017
25.8423
27.3971
26.4302
26.7001
26.3665
27.5055
27.1604
27.3328
28.6143
28.6241
29.5651
28.9773
28.6003
28.1493
29.1079
28.573
30.2223
29.8122
29.3923
30.6636
31.6757
30.9163
31.3437
30.8374
31.1865
32.659
32.1117
32.1794
31.4642
31.9483
32.3415
33.3713
34.0316
32.0692
32.3226
32.8161
32.0405
31.327
31.568
30.5967
31.3347
32.0247
31.5813
32.5547
32.8537
32.4925
32.5401
32.9301
32.5886
32.4071
33.9796
33.8533
33.1567
33.5553
32.6993
33.5248
33.6103
32.7243
33.0552
33.8833
34.4653
33.9644
34.2605
34.5321
33.948
33.352
33.5611
34.3058
34.6077
34.7409
34.2519
34.4793
34.0177
34.1028
33.4132
33.3005
34.039
33.8543
33.4142
34.0707
34.7357
34.0422
34.6439
34.2213
35.4612
35.032
35.3496
35.0732
34.7457
34.3464
33.2405
33.3028
32.7719
