62.5916
63.2353
63.4702
63.0509
62.9966
63.867
63.8365
65.1591
65.0999
66.0076
67.0194
66.767
67.1124
65.9915
66.8319
67.3935
67.4487
67.2828
66.6451
67.8319
67.9704
66.9386
66.3036
65.4025
65.8917
65.1621
63.5516
63.0073
63.4375
61.5873
60.2873
62.6768
61.6432
62.4558
61.7694
62.315
63.5473
62.8237
63.0125
62.6567
62.3678
63.9477
63.1696
64.1674
64.0597
63.1703
61.8047
62.6709
63.4779
64.4909
64.6462
64.6804
65.3115
64.1453
64.5154
65.329
64.1424
63.9105
62.9381
64.4843
62.8203
62.3566
63.17
62.0617
62.5299
62.1435
61.5002
60.892
58.0428
59.2616
58.0331
58.3544
56.864
57.8782
57.8796
57.608
56.5585
58.6102
61.7101
59.2723
59.0269
58.8412
60.9231
61.7383
60.9672
62.1718
62.1676
64.3771
62.2925
63.9164
62.7684
62.8409
61.7661
61.5027
62.2439
62.464
62.3084
62.8396
62.4352
63.8238
66.2896
66.5002
67.0841
67.8194
67.0174
66.9388
66.7203
67.7738
67.7701
67.2989
68.3073
66.9431
66.8877
66.5321
66.6649
64.9047
63.8888
63.1207
62.6832
61.4466
62.6685
59.5062
61.7174
62.1374
65.1817
65.1998
65.0112
64.4264
65.1325
66.0544
66.6873
66.0112
65.6074
64.8059
63.9106
65.144
65.0032
64.0549
63.9943
62.8479
63.8721
62.3912
62.6113
62.4759
60.8122
60.4429
60.2528
57.8939
57.5022
58.9979
58.4105
57.3035
55.7485
55.1921
56.2339
56.3084
58.269
58.6019
58.0242
58.2955
57.0217
56.4698
56.5692
56.0812
55.9413
56.0495
55.4959
56.9388
57.7056
58.4472
56.2507
58.1668
58.2185
58.9043
59.1402
57.4048
57.8922
58.8046
59.4345
60.0499
59.6194
58.3695
57.4105
59.5888
59.0282
56.2809
58.0004
57.581
58.0279
59.0975
58.3323
58.3007
58.8047
58.0011
56.502
55.5393
55.9663
55.2597
56.1991
56.3399
57.7961
59.0884
57.0722
57.9212
59.9365
58.9009
60.163
60.1266
59.0685
59.2318
59.762
59.3515
61.2375
61.1226
61.256
60.0798
60.1043
61.4577
61.6592
63.3847
61.5765
63.8522
64.2785
65.1612
66.1211
64.9205
65.0804
63.7625
66.0661
66.4233
66.9312
67.5059
67.5786
67.1834
66.4066
66.4008
66.6359
67.0058
65.6222
64.3784
65.0642
66.2889
64.5481
64.8053
65.397
66.7845
66.5561
65.2749
65.9495
65.7042
64.7536
66.0075
66.5605
66.5215
66.4342
66.8317
65.8934
66.1975
66.539
66.7614
66.7129
65.9215
66.6799
66.6649
66.7645
66.4352
68.5447
67.399
68.2667
67.4254
67.4494
68.8169
67.9464
68.9396
68.6707
66.2578
66.5231
65.7644
65.075
63.8793
64.6114
65.2595
65.8703
63.8926
62.8173
62.3778
62.6235
60.7952
62.1855
61.7295
58.8914
59.6513
59.0151
59.1929
59.2223
58.8348
61.9945
62.7862
60.399
62.6656
63.4931
61.7167
61.6388
61.5446
62.592
63.6779
62.5974
63.0614
62.4983
63.2777
64.8982
63.5123
62.0164
63.7492
64.1718
64.276
64.5321
63.7208
62.8541
64.0986
64.3512
64.9776
64.5882
64.32
64.8721
64.5395
64.4319
65.2628
63.4503
63.9881
63.3814
63.7144
61.8817
61.9754
61.5331
58.5497
58.4596
58.0406
59.3136
57.9206
57.1823
58.355
56.3701
58.8796
58.3303
57.0422
58.3949
58.1061
57.0361
55.8698
56.8325
54.5397
56.4041
55.0044
56.2284
54.9254
55.1026
55.8512
56.4312
57.0101
55.5987
56.3947
56.4926
57.3705
57.2497
56.4147
55.1931
58.0943
56.1669
57.5476
55.8629
55.9226
55.7433
56.6585
54.4394
57.3089
55.0371
56.1591
55.5312
56.5898
54.8885
56.3399
56.5668
56.9731
55.0372
54.4454
54.826
52.9639
54.3096
55.2057
53.1131
54.3833
53.8279
53.2016
52.7947
53.6359
54.0784
54.4502
54.3065
52.7888
53.8832
52.8509
53.6154
53.3645
54.34
55.4481
55.155
54.0265
55.1721
54.1628
55.5272
54.8887
55.2918
56.0997
55.9036
55.51
56.1013
57.298
57.1212
57.0916
57.5825
57.4416
58.1036
58.7507
57.8091
56.8198
57.5893
59.0292
56.4993
56.8839
57.6935
57.2666
57.8413
58.2337
57.884
58.8971
57.4637
57.9181
57.49
57.2897
58.2417
56.9609
57.1216
56.4506
55.5303
56.2406
55.9174
56.0571
57.1306
56.4078
56.2351
57.6321
55.895
57.7127
58.6021
58.0209
58.5194
57.2899
58.9199
58.4643
58.0804
56.5261
57.7837
60.4104
58.2185
60.1756
60.3089
59.4766
59.7713
59.3616
59.8566
60.4593
61.8482
59.236
62.0482
59.7383
60.7802
60.8876
63.092
61.987
61.9124
63.0305
63.1283
63.8886
64.6466
63.93
64.1289
63.9152
62.9964
63.9462
65.0105
65.0714
63.6603
64.1805
63.9499
63.5701
63.6656
62.0054
62.9175
63.4429
