27.9595
28.0017
28.5368
28.8009
28.4036
27.6832
28.6367
28.602
28.6687
27.5325
27.3983
27.8617
28.1435
26.1146
25.6051
25.0851
24.5393
23.3861
23.449
21.3584
21.9495
22.6786
21.5142
21.2803
22.2279
22.4974
24.1626
25.1606
27.3357
28.3614
29.2704
29.0272
28.012
26.131
25.0451
25.787
26.0259
26.7973
25.5299
24.6281
24.6872
24.5956
24.5269
23.1673
22.2594
21.8891
22.6131
22.4
22.9127
22.6079
23.011
24.229
25.6198
25.8045
26.7187
26.6525
27.1311
27.7586
27.8567
28.449
27.5807
27.5694
27.6831
28.6718
28.9574
27.9788
28.255
26.8839
26.5646
26.1302
24.7529
24.555
23.7525
24.6359
24.2683
24.8003
24.5456
24.9012
25.0072
24.9885
23.6677
23.936
23.6037
23.6113
24.7052
26.868
26.3432
27.7133
29.3303
32.1301
33.8304
34.1329
33.8941
33.9563
33.3941
32.7021
32.6235
31.9967
30.9866
30.4515
30.3626
31.1559
31.323
31.9003
31.6898
31.9691
31.6703
31.6835
31.3153
31.9243
31.6711
31.7219
31.0028
30.8188
30.5995
30.241
28.1452
27.4148
26.3557
25.1963
24.4149
23.6676
24.4708
25.5538
26.8545
27.3876
30.3165
32.1822
32.5753
32.9561
31.9409
31.8631
31.1989
33.0952
32.9923
33.3712
34.0828
33.7133
33.1582
32.3976
32.6393
32.2863
33.448
34.4494
34.1907
33.7238
34.1437
35.4043
35.3446
35.6861
33.6356
35.3415
35.9005
35.6917
34.9843
36.0797
35.0971
36.0152
34.6849
35.7498
37.8544
36.3954
35.8081
34.7559
35.6241
36.2625
36.0136
34.9789
34.3983
33.7671
34.1411
32.2383
33.4219
33.4704
32.8533
33.1603
33.8719
32.5883
32.0973
32.5909
32.0151
30.1942
31.4055
31.8081
32.1396
32.1332
32.6454
32.0361
31.4652
32.6646
31.3202
32.0571
32.5495
33.5698
32.8626
33.5909
33.2217
32.7808
32.6886
34.4434
32.5008
33.2328
33.5925
32.3236
31.8196
31.0463
32.8455
32.3697
32.3076
32.4226
31.6641
32.3685
33.0547
32.327
32.3201
34.4511
34.6898
34.314
34.0556
35.684
34.3155
33.4698
33.4946
36.2109
37.3674
35.8199
34.756
37.3483
36.756
35.9199
35.9132
36.5046
37.25
35.1337
37.492
37.1392
36.6105
36.7767
36.7417
36.5053
37.3563
38.0046
37.2987
36.3327
36.8219
36.504
37.0762
37.6651
37.767
38.0424
39.1562
38.7261
39.246
38.689
38.5104
39.2656
40.5373
40.5041
39.9154
40.1997
39.528
40.2327
39.8372
41.3026
40.9388
41.0165
41.6363
41.6829
40.8777
42.0946
41.8007
41.4574
42.5572
42.468
42.1609
43.1238
42.9504
43.0412
42.302
43.3631
42.4979
42.4425
43.9416
44.0832
44.4321
44.3454
45.9742
45.1935
45.0808
44.3864
46.8259
46.6664
46.5168
46.2292
46.0036
47.0317
47.2295
47.3448
47.4439
45.4835
45.6924
46.088
45.5095
44.9576
44.5503
44.508
45.0991
45.0156
44.7463
44.7094
45.5349
44.6795
45.7857
46.119
45.6216
46.5979
46.6007
47.2313
46.2453
47.2631
45.9813
47.4938
45.985
46.1
46.9689
46.1742
46.0429
47.4263
46.7803
46.79
46.3084
48.2402
47.2328
48.1433
47.6005
49.2273
49.4266
48.9239
49.9568
48.9302
50.0366
51.6332
50.7723
50.8128
51.4896
50.8521
51.3965
51.0461
51.7581
50.941
50.9699
50.0814
49.7291
49.6285
49.2084
49.3566
49.3656
49.634
48.8021
49.8642
50.3572
50.1668
48.6427
50.1962
49.3523
50.0766
48.3809
47.9215
48.6234
49.0632
49.5328
49.9428
50.1677
48.5586
49.811
48.8877
48.7785
48.8118
48.1097
48.7891
49.1346
49.1275
49.6051
49.8223
49.1529
47.8559
49.1593
48.692
47.0649
48.0726
48.0947
46.9778
46.6467
46.5834
47.2565
46.0336
46.3383
45.1819
45.834
44.4159
43.1072
44.1306
43.4593
43.4571
43.0318
43.583
43.0979
41.6863
41.1817
42.1314
42.5471
42.2522
42.9811
42.5767
42.3759
42.7938
42.3901
43.9198
43.1954
43.6048
43.5825
41.4604
42.0447
41.6307
41.1912
40.6562
40.9262
41.1715
40.2188
40.6482
40.5925
40.1891
40.9769
40.9681
41.035
40.335
40.2352
39.2261
40.3535
39.9858
41.0278
39.5972
39.5846
40.6977
40.6876
39.7319
40.5074
40.7661
42.1909
43.4283
43.0687
43.2825
43.9363
44.4528
43.4912
43.5789
44.243
43.1266
42.4775
41.133
42.1182
41.1416
40.9211
41.0259
40.7261
40.6699
40.6118
39.9991
40.0384
39.5299
40.8065
40.0269
41.4605
41.4555
41.4493
39.8388
40.7876
40.2753
40.5982
40.3905
39.7549
40.239
40.3835
38.4452
39.476
39.7225
38.8696
37.3349
39.4322
37.6503
37.6653
38.1326
37.7833
38.7697
37.5697
38.6833
40.5394
39.1741
39.2857
39.0676
38.4079
38.5224
39.2452
38.9627
37.5525
37.917
36.2838
38.4261
38.3572
37.9211
38.0411
38.1721
38.4333
37.0181
37.411
35.6804
35.535
36.8727
36.7917
35.5293
36.0543
35.8152
36.157
36.1221
36.0098
35.827
34.5879
35.2625
35.1216
33.8623
34.7616
33.8917
34.1247
34.382
32.1922
31.5921
30.6196
30.5623
31.3605
31.2647
31.572
31.3546
30.2368
30.108
30.3276
31.0464
30.3635
30.2905
30.6265
30.4894
30.2358
30.381
30.842
30.6306
30.5003
29.3445
30.0944
30.4065
30.3677
30.3272
29.6695
29.2778
30.4207
29.4074
30.657
29.708
30.237
28.8931
28.8833
29.133
28.4671
28.3891
28.0844
29.134
28.6386
28.8445
29.2849
29.0144
29.4314
28.0229
27.9478
28.9355
29.5387
28.7485
29.0945
29.1631
29.0115
29.6667
28.6241
28.2178
29.1583
30.2322
27.9081
28.9436
29.1483
27.3826
27.7447
30.0938
27.6238
28.1773
