46.299
46.3244
45.7377
44.6977
45.6621
45.1749
44.1733
44.9339
44.6134
43.9817
45.9245
45.0975
45.0375
44.7885
45.1779
43.8773
45.3432
45.9197
44.8477
45.5627
45.3126
44.3092
44.8656
45.736
45.5116
46.5707
46.3419
44.6719
44.4692
44.1906
43.3744
44.5863
44.442
42.8032
44.1959
44.7854
44.4287
44.005
43.4961
42.5672
43.3236
42.0924
41.6979
42.6106
44.0567
42.6842
43.1765
42.5632
41.2324
40.6605
40.7528
40.3796
41.5637
40.1887
39.5686
41.1213
41.8286
40.1414
41.4007
41.2437
39.6883
38.7057
38.4178
38.9716
39.0053
38.9656
38.6412
39.1862
38.5231
37.812
38.6346
38.5644
38.1621
37.4464
37.9152
38.2078
37.4129
37.355
35.3794
36.114
35.4707
35.1874
36.7222
35.9648
36.9957
36.2043
36.0034
34.8442
36.0696
34.2437
33.9371
35.1428
33.8725
33.0709
32.9984
33.0021
33.1582
33.4369
32.7391
31.3899
32.1117
33.6013
32.1519
32.3931
31.3473
30.1709
30.8613
31.635
30.543
30.9496
31.5569
31.1112
31.1413
30.2669
29.1317
29.6338
29.6119
28.8071
30.383
29.4792
29.1894
29.4777
28.2547
28.0697
29.6085
30.4519
29.237
29.0174
27.856
26.8063
29.5011
29.3643
27.8772
27.0245
28.0339
26.8436
28.4106
27.2731
27.0681
28.3758
27.9823
26.9757
27.6193
28.4616
27.2343
27.5328
28.5115
26.9056
27.3212
27.6943
26.3059
27.5207
27.3962
26.2752
26.5788
26.8187
27.3614
26.8812
27.6447
26.7141
26.7046
27.9548
26.3585
26.7515
27.9488
27.6689
28.4582
29.6913
28.8776
28.361
27.8956
27.1088
28.3538
28.5632
27.1293
28.3462
28.768
27.6102
28.9468
29.5665
28.6716
27.9235
28.0553
27.8301
28.2256
28.0176
27.7448
28.6236
29.4215
26.9463
27.6085
28.1677
28.5768
27.8053
27.5935
27.5652
26.4577
27.4627
26.6307
28.035
27.9254
28.1569
27.4886
28.1688
27.3741
27.6772
27.1479
26.9972
26.6164
26.3963
25.6239
27.349
26.8843
26.3492
27.005
27.3165
26.8683
26.513
28.0997
27.3185
27.764
27.1287
25.9218
26.5885
27.4612
26.0075
27.8975
29.1394
29.6917
28.8368
29.3656
27.329
28.351
27.8441
27.2215
28.434
28.2728
27.4915
28.5323
29.311
29.3114
30.7403
30.0833
27.9965
29.5872
29.2638
27.2845
28.5172
29.7503
28.5108
31.7625
31.0928
30.5805
30.6084
30.5135
30.2081
30.4829
31.6008
30.5988
31.5693
31.7953
30.1903
32.3548
31.7321
31.8428
30.4594
31.7848
30.5844
30.9634
30.845
29.6088
30.0315
30.6565
29.9216
30.9032
31.8576
30.4661
31.0266
30.3251
29.0153
29.7348
29.8493
29.0273
30.1701
32.0143
29.3182
29.6062
30.7067
28.2472
29.663
29.5764
28.2852
29.4794
29.6325
28.4421
29.5355
29.7097
28.2176
30.6413
28.4087
