5.66392
7.27744
6.90277
5.77333
6.19841
6.44319
4.76027
5.56547
5.29436
5.33605
5.76568
5.48312
6.29975
7.436
7.31924
5.66048
6.60068
7.42077
6.30481
6.9075
6.46994
5.57632
7.18046
7.04442
5.38164
6.38777
5.85166
4.79631
6.89461
6.91696
5.51609
5.92783
5.93192
5.01911
6.58872
7.09435
5.92604
8.53909
9.8657
6.70195
8.73814
8.63292
7.98753
8.89593
8.8148
8.12909
9.18073
8.72898
6.50434
8.73328
8.15414
8.3339
8.94552
9.22151
8.23619
9.3978
9.54202
8.3719
7.95194
9.2456
8.00912
9.72629
10.103
9.31
9.28887
9.56822
8.71572
9.88621
10.5821
8.42418
9.4477
9.09879
8.15543
9.02228
9.68919
7.73717
9.46822
9.37607
8.21708
9.52734
8.95748
8.19244
9.37045
9.04586
8.1413
9.1285
9.08691
9.20338
9.90822
9.93902
8.33852
10.0347
9.05649
8.10381
9.45689
10.6383
9.26684
10.0483
10.0658
9.72179
10.9449
10.6345
9.71049
10.0327
9.83735
8.33013
9.26721
8.7364
7.29952
8.02248
8.49935
8.24511
9.20965
9.09167
8.06314
9.44075
8.92177
8.12985
9.113
8.39606
6.63503
8.16134
9.11775
7.92156
8.92792
7.89378
7.31151
8.21522
8.77559
8.07612
10.3556
9.10608
7.32755
9.39686
10.1046
8.33682
9.68234
9.75904
8.10691
9.70621
9.73964
7.29782
10.0988
9.85375
8.63482
10.287
8.33331
8.25662
9.06081
8.64225
7.46242
8.18782
9.34913
7.8825
8.49142
8.85158
7.0889
8.25569
8.99382
8.18219
9.51785
9.6864
8.47002
10.587
10.0017
9.94391
9.90672
10.607
9.33789
11.4094
11.1773
11.1541
12.2741
11.23
10.2146
10.5039
11.1838
9.98313
10.5801
9.78074
8.89102
11.7499
11.1117
10.7838
11.5235
10.6684
9.71469
11.6519
11.8537
11.6288
11.5353
11.4333
10.4233
11.4118
11.9528
10.0912
11.4515
10.79
9.72433
11.0838
10.9728
10.9085
11.0388
11.444
9.98301
12.6517
12.2769
10.896
11.9991
12.4335
11.5369
12.274
12.8899
11.4136
11.7152
11.8179
11.0676
12.6962
12.672
11.8283
13.129
13.0368
10.7806
11.39
11.5738
10.5775
12.2188
11.3722
9.59824
11.3659
11.479
10.9122
11.5015
11.386
11.1144
12.0255
11.956
10.8953
11.1126
10.8708
