52.9702
53.4595
51.657
52.5819
52.6872
52.7708
53.1227
52.1458
51.5506
51.6326
51.301
50.2599
49.2875
47.955
47.4324
46.1949
45.5533
43.3614
42.8057
41.7455
40.1936
38.9571
37.603
36.0505
34.9926
33.0259
32.2341
29.3318
29.3286
27.1217
23.6012
21.927
21.3644
19.5114
20.0561
18.3055
17.1336
15.5679
15.3087
13.8372
12.1408
11.2193
10.3833
9.29003
9.596
8.30772
8.67923
8.58335
8.54044
7.92545
8.35147
7.04977
5.96734
6.78492
6.93178
7.53365
7.39774
6.69752
6.84699
7.86571
6.9299
7.08934
8.56536
7.69991
9.62889
8.80256
9.34593
10.3594
9.23268
11.0365
11.7152
13.5991
14.0177
13.5746
14.8278
17.5361
18.5138
21.485
21.3759
23.5299
25.0029
26.7938
28.1353
30.2818
32.1265
32.7071
35.314
36.6303
37.2902
38.267
39.5794
40.5168
41.3754
45.3249
45.5686
48.8818
49.5461
53.1626
55.5158
56.2098
57.2596
57.8038
58.8967
59.2458
60.0784
59.4484
61.2927
61.0813
61.8601
61.2637
62.5767
62.9441
62.4848
62.24
61.2153
62.4269
62.802
62.6925
62.1887
61.6973
62.6786
62.5289
63.2035
62.2254
62.0277
61.2221
61.5773
61.2934
60.6212
60.064
59.4389
59.3606
57.3256
56.9868
57.6091
57.0857
55.8384
55.2786
54.9161
54.4263
53.6676
51.397
50.6868
49.0469
48.6469
47.9443
47.5637
45.7355
45.9923
44.6518
43.2275
42.7288
40.7577
37.5921
36.3615
35.7465
35.0397
34.0939
31.737
30.9316
29.98
28.79
28.8975
28.3306
26.4933
26.8268
26.0323
26.3729
25.9947
24.7428
25.0651
23.9234
23.983
24.0778
23.6608
23.4325
23.415
23.1645
23.9823
24.6556
25.771
26.2139
28.3957
28.5509
29.5649
29.8088
30.7155
29.7017
29.0563
30.0134
29.8988
30.991
32.0384
33.7199
33.5498
35.277
35.9285
37.8158
39.3378
39.8952
41.4405
42.4579
42.264
43.7193
44.9787
44.7756
46.8315
46.981
48.1931
49.931
49.9426
50.6593
53.0376
53.1319
53.6034
54.6628
55.4855
55.8229
57.3245
56.6049
57.4949
57.9897
58.3179
58.8821
59.4742
60.0562
60.8924
61.7654
60.5706
60.9193
61.3478
61.4836
62.178
62.1534
61.5574
62.1416
62.105
61.9518
61.8625
62.2004
