24.9622
24.9838
24.9886
25.0851
24.4132
24.0942
24.7895
24.0414
24.1662
24.1356
25.9551
24.917
25.921
25.3173
25.026
24.097
24.7775
23.9806
24.5503
24.2862
23.3341
23.0853
23.3485
23.5122
22.8356
21.1831
21.1111
21.1949
21.6461
22.0977
21.5582
21.4044
20.5427
20.012
20.096
20.7175
19.9604
18.9187
19.4882
20.0124
20.9006
20.7035
20.8305
20.8891
21.8812
21.8187
22.5719
22.66
23.7067
22.8391
21.3498
21.9929
22.3056
22.1922
21.8285
22.2083
22.4378
23.1828
22.9289
22.6184
22.4609
22.7672
22.3832
22.7357
22.3675
22.8184
22.0252
22.0825
21.6813
20.9404
20.9109
20.5958
20.2126
19.5492
19.3162
20.1332
19.1048
18.6125
19.899
19.6098
19.2683
20.4627
20.2889
19.8861
20.5447
21.8732
22.486
22.0514
22.4442
21.4408
22.2282
22.5421
21.2361
21.4425
22.6019
22.9498
23.0746
23.9069
23.67
22.9234
23.614
23.4185
23.418
22.9354
23.6865
22.4559
22.4451
24.0112
23.8497
24.5061
24.1091
23.3255
23.8233
23.5866
23.1523
23.6529
23.669
24.1661
24.748
24.9213
23.8734
24.8883
25.2338
25.3809
24.8692
23.6893
24.3611
24.8004
24.117
23.319
24.3175
24.6873
25.0094
24.9806
25.3848
23.7159
23.5635
23.6768
23.2612
23.1385
21.9693
20.9308
20.7804
19.5632
20.1816
20.2433
19.7619
20.0396
20.3602
21.2519
21.6386
21.9728
21.3311
21.5416
21.9711
21.8726
22.6016
21.4293
21.539
20.6174
20.9049
19.854
19.1308
19.1975
18.2409
17.6965
17.585
18.2299
18.7817
19.0743
18.9759
18.1633
17.3052
16.8542
15.824
15.8621
15.8078
15.8751
16.4705
16.4555
16.7113
17.0076
17.0595
17.1189
17.2479
17.1721
17.6426
17.9608
18.4062
17.5121
17.8998
16.9496
15.5074
15.5583
15.6643
15.0868
15.1153
14.3973
14.0852
14.3936
13.8856
14.3145
15.518
15.4532
15.0832
15.7193
16.4532
15.3233
15.4811
16.3004
15.8806
15.8788
15.9172
15.6289
15.1834
15.9719
16.229
18.3372
18.4341
18.6544
19.6519
19.5858
20.4406
21.5148
20.6799
20.1564
21.8152
22.0989
21.4427
21.9477
20.8464
22.33
22.9021
23.4194
22.5338
23.5776
22.1299
22.2182
23.3852
22.9631
22.5052
23.3913
23.4811
23.3636
23.3592
22.8178
22.8286
23.332
22.956
22.3792
22.7637
23.3579
23.4408
23.131
23.133
23.0622
24.0096
22.3676
23.4329
23.9787
23.568
22.0092
22.8098
23.7319
21.1703
22.3081
22.5698
21.1094
22.5015
22.0929
21.7421
21.75
22.3649
21.1214
22.9237
22.5006
21.9437
23.1442
22.6278
21.8894
22.4088
21.8465
21.0333
21.7013
22.1018
20.0195
21.9114
21.6795
20.7622
22.3932
21.1497
20.7769
20.7865
20.9692
20.8067
21.3642
20.4356
19.9166
20.6968
20.679
20.1051
19.4924
19.9212
20.7481
20.6023
20.689
19.987
20.3751
20.1959
20.582
20.4204
19.8779
19.8558
20.9737
20.2539
18.5343
20.6774
20.4541
19.987
20.5588
20.8229
19.8981
20.1042
20.0212
19.4237
19.3193
19.8031
19.5788
20.7542
20.1916
20.6017
20.7642
19.9778
19.2575
21.1622
21.2541
19.8132
20.6696
20.5345
19.4108
19.85
21.2175
20.077
20.7786
21.0775
20.2396
20.8745
20.808
20.1089
21.1365
19.8822
19.7851
21.1807
20.8527
20.076
21.7118
22.4854
20.5936
20.5529
21.1643
21.0078
21.4101
20.3249
20.411
20.4207
20.2241
19.5693
20.6349
18.8187
17.8498
19.8237
20.1526
20.0589
19.8683
19.765
19.4817
20.4228
20.4054
19.8409
20.0735
19.3518
18.7217
20.5044
19.49
18.7386
19.999
19.6342
19.5079
19.5921
20.8379
19.5818
20.1576
20.2205
19.8706
19.7395
19.8008
18.9235
20.0135
20.1453
20.7411
21.5524
21.9069
20.6751
21.275
21.1041
19.5073
20.9464
20.4386
20.7078
20.77
20.9341
19.6628
20.5162
20.8362
19.3662
20.642
20.3695
19.616
20.05
19.4465
19.0755
19.4904
19.6468
18.9057
19.343
19.6151
17.8186
18.4107
18.3819
17.8928
18.6871
17.6098
17.2065
19.0287
18.4513
17.358
19.7207
19.0215
17.7402
19.4975
19.7233
17.6796
19.8174
18.96
18.8255
18.7329
18.8906
17.859
18.8313
18.7131
17.6375
18.2095
18.1048
18.313
19.2675
18.706
18.186
18.9452
18.0118
16.3628
16.1418
17.3489
17.4774
17.473
16.9051
15.9459
15.3188
17.1577
16.9192
17.345
17.0145
16.436
17.7414
18.3004
17.5062
18.286
18.5784
18.8767
20.3949
20.4052
19.6259
21.385
21.1519
20.733
21.0941
21.6231
19.3759
20.1753
20.7667
19.9333
20.3965
20.2241
18.9319
19.7346
19.3231
18.1193
18.4432
18.5861
18.3708
18.9953
