19.0965
20.3505
18.6785
20.1108
19.7568
21.6818
18.9945
20.2419
17.8611
20.1443
19.4526
21.4598
21.6357
21.7809
21.2591
21.5187
20.1885
20.8807
21.418
22.0233
20.3264
22.1843
21.9063
22.07
21.0766
18.5251
19.5192
18.8675
17.819
18.8924
20.6968
18.4115
16.8372
18.2809
17.0744
19.313
19.0227
20.7487
22.3663
20.3625
19.7851
20.3008
20.1841
19.4281
19.8238
21.0037
21.118
21.3882
20.3639
20.8029
20.8471
21.8873
21.8754
22.572
20.0787
21.7544
20.6089
20.4053
18.1604
20.5317
19.8838
20.5284
20.2343
21.8557
19.625
20.7054
20.6741
21.0754
20.4731
21.8347
21.3526
21.2886
20.3365
20.5103
21.4928
21.2953
20.9722
21.4207
19.7781
20.3662
19.8754
21.6172
21.9643
22.4436
22.9203
23.4281
22.7131
22.4401
21.9361
20.7674
21.7605
21.5064
19.7915
20.8538
20.9533
21.79
21.5585
21.9234
20.9727
21.1528
20.9315
20.5643
19.8867
19.4811
19.848
21.1869
19.938
20.1858
20.1174
22.2769
20.005
20.9657
20.0771
21.0115
20.7517
20.4764
20.2518
21.1807
20.0916
20.2895
20.0745
19.7288
19.4704
18.3861
17.5444
17.9871
17.5561
17.7231
18.7477
20.9422
21.9923
19.8762
19.3
20.6213
19.5778
20.8875
20.5636
21.6596
22.218
21.6739
22.1857
22.22
22.6957
22.1919
21.3391
22.6885
21.3432
22.3353
22.4459
22.8346
20.4921
23.1835
23.6293
21.2577
20.8185
21.353
19.3992
19.9242
19.3887
21.5491
21.6023
21.648
20.9356
23.4044
22.0494
23.4301
22.7228
23.1655
21.1302
22.5806
22.7166
24.1156
24.0806
23.7475
22.5178
22.3823
22.447
23.0446
23.4688
23.7867
23.3476
24.5784
23.624
25.0345
22.7407
22.7563
23.6027
23.3627
23.5963
23.2397
23.2742
23.3125
22.8108
23.9674
23.1482
22.7479
22.32
22.9802
22.71
23.9571
21.815
23.5592
23.5861
22.3721
24.2408
24.0502
22.594
23.9045
24.0455
24.2194
23.4631
24.5678
24.4549
24.1385
22.6764
23.2571
21.8361
22.5119
21.9012
22.0381
22.1922
21.9753
20.6936
21.3337
21.6706
22.5576
22.4723
23.307
22.5579
22.8457
22.1713
23.0351
22.2173
22.3141
22.6981
22.7587
22.1343
23.1768
22.5684
22.6366
