49.6076
48.0162
49.371
46.8285
46.8478
49.9389
49.0441
48.0481
48.6493
47.3286
47.3456
48.3416
48.0612
46.596
46.4664
48.2908
46.5572
46.9582
46.0763
47.4022
46.075
45.3768
45.3186
46.1794
45.4742
45.087
46.5808
46.0331
45.3782
46.1026
46.658
46.2789
47.5292
45.4263
44.8458
43.6832
46.6848
45.6828
46.8958
45.952
47.5212
45.5866
45.018
46.4772
47.0443
46.7348
46.9879
46.4875
46.7013
46.977
47.1584
47.2405
47.3716
47.8426
47.7541
48.0652
47.4346
48.2146
46.8609
46.7735
47.4758
47.7252
47.9064
49.016
48.3867
49.4435
50.8772
51.193
51.3561
50.6539
50.1169
51.5481
52.565
54.9905
55.1206
54.5038
53.7899
54.4138
53.9614
54.6452
54.989
55.5959
55.8525
55.2057
54.7026
55.7796
55.078
54.7343
53.9034
53.3148
51.835
49.4224
49.5402
49.4844
49.5819
49.651
50.0613
50.764
49.8439
50.2144
51.7996
50.9562
50.3509
51.1728
51.342
50.8435
53.2245
52.0573
51.8195
51.8701
51.911
52.0911
52.0391
52.8228
52.4392
53.2964
52.548
52.7419
52.5596
52.1464
51.6735
51.8118
52.2527
51.5397
52.7971
52.2062
51.9086
52.7388
52.1051
52.6748
53.864
52.505
53.4253
52.819
54.341
53.5634
53.4479
52.7866
52.882
53.4649
53.4251
53.1535
51.6167
52.0298
51.9684
52.6783
51.8226
53.134
53.0669
50.6124
51.3246
51.1171
51.7226
52.013
52.3263
53.7761
53.231
52.3124
52.1599
52.3489
52.9366
53.4582
52.0919
58.0986
57.1917
57.2571
57.4493
59.3843
57.461
58.0249
57.8879
58.5558
57.8571
57.6906
58.3435
56.848
57.4993
57.0178
56.9696
56.1014
56.2618
55.4772
56.2694
56.4882
56.2121
56.271
55.6465
56.1023
56.2004
55.121
55.6786
55.7776
55.4589
55.6865
54.7146
55.3652
54.3424
54.0366
54.9546
55.0765
54.2014
54.112
53.9564
53.3315
53.8719
55.5884
54.56
55.0601
54.3727
55.713
55.1876
55.6707
55.0911
55.3687
55.6612
55.3761
56.2862
55.094
55.0207
55.4923
53.6909
54.3254
54.7201
55.1961
55.4211
54.5011
54.8662
55.575
54.6923
55.717
55.3413
55.1469
55.2173
56.0045
54.807
55.8186
55.7072
55.4499
56.4049
56.3668
56.4726
55.9224
56.2955
55.9636
56.0551
57.5148
57.5543
57.8332
56.4718
56.8103
57.9359
56.1936
55.9992
56.5852
57.4153
57.7681
57.6054
57.8793
57.3949
56.996
56.1911
57.9443
57.378
58.5401
57.8825
57.583
57.3616
57.5497
56.9857
57.0521
57.4305
56.8095
57.3123
57.4279
56.6905
57.6739
56.7545
56.5705
56.6394
55.3873
57.2452
57.3414
57.5025
56.4935
56.6381
56.08
57.4488
56.9041
57.5193
56.5606
57.49
56.6929
56.758
56.7308
56.6623
55.6506
55.7936
56.8373
55.7283
55.2943
