21.9843
22.2952
21.969
22.1553
21.3959
20.6542
20.0266
20.3262
20.3187
19.4932
20.1973
20.6095
18.1402
20.3679
20.5624
20.4845
21.8356
21.3404
22.6052
20.229
19.9594
19.9605
20.4095
20.0911
17.8217
19.406
20.2123
19.9028
20.1723
19.4849
19.7366
19.8694
20.2888
19.4921
21.017
20.1388
19.7568
20.3099
20.3496
19.2599
19.9001
20.4285
19.5678
20.8626
20.4858
19.4901
20.0386
21.7269
20.5984
22.2076
20.7546
21.0237
20.798
23.0499
21.8585
22.3069
22.1858
21.598
24.5196
23.9866
22.7839
25.7611
25.0671
23.7134
26.3623
25.2946
24.6097
23.9429
24.4663
23.0131
25.7262
24.468
25.1109
25.5337
24.3945
25.8426
23.8832
25.0138
25.1615
25.4273
24.9192
25.5216
25.7714
25.857
23.9436
24.2955
24.6009
24.3102
24.3107
24.5324
23.3879
23.2825
23.8042
22.2069
21.6405
20.8425
20.0292
19.5788
19.8417
18.5113
19.3572
19.516
18.26
19.735
19.2708
17.7516
18.1147
17.8996
15.7955
17.7356
16.6821
16.4959
17.1721
17.44
16.4237
17.1879
15.6993
15.6388
15.4224
15.1734
12.9327
14.189
15.1934
12.6959
14.9738
14.987
13.8158
14.7315
14.9645
13.2161
15.9854
15.4196
13.6026
15.3197
14.6428
14.6462
15.6712
14.8875
14.0138
14.4534
14.7296
13.2785
14.5158
14.0196
13.6434
15.2671
15.7015
15.4266
15.4762
14.5378
14.626
15.1445
13.2077
14.7859
15.1288
13.0486
14.6354
15.8608
15.8074
13.7968
15.15
14.211
14.5274
15.5601
14.9559
14.0466
15.9172
13.8111
12.634
13.8404
13.0761
14.1148
13.7127
13.7271
12.8177
14.1808
13.5677
14.0738
13.8346
13.7221
13.1651
13.6297
15.2511
14.6414
15.8679
16.0495
15.2668
17.8975
15.8176
15.8516
17.0657
16.476
16.4109
16.5572
16.6521
15.4839
16.5936
16.332
15.1769
16.0152
17.2107
16.4323
17.5521
17.9712
17.3418
18.1125
17.8346
18.6276
18.9069
18.3938
18.7879
18.893
18.2825
17.9471
18.6935
18.0067
18.4828
18.5369
19.2653
18.6166
18.8493
18.9622
17.2585
18.3396
17.2592
17.4275
18.1333
18.277
18.1718
18.2388
17.5785
16.0816
17.2718
17.6558
16.2104
18.4791
17.2805
17.0813
18.4413
18.4387
16.5975
17.8432
20.1912
18.6569
17.1414
17.279
15.893
15.2401
15.3826
16.5321
