57.0586
57.5745
57.673
56.4255
56.8231
56.9246
55.6073
55.916
55.7539
53.6601
56.0219
55.9948
54.6266
53.9818
54.6513
52.6328
52.4488
51.941
50.0111
48.9826
48.2681
47.51
47.5981
48.7936
48.0084
48.953
48.5935
46.1425
45.8331
45.6096
43.8923
45.1385
45.8811
44.2314
45.0682
45.0902
44.6054
44.8817
44.317
44.5849
44.1432
43.2139
43.3441
43.9892
45.5243
44.3097
45.2896
43.9806
43.6942
44.3754
43.6305
42.2889
43.8927
42.4119
41.809
43.577
43.7862
42.3831
43.968
42.8099
41.4937
41.0643
40.3219
40.8461
41.3604
41.88
41.3128
41.3976
40.7325
40.7739
40.4799
40.5143
39.8022
39.6684
40.4224
40.3519
40.0586
39.8756
38.6626
38.9596
38.3072
38.5193
39.369
39.1425
41.0982
39.8096
40.2032
39.2328
38.7516
37.8401
38.3683
37.3462
36.9982
36.6183
36.6006
36.608
38.9239
38.0137
37.0108
36.6794
36.4763
37.7277
37.0777
36.201
35.7187
35.25
35.1975
35.9592
36.3502
35.0458
34.7934
35.2455
34.069
33.9445
33.4556
32.6759
32.9714
32.6797
32.8523
32.8325
34.0326
32.2672
31.7576
32.5853
33.2179
33.0816
33.3298
32.067
31.2716
31.1662
32.3842
31.7389
33.8882
31.4457
30.107
30.5682
30.321
29.6448
30.5997
30.6359
30.3305
30.7239
29.9953
30.6263
32.9252
30.7335
30.9367
29.5661
29.9553
30.1061
29.5329
29.586
29.9239
30.5433
29.3107
29.81
32.7765
29.2807
29.9092
30.0765
27.8225
28.6707
29.031
28.0885
29.1727
30.9404
30.9112
32.559
35.3952
32.0385
30.8463
31.1925
30.5585
30.7794
30.3726
29.8845
30.6456
31.5222
30.5405
32.3261
35.5551
30.8807
30.1722
30.8378
30.4506
30.3393
30.5771
29.8608
30.1289
30.4767
30.2665
31.2465
35.429
32.116
30.4914
32.1275
29.7674
29.8788
29.9475
30.2526
30.3587
31.6266
30.7766
31.5797
35.2056
31.1048
30.4668
31.9058
29.7283
29.527
30.1495
30.4708
30.1537
31.9666
30.5328
30.8369
35.5054
32.2747
31.48
33.0258
31.2199
29.4884
30.6343
30.1559
30.6378
32.1825
32.3909
33.5316
37.8477
33.6541
33.4701
33.8585
32.01
31.9906
32.4803
32.6409
32.3079
32.8688
34.8973
35.1052
39.6342
36.3339
35.6608
34.0403
34.5848
32.6892
34.8124
33.8199
34.1543
34.9925
36.5715
36.3665
41.9289
37.9174
36.7935
37.2987
35.8303
34.7674
35.5325
34.6469
34.579
35.6388
36.3526
36.5534
42.7953
35.7589
37.0512
37.3384
35.3839
35.0169
34.9592
33.9502
34.6039
35.3659
37.3519
39.7429
44.9887
40.7224
39.8769
38.4231
36.5825
36.225
35.6085
35.4884
35.9166
36.3468
38.4386
38.332
42.64
40.301
39.6483
38.2582
37.7957
37.7758
36.5209
36.6749
36.2409
36.367
41.3553
45.3385
