43.8218
42.6756
44.8293
45.3138
45.4898
44.709
45.1451
40.4909
40.8034
40.964
39.7836
37.945
38.6505
37.4202
36.8994
37.2596
34.4422
35.6429
36.8804
37.5561
36.6449
38.1846
35.7636
35.7824
35.944
35.4001
35.6848
35.2815
35.5379
35.9993
33.8811
33.4176
33.384
35.0657
35.8239
37.8612
40.7633
40.7249
40.4543
39.515
39.4567
36.8385
36.4538
36.6221
37.6511
39.0849
37.0644
34.5482
34.461
35.4905
37.7637
40.0606
43.6668
45.4711
48.9052
49.0065
49.6525
50.3254
46.8442
46.5543
46.4066
43.9334
40.0917
39.0531
37.0544
37.0213
35.3222
35.3939
35.9008
37.9842
38.0317
37.5742
36.919
39.5493
41.2321
44.0223
45.9664
45.8721
45.4214
44.1296
42.5663
44.0521
43.4511
42.5034
42.7101
41.3985
38.6971
40.9135
40.3643
40.3612
38.8279
37.1652
36.7677
36.9746
34.7155
35.239
36.2755
34.9974
34.3219
34.4106
34.4442
33.0671
33.4183
31.2865
33.2659
32.9895
32.1507
33.627
36.0198
35.2035
37.5557
38.8951
38.477
40.266
38.7033
39.5144
38.3884
39.5789
38.1557
40.3078
40.2682
44.1903
43.8651
42.9431
42.3666
41.2094
42.1686
42.2376
47.6561
48.9075
47.877
53.2684
48.5903
49.6334
50.5451
50.3971
51.0819
49.159
49.0029
49.0421
44.5625
38.9334
38.9146
34.1672
35.4953
33.5196
32.5254
28.9542
29.8859
29.5364
30.4609
27.8402
27.8528
28.7361
30.0454
31.3507
31.115
29.0182
30.047
31.5837
30.7994
30.0586
32.1654
30.2888
31.7808
32.5264
33.7336
38.1881
36.5798
38.5276
37.5019
33.7332
38.142
38.6204
36.5481
40.287
39.2039
37.7695
41.0719
41.0194
39.1566
35.9925
37.1641
35.5368
33.8982
35.7902
37.1096
36.1173
35.5124
32.1671
32.1194
33.1526
31.6461
32.2878
29.3935
29.0167
28.8029
28.222
29.9451
29.2816
30.6706
30.6861
29.1217
31.5954
30.63
28.7427
28.9499
30.4857
26.7407
29.5667
30.1882
29.1994
31.2938
33.7751
32.9843
33.5645
32.833
32.7337
31.5363
31.3766
31.78
34.3357
34.292
34.492
35.7766
34.4563
34.1285
35.1543
35.2839
33.4773
35.5884
39.701
38.601
38.0567
38.035
38.0552
37.1379
40.8323
40.4928
44.0902
45.9944
45.8811
47.0802
41.8942
41.8818
39.8212
37.391
37.5126
35.8651
35.036
36.7505
36.6344
38.8122
38.6953
39.7311
38.9913
38.4603
35.5872
38.4582
38.485
37.2332
36.9433
36.0991
35.3731
37.4542
34.6019
35.6212
37.3446
35.5187
35.5588
36.2914
34.9665
36.1104
36.0746
35.6432
38.3215
41.2008
39.0115
40.1561
42.0873
41.5215
41.9294
44.1782
42.291
44.326
43.1302
40.8574
39.6635
39.7217
37.7225
42.6078
41.5729
40.6388
39.449
40.9768
38.0838
39.8178
39.25
38.4066
34.9381
