43.5439
46.6472
46.8407
47.6729
46.0835
48.9458
47.9513
47.9052
44.7985
47.1704
46.7669
47.7048
44.9268
48.257
47.1939
46.474
43.3642
46.7293
46.6544
48.5834
46.2907
47.9381
46.6732
45.2981
42.1396
45.5466
45.1528
47.0847
46.3578
46.5068
46.6545
44.7166
41.1536
45.19
45.4074
46.2779
43.345
45.3203
44.4648
45.4505
42.8573
44.8965
45.2049
45.9048
42.8772
45.6389
44.8417
45.1618
42.8337
45.0713
46.0023
47.6093
45.4941
47.2518
47.0366
46.5854
44.8358
46.6016
45.7809
46.7804
45.2887
46.7241
46.0642
47.0617
45.0069
47.7811
48.672
49.888
48.3313
49.6552
49.4349
49.5542
47.5367
51.7425
51.4656
52.3584
51.8966
52.8441
52.3392
51.8202
50.6535
51.993
51.2925
52.2856
50.8844
52.7414
51.5603
51.6048
49.4242
50.0021
49.3272
48.7294
46.7545
49.1759
48.2282
47.449
44.9106
47.6036
48.1343
49.1478
48.292
49.0293
48.2889
48.7485
45.0636
48.0649
48.5124
50.3191
47.6667
49.7203
48.7828
49.1945
46.8281
49.6185
49.2809
50.5676
48.9065
50.1546
49.7117
50.1397
47.7497
49.7672
48.9024
50.6511
48.7678
49.9217
48.3534
47.9872
44.4885
47.7142
48.6535
50.0181
48.6058
50.7463
50.2512
49.9456
47.7503
50.6576
49.6351
51.6243
50.3777
51.7808
48.9134
49.1662
46.1692
49.4612
50.1768
50.9013
49.7828
50.5357
49.0861
49.1001
47.4021
49.4013
48.9745
50.1506
48.5265
50.2938
48.6722
49.3819
47.0114
48.9937
50.4838
55.7842
55.834
56.5364
55.9344
55.8956
54.3253
55.5924
55.1762
56.2931
54.8729
55.8213
55.6213
56.1925
54.5695
55.5298
54.8123
55.3595
53.9093
54.9753
53.574
54.4319
53.265
54.9882
54.3913
55.312
54.8911
55.1861
53.9861
54.4959
53.079
54.4462
53.8518
55.0546
54.2598
54.1266
53.9241
52.8336
50.1933
53.2801
53.414
53.8934
51.808
53.1604
53.935
54.4382
53.0735
53.4414
53.4031
55.1138
53.9738
54.303
54.4879
54.5256
53.8111
54.8636
54.2859
54.7843
53.3487
54.6165
54.9189
55.1093
53.7713
55.5292
54.865
56.555
54.5136
55.773
55.4427
55.7091
54.8934
55.6709
55.3746
55.0371
54.9764
55.1602
54.9576
54.9825
52.8803
54.4789
54.2017
55.0759
54.7388
55.517
54.4159
54.8911
52.5189
54.5215
54.4438
55.149
53.5704
54.8279
54.2229
54.9258
53.595
54.4219
53.8202
55.1692
53.0786
55.6123
53.6493
54.2702
52.2704
54.654
54.122
54.6534
52.6341
54.4022
53.6676
53.6907
52.8212
54.5724
54.9825
55.2903
53.6068
55.8732
55.2734
55.5814
55.1599
55.0546
55.408
55.521
54.2688
55.2402
54.918
53.4948
53.6148
55.3194
54.463
55.2636
53.4844
54.1382
53.8791
53.578
52.7977
54.2708
53.2939
53.3627
