59.5177
60.032
58.5073
57.4734
59.0421
57.7394
58.3852
58.2248
58.1756
58.4667
58.5843
58.2478
59.017
58.6172
58.2044
59.3715
59.4609
59.5119
59.2758
58.4736
58.3604
58.0057
56.9961
57.1849
57.726
58.3177
57.5327
56.7479
57.2657
56.9017
56.6172
57.404
56.2042
57.0112
56.1045
56.654
55.1205
55.4507
55.1467
55.6333
55.6332
55.6705
56.7552
54.5325
55.4742
55.2516
55.3424
54.901
52.8998
52.6351
51.5148
52.0219
52.4005
52.5002
52.5972
52.7155
52.1337
52.7893
53.0747
52.7157
52.214
52.0674
51.4844
50.9192
51.0248
52.1198
52.4168
50.6918
51.0346
50.3858
49.2345
50.3809
49.9448
50.3995
49.2561
48.8411
49.3334
49.0497
48.3039
47.7682
47.1653
47.2272
47.7094
47.7355
47.4266
48.2522
47.6281
47.539
47.01
47.2182
46.9516
46.2367
46.7356
45.735
45.0404
44.3787
43.8055
43.4854
44.1502
44.6189
43.9521
43.9423
44.5382
43.1178
43.9555
43.8693
44.2889
43.3225
43.4221
42.8307
41.6992
42.6597
41.7415
41.1222
41.8969
41.065
42.2594
41.4438
39.3809
39.285
38.4131
39.1829
38.8597
38.7983
39.3126
39.5169
38.8254
39.0289
37.8103
38.1094
37.9487
38.1843
38.3698
36.6899
38.8805
38.1368
37.6316
37.1667
36.5075
37.712
38.3428
37.0195
38.066
37.2585
37.1825
37.411
38.4472
36.7928
36.6871
36.6724
36.3411
36.9241
36.7435
37.2101
36.0727
35.8873
35.2785
35.2301
35.6055
34.6877
35.4998
35.5333
36.0136
35.6202
36.7372
36.9727
36.5369
36.3487
34.875
35.0686
34.9456
35.9328
35.4495
36.2947
34.3716
34.8732
35.7853
36.132
35.6315
35.6281
34.6696
34.6036
34.83
34.7977
35.7432
33.5932
34.0799
33.9698
35.947
34.9256
35.14
34.1437
34.3104
34.4933
33.6491
33.5372
32.8771
32.573
34.0037
34.2925
34.7728
34.2376
34.7491
34.4006
33.6268
35.2173
35.2648
35.4751
34.7695
33.7964
32.8573
34.2846
34.1789
34.5495
34.6748
33.9994
33.5269
35.4808
34.5357
35.6367
34.4743
34.8344
34.4489
35.4477
33.8758
34.9734
34.8315
35.2869
36.0392
34.2297
36.2092
35.4273
35.1703
34.985
34.285
34.5056
34.9957
33.8535
35.235
32.9162
35.2903
36.8754
36.4733
35.2893
34.6732
35.1512
36.9289
35.6256
35.6462
35.6197
36.6278
35.6512
35.283
35.4768
35.4709
36.3003
36.2977
35.9869
35.8505
36.6881
36.5476
35.7912
36.068
36.5121
35.4609
34.2997
35.0904
35.2386
35.2667
35.0107
34.8908
35.1607
34.7282
35.1417
35.4306
36.3647
36.9219
36.8715
35.5761
36.0746
35.2625
34.9479
34.6329
35.4504
35.7527
35.2794
35.1876
34.9524
34.5703
35.2695
35.3944
35.379
34.8227
34.2588
34.6131
35.2804
33.8601
34.3962
34.8986
35.1792
