55.6798
57.9372
57.4274
58.7883
55.6503
59.2768
58.1737
59.6853
55.2713
58.8943
57.5281
59.1424
57.5169
60.7383
58.7299
60.2883
56.9434
59.8525
58.1467
59.738
57.5557
58.9525
58.3943
59.2673
55.7743
58.4881
58.4552
59.3572
58.3146
59.8225
59.2469
60.0396
58.4051
59.8717
58.8843
60.1513
58.1633
60.676
59.916
61.0388
58.6984
60.4169
59.9196
60.2069
59.154
61.0846
59.9718
60.5699
59.2962
61.9096
60.2368
61.4515
58.7556
62.3743
60.3228
62.6917
58.4641
61.325
59.487
60.8368
56.6256
59.3708
58.0114
58.9232
54.2123
56.0787
56.2982
58.2409
55.8213
59.6532
58.6373
60.4217
58.8096
60.8369
59.3119
60.4705
58.5517
60.8515
59.7644
60.7731
58.7265
60.323
59.0911
59.0614
56.4648
58.8671
58.4744
59.3745
57.7508
60.5026
58.3524
59.5673
57.1486
59.0213
58.1876
59.2426
57.6917
61.2944
59.1545
61.779
58.7007
62.0498
59.9746
63.4796
59.705
61.8299
60.8036
62.4212
59.202
60.4622
57.9357
59.7971
57.2009
59.8734
58.6737
61.5425
58.2229
61.3179
59.9956
60.638
58.8582
60.4422
60.1288
60.1632
58.8982
60.6794
58.6419
60.7122
56.3869
59.5456
57.9901
60.6768
55.846
59.4411
56.6064
59.3709
55.5621
58.4659
54.9761
54.2632
53.1142
56.5199
55.3489
55.0683
54.1265
55.5408
55.256
56.0439
55.4336
56.246
55.3262
55.0309
53.9711
54.5341
55.4278
55.4283
55.1378
55.9984
55.992
55.9923
54.3846
56.8388
56.2859
56.6333
54.6113
55.9752
55.0213
54.2129
52.7632
55.2375
54.9156
55.2963
55.465
55.7297
55.8196
55.7766
54.4784
56.3235
56.1916
56.4229
55.8379
56.6492
56.6763
56.6292
54.8392
56.7319
56.6395
57.0223
56.0099
57.4167
56.7931
57.4486
55.8801
57.7834
56.4875
56.9522
55.3453
57.1988
56.6506
57.7711
54.1105
58.2394
57.1286
58.6544
57.2317
59.2228
59.1881
58.8074
56.5116
57.6285
58.1448
58.807
59.134
60.0918
59.6782
59.8504
57.8382
59.2674
58.7423
58.6005
58.2804
57.6165
57.9409
57.8434
57.1161
58.3
59.7239
59.4727
58.2954
59.5111
58.1732
56.979
56.0659
57.1676
57.1508
58.4631
56.1468
58.0499
57.0796
57.335
