21.2166
21.8296
21.4777
21.6247
20.8592
20.3603
19.7375
19.9126
19.8918
18.9845
19.7636
20.2602
17.9578
19.7861
20.3287
19.7812
20.9513
20.5467
21.9627
19.9415
19.3108
19.6872
20.0074
19.776
17.5852
19.015
19.6634
19.1817
19.7597
19.134
19.1109
19.1335
19.5163
18.6991
20.5439
19.776
19.7568
19.9723
20.0676
18.7922
19.6142
20.237
19.2659
20.2697
20.4308
19.111
19.7236
21.7218
20.5984
22.3664
20.3987
20.6329
20.7832
22.3473
21.7003
22.2831
22.0616
21.5392
23.9782
23.7898
22.8069
25.8092
25.2383
23.6638
26.5495
25.4631
24.6504
24.0182
24.7312
23.1849
25.6147
24.7671
25.1075
25.6851
24.4489
25.7334
23.9431
25.2171
25.1149
25.494
24.809
25.6199
25.9032
25.7793
23.9436
24.4457
24.716
24.3706
24.2588
24.5025
23.4235
23.0458
23.7507
22.0929
21.8648
20.4334
19.8522
19.8194
19.8181
18.5252
19.1627
19.6442
18.191
19.7795
19.4647
17.9078
17.938
18.0853
15.6146
17.8427
16.7612
16.5977
17.1994
17.4673
16.4049
17.3232
15.5401
15.6472
15.3892
14.9213
12.9327
14.0066
14.8704
12.5583
14.967
14.7998
13.617
14.849
14.6275
13.3219
15.6223
15.1719
13.6026
15.2931
14.7963
14.662
15.6458
14.9092
14.2987
14.6099
14.8131
13.416
14.2676
13.4048
12.9853
14.9968
15.0714
15.1293
15.1402
14.2131
14.311
14.9855
13.0859
14.7751
14.7753
13.147
14.6354
15.8594
15.3986
13.6931
15.272
14.2332
14.4653
15.5439
14.7109
13.9797
15.8847
13.6399
12.634
13.8394
13.0883
14.0786
13.68
13.4959
12.955
14.1107
13.5462
14.0519
13.7733
13.6918
13.0492
13.6972
15.24
14.7112
15.856
16.246
15.5746
18.1397
15.8776
15.8167
16.9139
16.4236
16.2958
16.5615
16.4017
15.5692
16.6734
16.3989
15.0064
15.8355
16.8943
16.3951
17.3852
17.8632
17.3418
18.1738
17.6836
18.3028
18.7295
18.0782
18.6261
18.7859
17.6002
17.6717
18.288
17.865
18.362
18.3316
19.1656
18.4521
18.7872
18.8046
17.0332
18.193
17.0183
17.3062
17.8819
18.0088
18.1718
18.0247
17.7306
15.9284
17.3623
17.5662
16.0714
18.2597
17.3976
17.2107
18.1312
18.4785
16.3833
17.712
20.7084
18.6022
17.2013
17.2621
15.9965
15.4411
15.6141
16.4353
