37.4591
38.4778
37.5826
37.6031
36.039
37.8277
37.2369
37.671
34.9993
36.2573
36.3555
38.7769
37.7517
39.9707
40.1904
40.4642
38.2895
39.7339
39.9099
41.8758
40.6278
41.6418
42.3211
41.9015
39.1305
41.0176
40.0605
40.8499
39.6046
40.3054
39.6561
39.6504
36.7743
38.0262
38.7623
39.734
38.5215
40.153
38.6658
37.985
35.8243
38.4739
38.39
39.6357
37.7495
38.812
39.0387
39.3682
37.842
38.7012
37.8455
38.1479
38.2113
38.863
38.2176
38.3573
37.1913
38.3244
36.6021
37.0326
35.4969
36.7911
35.7085
36.7771
34.5773
37.7584
36.8027
37.7284
36.435
38.1815
37.8827
37.4919
35.9423
37.1473
36.7032
36.8293
36.1282
37.6
36.453
35.8951
34.9615
37.1845
37.038
38.1978
37.5371
38.0866
37.4258
37.1281
36.4622
37.4825
37.7906
38.0291
37.6977
37.2338
38.4019
39.2474
38.0212
38.9012
38.3369
38.8963
37.4191
37.262
36.5734
35.6011
34.7761
36.4239
36.6813
37.1913
35.4446
36.5026
35.5698
35.9462
34.2053
35.1464
34.8788
36.1266
35.2291
36.597
35.9103
36.0651
34.6423
36.2017
36.2578
37.9302
37.6919
38.7474
39.2387
39.5738
39.6146
40.0013
40.0129
40.4612
40.0934
41.3327
41.0263
40.6495
38.4815
40.0873
40.2974
40.8623
40.029
40.7974
40.5879
41.2797
40.2064
40.5959
40.6344
41.1331
39.4846
39.8367
39.4802
39.7187
38.2271
40.3299
40.3145
41.4564
40.0607
42.338
41.6548
41.6947
42.7696
43.4659
42.9455
43.1335
42.1128
43.1349
42.8222
41.8714
40.5723
43.5319
42.3165
42.1417
40.8246
41.5326
41.4408
41.3375
39.7852
41.7515
40.8343
42.5122
40.2232
41.6316
41.5738
41.9804
41.6486
42.8723
41.6681
42.439
40.4621
42.3338
42.3963
42.8964
41.0935
42.8638
41.4801
42.5078
40.4674
42.3075
42.0129
41.3157
37.9645
40.7491
40.7139
41.7674
41.3247
42.7781
42.5829
42.8834
40.7681
42.2342
42.4335
43.2177
42.2356
42.8314
41.8714
41.5293
38.3582
41.3568
42.4173
42.3759
41.6195
41.5598
40.2863
40.1818
39.0228
39.5879
39.9962
40.1049
39.034
40.5784
39.815
39.9874
38.3636
40.2782
40.1153
40.7405
40.2707
40.9799
42.3737
41.2961
39.0387
42.4045
42.3033
43.2672
41.9545
42.8592
42.2911
42.3106
40.6856
41.1815
40.7882
40.7958
39.265
40.641
38.7588
38.6645
37.5238
39.3456
39.168
39.8461
38.612
40.7383
38.8875
38.8009
34.8299
38.6742
38.3561
40.0721
37.7545
39.6995
38.5671
37.9547
37.4433
39.2877
38.2497
38.8618
36.6089
38.7566
37.605
38.0488
35.2324
38.0869
37.409
39.0853
36.2955
38.1146
37.1759
38.0633
37.346
38.5221
39.1642
39.5011
38.1386
39.2502
39.0687
39.0855
34.8058
37.6532
39.0312
39.2352
38.2633
40.5109
40.3797
40.6904
38.2483
40.6631
40.7578
41.0138
40.1804
41.2559
41.6987
41.2775
40.8805
41.7056
40.6713
41.7477
41.3891
41.1798
41.3981
41.3058
39.0786
39.4259
39.9654
40.3466
37.9747
40.0006
38.8456
39.9035
36.4658
38.9084
38.4431
38.749
37.4991
37.7006
37.1554
37.3195
35.0581
38.2555
38.2353
36.9885
36.7901
38.6463
38.0345
38.4103
38.093
39.0501
39.7327
38.9381
38.9585
39.3996
38.8747
39.7159
37.4772
39.8707
39.8108
40.3136
39.9488
41.1189
39.9117
38.8299
37.1182
38.5518
39.2709
39.232
38.5546
39.1398
38.4875
38.5251
36.4886
38.4707
38.94
39.5422
38.2564
39.0754
38.8865
39.2285
38.3893
38.5842
36.618
36.5084
35.1224
36.4096
35.9435
36.1844
33.4769
34.3551
33.1468
33.9801
32.2076
32.8695
32.674
33.2897
30.3225
33.813
31.6958
32.7579
33.2135
34.4547
33.3137
34.9661
32.6744
35.6929
33.9212
35.2721
34.2112
35.7176
35.1128
34.7412
33.5272
35.5099
36.0874
36.2777
34.6647
36.2631
35.3083
35.52
34.0622
34.3286
34.5489
33.56
33.3889
35.3796
35.6925
34.1022
35.0689
36.854
37.8212
38.7427
38.7135
39.6898
38.8569
39.0297
37.4083
37.5218
39.2392
39.1156
38.3842
37.8259
37.4953
37.6814
36.1092
38.8441
37.4585
36.9118
35.4912
35.3414
35.5232
35.4118
34.5595
34.8171
35.8068
36.3801
35.7899
37.222
37.146
36.4081
34.3463
37.543
38.3767
38.7329
37.9181
38.4446
39.6428
39.8767
39.3497
39.8987
39.888
40.8312
39.6777
40.6337
40.1545
39.9697
39.1021
41.1564
40.393
40.2972
39.865
40.5209
39.3608
40.069
37.2259
38.8587
38.1314
39.4053
37.3616
38.6278
37.1652
37.2121
35.6419
37.274
38.7074
39.5691
38.4248
39.8597
39.0343
39.7399
37.5249
39.9315
37.7468
39.4062
