26.245
32.0012
32.1795
36.5708
35.1119
35.3819
33.4643
35.5235
35.4367
37.106
33.599
33.6741
30.4006
33.6984
33.7511
39.1827
38.1433
37.55
37.5584
38.1623
38.2824
36.8893
32.2253
33.6555
30.2102
35.0848
34.623
36.9255
36.9701
37.3715
38.0913
35.3756
35.6544
37.8569
32.0661
32.4505
30.9045
32.5501
30.8486
37.9739
31.2879
32.1534
38.8544
27.8064
30.0315
38.5502
29.1675
29.8991
27.5242
31.6939
29.4408
37.6298
28.2881
28.5717
38.12
38.7382
37.8474
39.0089
30.4282
36.4151
29.1668
37.1191
34.6932
40.7546
32.54
33.0241
40.1832
35.245
38.1627
39.0986
31.8801
39.57
30.0852
35.1417
34.6159
40.3034
39.6491
37.8687
40.4159
39.1679
40.1758
39.8768
35.0568
36.7873
36.3728
38.7275
34.6649
39.99
40.1259
40.6963
41.526
42.0581
42.3813
41.5835
36.9143
38.7817
38.0389
38.2634
37.1785
42.4022
41.9394
41.7979
40.7922
41.6239
42.3718
41.2763
34.8858
39.4978
36.9175
37.8477
34.9609
40.1407
39.2232
40.106
41.9192
42.0456
41.2147
42.4349
35.766
38.7747
41.9458
38.7905
37.671
40.3166
39.3271
37.9889
40.2981
39.9601
41.1034
41.6933
34.5046
41.4934
40.7113
39.8888
38.0876
43.0593
41.5598
41.5926
43.6361
41.8494
41.4901
42.5299
39.9656
41.5273
48.2569
40.6989
42.0354
44.6891
42.2303
42.9537
44.2809
42.6454
40.6488
43.2079
39.233
42.9208
49.0249
42.7621
41.3247
44.7554
42.7626
43.0683
45.1482
43.9979
43.0161
44.8016
40.9784
43.5866
48.3838
43.3384
43.2616
43.7898
41.4588
41.8415
43.674
39.6873
41.396
44.0693
44.0245
46.1532
61.6047
45.4218
45.0765
46.0617
44.595
45.309
46.4952
44.975
44.9998
45.8533
44.8698
47.5477
63.2063
49.4677
49.8431
50.2609
48.0006
48.1031
49.393
48.0258
48.1131
49.324
48.9584
51.7071
64.1611
54.4177
53.1394
54.4991
52.386
52.9845
54.3056
52.2904
52.5165
54.4517
51.2932
56.8299
65.1279
58.007
54.8804
57.009
52.9579
54.9194
56.9928
53.4569
53.9685
56.7718
55.169
58.084
64.8784
58.6006
57.3329
59.3941
56.4412
56.3786
59.1427
55.339
56.6762
58.8613
53.399
57.7595
64.3897
59.1436
57.4596
61.0418
57.7298
57.1228
60.2867
57.0947
57.4319
60.0377
56.1243
56.867
62.1627
60.4387
57.8877
60.5261
56.8849
57.7696
60.0732
56.3536
58.0407
60.518
54.5886
57.21
61.5503
57.4294
58.0298
60.4707
55.9289
56.7857
59.285
54.3534
54.3816
57.4486
54.2044
54.9029
58.5994
55.1257
54.3378
59.9626
55.0679
55.4469
58.847
54.3224
52.9334
58.1067
52.4825
53.6068
57.9316
53.7381
56.4918
59.3915
53.4769
54.3481
60.1588
54.3745
55.4627
58.7009
53.1055
51.6752
56.192
52.8231
54.4098
59.5171
52.0778
52.8523
59.1289
51.2694
52.721
58.0794
53.0668
50.0763
55.4833
53.7544
54.4568
56.7949
54.4796
55.443
56.8135
57.2385
57.5509
56.3532
54.7235
53.8456
51.6862
55.9026
56.0641
55.3579
61.6563
59.5504
54.5451
59.1016
58.0155
53.7101
55.9324
55.9792
52.0153
57.1019
57.8413
55.1617
59.5335
58.8154
54.4506
59.9844
59.5758
54.0437
56.3472
56.3656
51.7059
57.9356
57.2597
53.1521
59.5607
59.7608
54.1272
58.668
58.1471
52.0649
55.7302
55.7317
52.1524
55.428
55.8946
52.5257
57.509
56.835
52.8224
56.2337
56.1448
52.1816
53.924
53.9732
50.8285
53.3384
53.8036
51.1533
53.337
53.4951
49.8363
52.4818
52.6042
49.6331
52.5561
52.422
50.6745
52.0977
52.1066
50.9462
51.9905
51.9068
50.6008
52.4802
52.2379
49.5185
50.6989
50.8265
48.3049
49.344
49.1448
47.5634
49.4063
49.3943
48.3119
49.4284
49.4881
46.2609
49.1533
49.0076
48.8783
49.6931
49.591
49.0554
50.1393
49.9572
47.5106
48.0355
48.1854
46.3227
48.8104
48.9912
47.1749
47.5256
47.6978
46.0349
48.0383
47.8405
45.6587
46.815
47.0304
44.8516
47.8173
47.7176
49.6947
48.5121
48.5594
45.6531
46.3856
46.2854
45.8521
46.4694
46.3548
44.4489
47.0318
47.2355
48.995
48.2352
48.4756
46.3355
46.2085
46.121
45.6869
46.1078
46.0473
45.0697
46.8872
47.1427
48.2307
47.5794
47.5491
45.7588
45.5721
45.4271
45.4497
45.7423
45.7156
45.2781
47.1636
47.2543
48.0202
46.8902
47.2853
45.4458
45.9118
45.787
45.9428
45.717
45.6015
45.1769
46.4264
46.8144
47.4602
46.6555
46.521
44.4672
44.2445
44.6329
44.4543
44.473
44.2999
43.7962
47.4064
47.3686
49.2447
48.2064
48.3576
45.3353
45.2086
45.4309
45.2422
45.5643
45.445
45.0604
47.1171
47.1568
48.6589
47.1415
47.4954
45.6644
45.7821
45.367
45.2894
45.784
45.6483
45.6987
47.0117
47.5073
48.6722
48.0568
47.7649
45.9287
45.8581
45.9696
45.7378
46.0996
46.1456
46.1205
48.1946
48.6426
49.1835
48.9795
49.3054
47.2612
47.7528
47.2445
47.0848
47.4946
47.5317
47.0512
49.7722
49.4012
50.7785
49.9026
49.8388
47.4068
47.2632
47.1368
47.3768
47.2061
47.3581
47.3883
49.5599
49.7223
50.3846
49.5462
49.3789
47.6704
47.7812
47.8139
47.6748
47.7318
47.8045
47.533
48.8158
49.1359
49.3302
49.2277
49.1287
47.1498
47.6088
47.6067
47.342
47.6697
47.634
47.9832
48.7255
48.6173
49.486
48.3477
48.3186
46.4926
46.7637
46.6856
46.6495
46.5103
46.375
46.9058
48.0375
47.7015
50.5556
48.7661
48.6917
45.9885
45.8745
45.8379
45.6068
46.1427
46.0019
46.0162
48.1866
50.5198
