33.8008
34.8328
34.7207
31.4005
29.8948
28.4871
30.767
29.4441
31.9473
30.0761
30.6472
28.4551
29.3294
28.1207
28.7596
29.055
31.2096
28.4527
28.652
25.1476
25.9362
24.1272
25.797
25.3069
27.8293
25.3604
24.5412
23.661
25.1946
25.0964
25.5766
27.9355
30.007
29.2193
29.8525
27.9391
28.7744
26.2869
27.3222
28.228
30.715
30.3811
30.0949
29.9023
30.6549
29.6985
29.9502
31.0854
31.2936
29.9791
26.1631
27.1424
29.6668
28.3797
27.6227
29.1084
29.6369
28.6675
28.2904
26.6151
27.3753
28.1087
29.3261
31.0221
33.8543
32.4454
32.3306
30.4915
30.7195
30.6938
30.98
32.7195
31.488
30.9282
29.7436
30.006
29.484
28.8257
30.4042
30.2979
30.0846
30.9366
30.0492
30.7627
31.027
31.1182
30.8302
32.1518
31.4841
30.8431
30.028
30.3205
29.0273
29.3338
31.5035
33.6305
36.2039
36.5395
35.3715
34.6271
33.172
31.5704
32.0053
31.9657
32.1065
31.9094
32.9183
32.2774
32.2872
31.1961
32.112
32.5997
32.0374
31.7808
31.1706
31.7416
33.1913
33.5954
33.1371
33.1638
33.4253
32.269
32.5273
30.6666
30.1112
30.3155
33.5132
34.1545
35.5717
33.7127
34.178
34.0537
35.5223
33.0828
33.4314
30.5845
33.0281
32.535
31.6821
30.5583
32.9487
31.3852
31.9812
30.559
31.3036
31.7327
30.8171
28.2278
29.076
28.6314
30.9565
29.1559
31.2511
30.0603
31.1473
29.5423
29.3682
28.3777
30.4042
31.3905
34.2127
32.9946
31.7536
30.4679
30.4907
28.8119
29.6145
30.2545
30.7385
29.3828
28.1281
28.1665
30.592
30.2898
31.2958
29.2217
31.3649
32.3129
32.8923
31.7587
32.1818
32.8015
33.0817
33.1258
33.4196
34.1751
35.0283
35.0682
35.6573
34.9478
35.3143
33.4992
33.5901
33.1348
33.9789
32.52
32.9434
32.0518
32.3581
32.4894
30.6884
31.6046
33.7648
32.4995
31.9016
33.7524
33.3294
33.614
32.624
33.6691
34.502
34.5621
33.4607
33.6935
33.0453
33.865
35.1732
33.8714
34.8066
33.325
34.6248
34.4382
36.8718
36.1095
35.8122
35.689
37.2022
36.9292
38.6096
37.5194
37.2853
38.4101
37.8184
37.2513
38.2632
37.7297
37.0301
35.2321
37.5467
38.3408
36.9877
37.8893
38.2182
38.7856
39.0019
38.2558
39.0788
39.4712
38.6373
36.3904
36.8486
35.5521
36.6787
36.3351
38.2395
39.8506
41.0095
39.0537
39.1597
38.9801
38.9276
36.7355
37.4633
38.9338
37.5968
37.2721
38.7303
38.2977
38.3929
36.2887
35.9374
37.5627
36.643
37.1731
37.1613
38.4745
37.7481
37.9576
37.7633
37.4092
38.5845
37.4416
36.1786
35.3009
34.8877
34.5772
39.273
39.3488
38.8044
40.0358
39.1848
37.921
38.4161
36.7808
37.6082
38.7739
37.2795
37.1518
37.2596
36.4777
37.312
37.8184
37.5022
37.6599
39.0227
37.1317
36.8712
36.6312
37.3388
38.43
37.5158
37.5086
37.8967
36.7689
36.4935
34.4981
35.4977
35.7428
35.3316
38.0836
40.2075
38.5417
37.7207
37.3046
37.8145
37.7294
36.7561
37.3354
37.501
37.4404
38.2513
37.5541
36.7202
36.272
36.568
37.7418
36.8009
35.8226
35.9069
35.2307
35.3238
36.38
38.2249
35.9475
36.0934
36.8343
35.9245
32.9019
34.1107
33.8417
34.4449
36.8703
39.0489
37.2889
37.2966
37.0839
39.8502
37.375
36.4509
37.3985
38.1907
37.714
37.7657
36.7688
36.6494
34.9942
37.162
37.7994
36.4097
36.2754
36.3497
35.5701
35.8165
36.3605
37.0391
36.9873
36.9139
35.4452
33.5519
34.1955
34.7881
33.7238
34.5318
35.7811
37.6158
37.4309
36.6029
36.6879
36.8327
35.9294
37.1445
36.1989
36.4747
37.3036
36.1323
35.9212
35.4863
35.295
35.988
37.6
36.2265
37.1153
37.084
36.268
35.8151
34.782
36.7691
35.8162
35.9052
34.9854
33.9531
34.6116
34.8923
35.0499
36.198
37.4377
39.7605
39.7236
37.8243
36.6343
37.6912
36.2326
35.8459
36.6698
35.7607
36.679
35.0793
34.1996
34.9853
35.3898
35.5461
35.0853
34.8161
36.2825
35.7034
35.2487
34.9573
35.8282
35.8381
35.7699
35.5177
35.011
33.8354
33.9276
34.6044
33.2653
33.8092
35.567
37.7035
37.7825
36.077
35.8241
35.9282
36.5268
36.7208
37.4263
37.5563
37.9409
36.467
35.5158
36.3197
36.8602
37.1333
35.3136
35.9405
35.3255
34.2365
35.2518
35.8731
34.4082
32.8538
34.0177
33.3501
33.8651
34.8169
34.565
36.419
35.6407
36.2428
37.4072
37.363
37.5607
38.779
38.0444
37.5271
37.2273
37.2964
36.6933
36.0236
36.6407
36.201
35.9952
36.2805
36.0871
35.4616
33.671
33.5341
34.05
34.2982
35.299
