31.3391
32.246
32.3442
32.0014
32.3248
32.5805
30.5058
28.1369
28.7324
28.398
27.8624
28.9385
29.8763
27.357
27.5205
27.6495
26.5296
25.6306
26.4385
21.675
21.0831
20.7102
22.3816
22.3439
20.3487
21.2724
19.086
18.9114
20.238
19.5988
18.2922
18.7668
19.4555
18.233
19.6146
19.4186
19.984
19.7751
19.283
18.4699
19.5111
19.7995
19.5114
19.6163
20.7332
18.5382
20.2116
21.4434
20.3136
21.8671
20.5633
21.3035
20.7741
22.3858
21.5444
23.2365
22.6772
21.7022
24.114
24.2682
23.2997
26.0813
25.5696
24.2826
26.6455
26.4333
25.9566
25.4376
26.4501
25.2983
26.1823
26.9589
26.2035
26.9454
26.2941
27.4086
26.108
26.6821
26.1792
27.2942
25.916
26.6022
28.1797
26.9789
26.1363
26.7419
26.6803
26.2382
26.5898
26.3196
25.6997
25.3975
25.4551
24.1279
24.3928
22.5969
22.5226
22.4049
22.4012
20.6034
21.664
21.0668
20.3265
21.7762
21.1836
20.0416
20.5624
19.246
17.8083
19.92
19.0924
18.9503
18.4711
19.2796
18.2833
19.5797
18.3142
18.268
17.1558
15.7257
14.9912
15.4735
17.0364
15.4857
17.1171
16.869
16.5636
17.5624
17.2747
16.5471
17.9406
17.74
17.0384
17.8194
18.0272
16.7176
18.0947
17.8247
17.1463
17.3478
16.851
16.6033
17.7323
17.0965
17.4888
17.6529
18.2019
18.0331
18.9802
17.9349
17.347
18.2518
17.3975
18.462
18.9275
18.2892
17.8812
18.8374
19.512
17.6212
19.685
19.7148
18.8997
19.6897
19.6466
19.8364
20.0777
19.2372
17.5226
19.164
18.8036
18.5815
18.5704
19.5415
18.6725
19.2628
19.2317
18.519
19.2294
19.8236
19.2252
18.8224
20.4377
19.9202
21.4134
20.4441
20.2896
21.8622
21.9715
20.8573
23.1566
22.7877
22.6662
23.614
23.3372
22.6692
23.1318
23.7416
22.6996
23.57
23.5272
23.2087
23.4592
24.5616
24.3264
24.0153
23.6451
23.7494
24.1672
24.5593
24.0179
24.5495
23.6013
22.5394
24.2476
23.2052
24.484
24.1851
24.6172
24.4766
24.5798
25.463
25.1719
26.5066
25.5186
26.4833
25.7174
26.3506
27.1845
26.7621
26.0392
26.0542
26.6838
26.1505
25.6152
25.7436
25.2877
25.3986
25.5956
27.1843
28.4523
26.8319
26.9998
26.6085
27.1737
27.585
26.6988
27.9294
27.1622
27.7186
