59.1337
58.3289
58.2475
58.6179
60.2597
60.0946
59.3762
57.4825
57.7488
57.8384
57.3421
56.243
55.9589
54.8679
55.6676
55.1309
53.8462
54.0965
52.0789
53.7515
52.5535
53.4026
52.3975
53.8875
52.6646
53.0336
52.9835
52.6506
52.3936
52.471
52.4516
50.6025
48.1831
51.0208
51.3876
52.4962
54.9935
53.7675
54.4523
54.1173
54.9127
52.424
52.6952
53.8051
52.3659
51.9908
50.279
49.126
50.7569
51.3133
53.2634
54.6446
57.565
57.9865
60.5537
59.9729
60.134
61.1827
59.0022
58.9715
58.5278
57.8451
55.4036
55.3751
53.5335
51.3413
51.7008
52.7065
52.2303
51.8702
53.527
53.9049
54.0994
55.6453
56.4651
57.8914
59.8407
59.7853
59.7586
59.9565
57.8019
59.4371
57.7302
59.0953
58.5333
58.9455
56.6961
57.5455
56.0983
56.5201
54.6973
55.0521
55.2869
57.4915
53.2748
54.172
53.1751
53.0527
51.5261
50.0559
50.9992
50.5726
49.347
48.2403
49.457
50.3046
52.0258
51.2655
51.4271
54.5273
54.788
53.6802
55.4434
54.9927
54.0628
54.906
52.5349
54.3279
54.3709
55.5583
56.7771
58.6268
57.7879
57.394
57.6182
57.1688
57.7193
57.8421
62.0852
63.2682
62.8019
66.1082
66.1464
65.9641
68.1026
66.6234
68.1397
64.5411
66.8432
65.5345
64.4699
59.2242
58.6429
57.7937
56.9605
55.397
54.956
53.0718
52.7009
52.118
52.9947
51.6303
52.2605
52.406
51.7219
53.0412
50.2509
48.3428
48.4998
47.9971
45.8229
47.5331
47.9998
46.7812
47.7428
49.1892
50.7267
51.615
51.01
51.4984
53.787
51.8898
54.7046
55.9958
57.9939
58.0423
57.0938
56.1427
57.2584
57.5658
58.4262
53.1707
55.6904
56.2461
53.3997
55.0788
55.5581
54.8513
56.0607
52.4651
53.4215
53.5289
53.1039
54.8005
51.8444
52.4767
53.1028
51.7318
54.0075
51.8522
55.219
53.4815
52.4693
55.2368
52.2636
51.7274
50.4919
51.7083
48.706
49.9772
52.0866
51.6264
53.2944
53.8504
54.2327
55.5163
53.1031
51.714
51.8038
51.7526
52.8534
54.9303
56.7024
54.6622
56.292
55.12
55.0158
57.4177
57.5359
55.1919
57.5078
60.3524
59.7866
60.4298
59.3069
57.43
55.9643
57.6849
58.8907
62.5737
63.6585
63.9075
63.6891
62.7531
63.5937
60.6919
57.4953
57.8034
58.6718
57.0786
58.1471
58.1661
57.7815
58.9995
59.9821
59.8059
59.7485
58.3874
60.2797
60.3932
62.1102
61.6161
59.8309
58.0706
58.6991
58.3113
58.6795
59.7795
59.8423
58.6169
59.3628
60.5477
60.3954
59.5658
59.6949
59.2053
61.524
62.7658
62.0401
64.1567
63.6617
64.4315
65.7713
64.2849
65.6804
62.5685
61.7121
60.9002
60.4083
59.5596
60.1866
60.1212
60.607
62.2005
62.0227
61.1382
63.9137
62.3889
61.1737
59.1081
