58.7611
58.1266
56.6692
57.6361
56.9038
55.7849
55.1758
55.3552
53.7892
52.9773
55.0236
54.2
53.8576
53.2217
54.2858
52.1846
51.6946
52.8779
52.8085
52.4698
53.0278
51.3934
52.3201
51.938
53.3342
53.7514
52.9718
52.9844
52.0462
52.3733
51.8103
52.5756
52.3346
51.8429
52.2235
51.0412
50.7005
50.411
49.9897
50.3268
48.7211
49.2128
49.74
49.9472
50.4493
50.498
50.6089
50.4478
51.6971
51.4865
52.9809
53.6305
53.763
54.2513
54.3402
54.5515
54.69
54.5022
55.4076
55.2027
54.8265
54.5527
53.4769
53.9264
53.3728
54.4014
54.2165
54.8952
55.1862
55.5393
55.4064
56.7933
56.4106
56.8905
56.9093
57.6159
58.2281
57.83
58.8598
58.7654
60.0408
59.1799
59.4619
59.2847
59.4804
59.3617
58.6175
59.4462
58.8075
60.1595
61.0614
61.4181
60.5324
60.9248
62.4347
62.3339
63.4473
65.0282
64.3991
65.3595
65.5998
65.295
65.1676
64.8509
65.5457
65.5346
65.7048
65.8606
65.9002
65.6101
66.0577
66.2143
65.1815
66.2267
64.8186
64.9567
64.5145
65.1631
64.7595
64.5369
64.913
65.2342
64.9205
65.7315
63.9129
63.9859
64.6738
64.7333
63.2085
64.0769
63.1642
63.5921
62.3688
61.794
60.8461
59.9584
61.1527
59.6547
58.3029
60.4407
58.9859
60.9281
62.1694
60.4061
60.1352
59.5927
59.3873
58.626
58.9939
58.0978
58.2173
58.8781
58.6184
58.4861
58.0086
57.659
57.7231
58.0387
55.9956
55.5689
55.5647
54.8471
54.8173
54.2996
53.7908
53.9217
54.5337
53.3674
53.9528
52.1057
52.3141
51.6336
51.5714
50.5495
49.7402
49.8049
49.9341
49.3932
50.3544
47.7148
49.8759
51.1841
51.2775
50.4438
50.4779
51.0242
51.5377
53.0164
52.8009
53.0365
52.2947
52.8567
52.1603
52.0676
51.5123
50.6794
51.2555
51.4922
50.1382
49.9527
49.2164
51.4027
49.6874
49.4346
50.0958
49.7065
50.3692
50.5803
51.6471
50.2978
50.8981
50.3736
51.3963
51.3497
53.6918
53.5462
52.4578
54.025
54.1331
54.226
54.5736
53.6125
55.7575
55.7236
55.5975
56.0402
56.4125
56.8432
55.9557
57.4153
57.5605
58.7433
59.195
59.0871
60.2695
60.2262
59.3924
60.3912
60.0406
60.7301
59.6645
62.0398
61.488
63.7175
63.6865
64.1745
64.2025
64.6336
65.2058
66.7396
64.8694
65.869
66.3258
65.5356
65.9454
65.0906
64.6699
65.4164
67.0551
65.7358
65.5762
67.429
66.2238
66.1221
67.0014
66.4221
66.7308
67.0087
66.6828
66.2717
65.7654
65.8445
65.9526
66.7497
66.7678
65.6957
65.1551
65.13
67.0279
65.5124
65.7568
65.9318
64.3303
64.6526
65.2239
63.6221
63.8545
63.7233
64.4389
63.0699
64.3774
63.4717
62.9092
62.4888
61.6414
62.1214
62.1927
61.6741
62.0033
60.4083
