33.0875
34.2533
34.7609
34.6565
34.5164
34.2851
33.7526
32.8652
31.9369
33.6191
34.0952
33.2413
31.3778
30.5474
30.349
28.873
26.3781
26.531
26.1208
25.6186
26.448
24.3529
23.6579
22.3559
21.7223
22.7352
23.8279
23.2556
24.1341
23.3337
24.7193
24.2925
25.5077
26.0329
27.6392
28.0361
27.6359
29.4792
29.9615
30.0302
27.6728
29.7372
29.6584
28.5874
26.1354
26.5487
25.265
23.9869
21.8098
23.7698
23.7668
23.5028
23.4199
24.2121
24.6923
23.6874
22.767
23.1996
22.1412
23.0289
22.7152
22.706
22.4718
21.9118
21.843
23.1369
22.4787
22.0808
21.3804
22.1842
22.0041
21.3106
21.0991
22.1049
20.6162
20.7115
21.7735
21.8204
22.7931
23.2177
21.7142
23.7976
24.9786
26.1609
27.3681
28.0224
28.7303
28.9373
29.7186
33.3814
33.4406
36.0949
33.5072
37.4033
36.3014
36.0574
35.537
37.4856
37.3579
37.2085
35.7735
35.2794
35.2633
35.622
34.9302
34.4528
34.2734
34.0919
33.9231
32.523
33.3172
31.9298
31.2163
32.5409
31.7982
30.649
29.2265
28.6948
27.3608
26.4492
23.8702
25.596
25.6585
26.6003
27.2491
29.3659
30.234
32.7463
34.1926
36.1884
37.8122
37.6162
37.5646
37.9338
37.6749
36.7357
36.8839
37.5223
37.3728
36.9554
36.1829
37.2937
36.1769
36.7916
38.0918
38.3952
39.4857
39.8713
39.6694
40.7715
41.4917
40.4524
39.6208
38.5677
38.811
38.3615
38.7965
37.9309
37.3021
38.6151
37.0442
38.4586
38.1424
40.4055
39.9056
40.3455
40.3522
40.286
38.1973
39.7471
39.4985
40.153
39.2549
39.8313
38.6381
37.2159
36.5238
37.8378
38.5806
38.8969
39.2674
39.3743
38.0701
38.5131
37.1471
38.7882
38.6948
39.3652
39.5906
39.8118
38.0715
38.1374
37.4133
39.5488
40.7168
40.6428
40.7051
42.0379
41.409
39.4417
37.4313
40.0589
39.7528
42.8536
42.3736
44.3224
42.9083
43.6716
43.9775
45.1159
43.9805
43.9326
44.0165
45.0642
44.9844
44.5023
43.2369
43.9852
42.6316
41.9367
41.6174
41.8452
41.4628
41.0992
40.266
41.4917
41.5327
41.8978
41.6421
42.7496
43.6124
43.4151
40.8628
42.4544
42.5293
43.1725
42.1615
43.7365
42.0975
42.7652
42.6426
44.3508
43.2354
44.0156
43.8649
44.2989
44.3682
44.8173
42.9913
44.1805
44.1659
44.2374
43.7151
44.3486
44.225
45.5111
43.9902
45.2251
44.5641
45.363
43.8328
44.877
44.3731
44.4219
42.1891
45.0505
44.1703
44.949
44.6747
45.0701
46.0094
45.4919
44.7634
46.4183
45.9306
47.176
47.0695
46.8233
46.3404
46.7179
46.1872
47.7705
46.8966
48.4325
48.0918
49.3683
49.42
50.1178
49.92
49.3655
49.4095
50.4464
49.9811
50.7777
49.4169
49.0597
48.8784
49.4814
49.6316
49.3647
48.5831
49.5074
48.7532
48.8959
48.0848
49.0435
48.5041
48.3604
47.4316
47.9299
46.8759
47.4093
44.9779
46.5048
46.645
47.5273
47.736
49.3351
47.8505
49.4098
48.8853
48.5004
48.5172
48.6548
48.5212
48.6911
48.4556
48.602
48.0947
48.8785
48.7839
49.4764
47.9829
48.6968
48.3945
48.6107
47.721
49.6711
50.1606
51.0807
50.2228
51.401
50.2218
51.6573
49.5874
51.578
51.1742
52.5608
52.033
52.9488
53.1009
53.3991
52.0645
52.5949
52.3552
52.733
52.0709
52.5376
51.3932
51.518
49.8274
51.2343
51.9533
53.1778
51.8277
52.757
52.5289
52.8048
51.5721
53.2569
53.1409
52.9982
52.4007
53.6189
54.5906
53.6225
53.138
53.4898
53.1497
52.6463
51.4063
52.1243
52.1986
51.3723
49.9128
51.9043
51.5231
52.1584
50.1684
52.3286
50.2935
50.7789
46.3577
49.1042
48.9631
50.1458
48.0714
49.9595
49.2839
48.8908
47.7358
48.6148
48.7008
49.0451
47.608
47.7956
46.86
47.0438
45.7722
47.1749
47.0822
48.2221
47.5652
48.4506
48.1676
48.7544
46.7492
48.8629
48.6867
49.9699
47.2038
49.7293
48.9187
49.1545
46.484
49.253
49.08
49.9148
47.3181
49.2118
47.8754
48.5072
45.7654
47.9208
48.289
49.2862
47.0284
50.1302
50.7929
51.0183
50.8528
51.3509
51.0462
51.1835
51.3278
51.1844
51.9018
51.9972
50.0042
53.6705
52.2894
53.2337
52.3364
53.0058
52.1729
52.6555
49.7985
52.8686
52.109
51.5821
51.015
50.8547
51.2114
49.4311
47.9901
50.1177
49.8237
50.5164
49.3628
49.888
49.8838
49.9356
48.9462
49.946
51.2244
50.8825
49.887
51.1349
49.982
51.0784
48.3011
50.1487
50.5391
50.2877
46.5294
50.2671
48.3375
47.1911
43.1617
48.8075
49.6971
51.5861
48.8921
50.312
49.5731
50.4217
46.9116
50.4288
49.009
49.3992
47.7574
47.9264
46.7556
47.235
44.4334
47.6773
47.5
48.3164
46.9076
47.6802
47.2083
46.3501
44.681
46.4945
46.8444
46.823
43.6468
45.6527
43.6536
42.8756
38.5878
41.6781
41.0784
42.4235
41.2078
43.4139
41.1531
42.1821
40.4448
42.2102
42.2333
41.9173
40.1415
40.9925
39.8017
38.9931
36.98
37.5408
36.8251
37.6604
36.6811
38.4699
38.1434
39.3821
38.2321
39.4084
40.124
39.9749
38.6722
39.4062
37.8066
37.4262
35.3134
38.1103
39.1487
40.1282
39.4464
40.7395
39.319
39.0851
36.3027
38.7264
38.6376
38.8889
38.6286
41.2537
39.6651
40.0988
37.0965
37.7593
36.995
37.2001
35.5231
37.1535
36.5289
38.8713
36.7035
37.5349
36.7923
37.7288
35.8332
36.8476
33.6652
35.1252
31.9513
34.8747
35.4281
36.3408
33.4456
36.1089
34.8183
34.7642
32.8507
37.1636
37.3321
37.1453
32.5386
36.8493
35.3676
36.8355
