33.4925
33.8786
34.7595
34.8616
34.9597
35.7406
36.7103
37.2502
37.3018
38.7599
39.6082
40.2236
39.8135
40.6867
41.465
40.9652
41.6755
41.9713
42.3798
43.3684
44.6343
43.2894
43.9748
44.5934
44.681
44.6709
44.6205
46.8988
46.8752
46.3122
46.9435
47.1005
48.0026
47.7588
47.9563
48.1338
49.7178
49.0196
49.0382
50.1579
49.153
50.3257
50.4613
50.3685
50.6714
50.796
51.462
50.2593
51.2736
51.4182
50.9087
50.6206
51.8032
53.3904
51.287
51.0405
52.0201
51.6494
52.9318
53.0856
52.5909
53.15
50.9454
51.1654
52.8572
51.6115
53.1015
52.553
52.9219
52.5131
51.3865
51.7169
51.0099
52.5271
52.4903
51.2833
51.6863
51.0451
50.735
50.9429
50.6883
50.6635
51.5556
50.2921
49.215
50.4683
49.5094
50.3188
49.6857
49.2464
48.0379
48.8999
48.4324
48.4185
47.3032
47.2553
46.9254
45.9669
45.9604
45.2563
45.0941
44.2719
44.2099
43.3176
43.3608
42.3149
42.6252
42.2125
42.1193
41.0773
41.3824
38.8752
38.5097
38.9958
38.2376
37.1439
36.1549
36.71
35.3591
34.2995
32.9692
32.0694
32.8667
31.6284
31.4688
29.2183
28.6354
27.2266
28.3982
28.7043
27.615
26.0306
24.7695
24.925
25.2886
23.892
22.283
21.2684
20.4291
20.6051
19.3259
17.1308
16.2712
16.3772
15.588
14.7259
14.3613
14.2812
13.9121
12.9691
12.2235
11.339
10.9257
11.6338
11.0017
11.1361
8.71626
9.07005
8.35849
8.12572
8.9535
8.11275
7.63474
7.19327
7.3946
6.4966
6.65963
6.31056
6.07418
6.36398
6.15146
6.44024
6.1015
6.15864
6.33741
7.01891
7.48362
6.90083
5.51023
6.56911
6.3459
7.94667
7.21958
7.58012
7.81263
7.04788
7.18935
6.87455
7.07684
7.30502
7.1709
7.5175
6.57224
7.17489
7.22999
8.32177
7.29431
6.85034
7.39905
7.55202
8.49751
7.88093
8.05774
8.34827
8.08069
8.02538
8.16711
8.57509
8.29541
8.82696
8.28775
8.05641
7.81499
8.02177
8.31444
8.13399
8.07461
7.41896
8.83328
9.43964
9.58866
8.75376
7.66971
8.58
8.32482
8.15175
8.00768
8.19115
8.24794
7.79136
7.90555
7.95075
8.46029
7.96774
8.65229
7.63848
7.84014
7.45914
7.39653
7.12721
7.43224
6.68273
7.45152
7.36698
7.67476
7.03793
7.37309
7.05281
7.18905
6.54609
5.85328
6.38623
7.30615
7.17195
6.71238
6.41663
6.27711
5.88548
7.22897
7.56982
7.19927
6.82321
6.08606
7.15745
7.35221
7.35208
7.86194
6.80122
7.42947
7.06468
7.97691
7.76965
6.61707
7.23554
7.60582
8.61266
8.78288
8.33874
9.50752
8.29303
9.85863
9.8131
10.6475
9.92714
10.4668
10.7788
12.1497
12.562
12.3604
12.8019
13.4976
13.7968
14.8335
14.7185
15.8002
15.9237
16.952
17.9031
18.5146
18.0484
18.9081
19.5762
20.5115
22.0674
22.1476
23.5443
23.5459
24.1989
24.4125
25.9934
25.5553
26.1826
27.3487
28.5584
29.0789
29.72
30.8901
30.7798
31.2769
32.1796
31.7869
34.1296
34.0495
33.9639
35.0789
36.2179
36.9134
36.5043
37.6732
36.8591
38.669
38.9891
39.2648
40.5353
40.1379
40.8915
40.5998
40.9177
41.4014
42.1899
42.8168
42.6611
42.8379
42.1563
42.9547
43.1974
43.2952
44.8514
44.1769
46.0709
44.184
45.5819
45.6506
45.7775
44.5482
44.9792
45.0304
46.5915
47.1702
45.6718
45.2149
45.255
46.4539
45.158
46.5437
46.0091
46.3909
45.3862
45.9799
46.8896
45.4393
46.2246
45.7656
45.467
46.2631
45.3664
45.8853
45.9477
45.7134
44.7404
46.0133
45.1688
45.0468
44.8095
44.8508
43.7221
45.2763
44.247
44.2158
43.8012
43.1577
43.0691
43.3727
42.7369
42.6676
41.5841
42.0619
42.317
41.4379
40.7105
40.3976
40.2809
40.1351
39.4195
38.181
38.3537
38.3503
38.5922
37.7853
36.9603
36.4632
36.5038
36.0931
34.4885
34.911
34.9223
33.4956
33.9493
33.2318
32.4659
32.217
31.1689
30.7707
30.0446
29.9498
28.516
28.802
27.3028
27.1864
26.6517
25.4702
24.9778
24.4648
24.0343
23.5927
24.398
23.1123
23.0224
21.8598
21.563
20.5768
19.8601
19.4619
19.9196
19.539
18.3056
18.6001
17.6535
17.7385
16.7062
16.5175
15.9973
16.3377
15.6697
16.1188
14.9632
14.877
14.858
14.6912
14.3138
14.6881
14.5989
13.9543
13.5969
13.2431
12.751
13.2007
13.194
12.5611
12.6561
12.7288
12.2133
12.4189
11.9516
12.4677
12.5271
12.0352
12.1866
12.7528
12.472
12.1506
12.9938
12.4114
12.2878
12.9414
12.3709
12.2614
12.2761
12.798
12.5154
12.276
12.3313
12.3227
12.189
12.6966
12.3436
12.5962
12.621
11.9224
12.2163
12.3501
12.436
11.8316
12.2828
12.1455
11.7186
11.8396
12.0024
12.2559
12.1341
11.9115
11.7596
12.3848
12.3496
12.7858
12.8764
12.8846
12.5037
12.593
12.7057
12.8804
13.1843
12.5533
12.7527
13.6028
12.8439
12.9529
12.8247
13.3007
13.3336
13.0668
13.177
13.4874
13.1782
12.8843
12.7754
12.5767
12.7069
13.054
12.3691
12.1334
12.7233
12.4298
12.4605
11.9867
12.2098
11.9625
11.9839
12.1137
11.6718
11.5696
11.9641
11.1909
12.1721
11.8542
12.1309
11.582
12.2283
11.4515
12.6118
12.1398
12.5475
12.0699
13.1192
13.3816
13.0715
12.7789
13.0679
12.8664
12.8209
12.9789
13.2918
13.6927
13.6716
13.5976
14.4067
14.2523
15.4618
15.3476
15.8358
15.4877
15.6922
15.3236
16.5372
16.3467
16.9133
16.9158
17.5182
18.2413
17.7801
17.935
18.9903
18.863
19.2914
19.6931
20.5327
20.9242
20.4969
21.9268
22.0972
