52.7801
50.8569
51.6572
51.2828
51.2687
50.6974
49.4621
47.7831
48.8654
48.068
49.0499
46.7615
46.1023
45.7023
45.944
45.3644
44.1918
44.3714
43.752
45.3987
45.856
46.6934
46.4607
48.9329
49.6361
49.464
49.8954
47.9914
47.4747
48.4374
47.4531
45.9508
44.5061
46.9086
48.2532
49.2074
51.8963
51.7751
48.993
47.9604
50.5237
46.0855
50.1031
53.0016
56.8362
56.0739
55.5086
54.101
54.0334
53.9275
57.4956
56.3102
62.0622
60.9276
62.4492
61.1981
62.6985
61.7137
61.201
61.0888
61.0331
58.1143
56.3805
53.8534
53.5121
53.2598
53.1462
53.1482
55.312
55.2223
55.1456
55.4805
54.9962
55.3362
58.233
59.6515
61.9057
59.6971
59.6068
58.1665
55.9674
54.4877
55.8014
54.3998
52.2189
50.5791
49.7886
49.6266
48.926
49.4637
48.9133
49.1135
49.2916
48.9302
50.5638
51.2333
51.6546
52.4092
53.3967
54.4443
52.8392
51.9394
49.7223
50.5015
50.2296
53.0251
53.537
55.1721
55.2449
54.3644
56.5783
55.9671
56.4933
56.331
55.7017
54.2868
55.6855
56.5894
56.3877
60.2981
64.2577
65.2458
64.6855
64.7626
65.5124
63.4967
63.1798
65.8646
69.8757
70.9412
72.0712
73.3739
75.1859
75.4029
75.3717
74.8805
75.3102
73.6148
75.5074
76.1049
73.7634
67.6949
63.8874
60.6233
56.345
56.822
55.8024
54.5365
54.5565
54.2115
56.3036
52.6382
57.9669
57.1036
59.9814
59.2961
59.9372
57.4785
59.1523
56.7757
54.789
52.5808
58.1861
55.3216
59.2759
58.8237
62.5436
61.5721
65.2994
65.2783
70.7257
70.2685
71.8744
75.6281
75.4874
75.6679
73.35
71.006
73.9885
73.044
71.3469
67.8553
65.4874
58.6095
60.3015
62.1004
61.2887
63.2218
60.069
61.2242
56.2088
58.7037
58.9598
55.8408
51.96
51.4528
53.475
51.7519
54.0464
50.7088
49.0532
47.8589
49.5182
49.486
48.6738
47.6347
49.4035
47.822
46.6549
47.5797
50.9394
50.7147
53.52
51.8082
50.4995
50.7786
50.4744
47.915
50.7383
49.2467
53.4326
51.248
53.6341
52.9612
55.5812
51.5763
51.7673
53.4952
55.2884
51.0479
53.684
55.0871
58.1795
58.4449
61.7068
62.9771
64.1013
62.7327
63.9074
65.5396
65.7365
65.2456
67.5525
65.5301
62.353
60.0899
60.1502
59.8811
58.9342
57.1567
58.7791
59.3329
58.8787
64.3705
64.7723
62.3713
61.8977
58.8479
61.3321
61.3009
65.1584
63.8012
62.48
62.3342
61.8445
60.5133
60.071
61.6311
61.2821
59.5737
60.2989
61.1854
59.179
56.6529
57.0257
59.3428
64.5035
63.627
64.8629
67.7592
66.9342
67.7114
67.9671
68.876
70.0146
67.3091
66.2018
65.1456
62.8525
61.7873
61.2272
62.8843
61.8127
64.05
63.5792
63.7133
65.4685
63.5329
64.9805
62.2637
