37.1648
36.5212
36.5212
34.3583
30.2371
30.2906
32.6424
28.2628
27.5714
29.9387
29.4536
29.6522
38.1883
29.9147
29.5738
30.2008
27.103
26.758
28.2872
25.1646
25.3966
27.7087
24.8085
24.7492
31.2824
25.4783
26.0927
27.9893
26.7403
26.6016
27.2853
26.116
26.8767
28.2204
28.5126
29.7285
34.7979
30.6091
30.6338
30.3949
30.9411
30.7698
31.6716
30.458
30.2825
30.7576
34.7739
34.7044
41.9049
34.3043
34.6937
30.7827
29.2076
29.6468
31.5349
30.8163
31.0302
31.5678
32.1882
32.3961
38.9305
32.7159
31.419
31.7637
32.4635
32.7071
32.9979
30.8591
31.3302
31.9845
32.818
33.8553
39.5916
34.9767
35.0698
33.3459
32.9747
32.7473
33.6051
33.0457
33.8485
34.685
35.1751
36.2216
41.9456
38.3958
38.0504
35.5655
35.007
34.9349
34.0816
33.389
33.3492
33.378
33.3211
32.3602
36.0382
37.0842
37.4087
37.239
34.426
33.9306
34.2401
34.1712
33.5748
33.0394
31.0872
31.4305
35.6483
33.6757
33.6146
34.4346
35.0824
35.6623
35.9092
35.4926
35.028
35.3265
35.5623
36.6114
39.2993
36.2572
35.116
37.3851
37.2812
36.3911
37.4942
35.9669
36.0027
36.6123
36.1077
35.0301
39.3929
36.152
37.1413
37.4231
36.1343
36.1885
37.7311
36.299
35.6701
36.2539
35.7466
35.6484
40.6145
36.397
36.7205
35.8142
33.6377
34.3695
35.8508
35.5664
35.291
35.476
34.568
35.2172
36.6137
35.305
35.8159
36.5708
34.471
34.6328
33.662
32.9525
33.1923
34.0043
34.6056
35.0093
38.2815
33.7369
35.6705
34.5059
34.6098
35.6749
36.8759
37.7355
37.861
37.5622
38.2822
38.5625
41.0332
40.0872
38.7996
38.3301
40.1104
39.7993
39.276
40.1162
39.4357
39.3664
39.391
39.7649
40.4946
39.8385
38.423
38.9918
39.3947
38.254
37.7413
36.8093
36.7475
36.3209
37.5825
40.1629
41.1467
40.6905
41.3575
40.3163
40.5645
40.6814
40.8639
39.1798
39.8531
39.8273
40.7426
41.899
44.4113
42.2998
41.6129
43.4541
42.3912
43.1277
45.2532
43.1258
43.1084
43.0938
42.3571
42.7299
44.902
44.1122
43.9672
44.0987
42.7648
43.2262
44.9243
43.0443
43.5039
41.9744
40.5714
39.9408
42.7436
41.0469
41.6738
47.1858
45.3602
45.6309
46.1638
46.2302
46.1067
46.0947
42.0831
42.0218
44.5712
44.417
43.8222
47.2008
43.2947
43.4238
45.4576
43.7384
43.5579
44.8244
40.9533
41.5043
43.1426
43.2541
45.1598
46.6417
43.3096
43.1323
44.0564
41.8849
42.3565
43.5227
42.3686
42.8638
47.5396
43.214
43.824
44.8834
43.4595
43.5483
42.8817
42.6405
42.1811
43.8915
43.4818
42.6502
44.2064
43.4037
44.1742
45.1285
43.3967
43.7335
42.9428
42.3207
42.8033
43.3901
42.4256
43.1116
47.7406
44.5825
44.414
47.2389
44.4607
44.1674
44.7382
42.4458
42.5201
43.9808
42.3923
43.1395
45.5492
44.1547
44.5777
44.3336
45.2799
44.7826
43.1778
43.1503
43.9117
45.5846
44.2977
43.953
47.5378
44.5813
44.4139
44.9184
46.4916
45.7789
47.2898
44.3899
43.7047
43.3627
42.8388
42.4933
46.4888
41.8698
42.0182
44.1067
43.8307
44.314
44.4692
43.0933
43.0486
45.2784
41.9974
41.3645
46.437
41.3949
41.1665
44.2935
42.8504
42.3794
42.8604
41.8418
42.2687
41.6135
40.8269
41.1935
47.4199
41.3857
40.75
43.2028
39.8054
39.7318
41.5464
40.6304
40.5254
41.5426
40.5279
40.0383
45.479
42.2326
42.7194
43.0568
41.3719
41.2391
42.3682
42.1949
41.9801
42.8596
42.2817
41.7527
44.4668
43.2162
43.1593
43.8642
40.6808
40.2536
41.6237
41.2916
41.7412
41.9829
41.05
40.6288
46.9214
44.1575
44.1732
44.034
44.8485
44.897
43.3438
41.9587
42.3576
43.7599
43.5985
42.9659
45.808
44.1146
44.4534
45.3562
42.7371
43.003
43.2114
41.2016
41.481
42.4895
42.9552
42.8598
48.2587
44.6366
44.6079
43.3785
41.8
41.9486
41.734
40.3824
40.587
41.0834
43.0851
44.046
50.5583
46.9393
46.3473
42.4341
41.7477
41.9987
43.453
43.1957
43.1079
41.9734
45.2696
45.5911
49.51
46.4847
46.3042
42.8554
41.9439
41.5497
41.1996
41.8258
41.6532
41.7605
43.3963
44.3554
48.3054
47.1625
45.0877
42.2738
41.0721
40.8595
42.62
42.6133
42.6572
42.2647
43.0218
44.4375
46.2108
44.5012
43.4804
41.4423
42.2998
41.8506
42.1147
40.5923
40.8965
43.5395
43.4971
42.5909
44.1884
45.5871
45.7953
44.4684
41.973
41.8219
42.5565
42.0837
43.0421
41.099
42.4814
42.8206
45.9917
43.6269
43.152
41.8376
40.7849
40.7472
41.3098
41.5482
