53.8768
54.8418
53.7802
53.1889
54.0351
54.5139
53.8002
53.0952
53.477
52.3587
51.9107
52.3125
52.8103
51.4413
51.459
51.5007
51.1372
51.2167
50.6134
51.1572
50.5243
49.152
49.2141
48.1295
49.7098
49.4849
49.1997
49.1067
49.4786
48.0251
48.574
48.2864
49.0707
48.1749
47.1643
45.9518
47.2096
48.3833
47.9504
48.2504
47.1888
45.1469
46.3895
47.3531
48.3413
46.8852
48.0312
47.073
48.0123
47.1666
47.4487
48.3509
47.3313
47.6239
48.6668
48.9833
47.6462
49.4384
49.1137
49.9582
48.7334
49.7093
48.7482
50.5085
49.7951
48.8784
49.4785
49.2744
50.0027
50.8608
49.322
49.813
50.0808
48.7862
49.0287
48.8035
48.9088
47.7916
46.6672
47.6336
48.0109
47.2988
46.6957
47.638
47.8053
48.8245
49.5288
49.0847
47.97
47.1611
47.924
48.1503
47.9744
46.8578
47.9628
47.2438
48.7285
47.4498
47.7906
48.0278
46.9921
46.8784
47.4089
47.7446
47.9621
47.8522
48.8717
48.2758
50.3569
49.3527
48.2449
50.7882
50.463
51.8417
50.6788
51.0635
51.3219
50.3551
51.2632
51.504
52.4371
52.7715
53.3704
52.6432
52.8614
52.8289
53.3405
53.8249
53.6911
53.9713
53.9957
53.8542
53.7478
55.1515
54.2862
54.6953
54.317
54.2992
54.0035
54.1186
54.7852
55.3778
54.9439
55.0978
55.6874
55.8867
55.3825
56.0208
56.4283
57.5875
57.9909
58.5906
59.7782
59.7623
60.1204
59.945
60.232
59.5993
58.8598
60.3816
59.3375
60.2197
60.87
60.4468
59.7539
60.1908
60.9079
60.9256
62.3397
61.9376
61.0855
61.6255
62.8795
60.9451
61.2219
60.6866
62.624
61.5066
61.51
61.4769
63.3639
60.858
61.1277
61.9832
62.4701
61.3433
61.7557
61.198
62.2356
62.7386
62.0074
61.549
62.5594
61.9641
62.3717
60.9368
63.329
61.5039
61.2292
62.3722
62.7943
62.585
62.9195
62.8913
60.8857
62.1183
61.4428
62.3022
60.1019
60.4875
60.2489
60.5198
58.2289
57.7376
58.7543
58.6793
57.9302
57.3887
58.817
58.4387
58.6745
58.4475
58.4058
57.152
57.2505
56.4837
57.1882
57.4963
57.1137
57.6156
56.4574
55.942
56.1469
55.819
57.1453
56.5058
55.8281
55.4609
55.8288
55.53
54.6402
53.932
55.4502
54.4108
53.7336
54.1287
54.0153
52.7722
53.3784
53.6078
53.0563
53.4817
52.9474
53.0031
53.0099
52.4076
51.7107
51.9198
51.732
51.7971
51.0294
51.0155
51.6118
51.7083
51.5261
50.9896
50.8339
50.7404
50.1951
49.4293
48.754
50.6416
50.458
49.3177
50.77
48.4139
49.6109
48.5819
49.6093
48.7175
49.8707
49.4564
49.1178
47.8771
48.9528
48.0222
48.0807
46.9541
46.9095
47.6301
47.4163
47.5044
47.6014
47.3702
46.9122
47.6327
46.8184
47.3413
48.5755
49.3841
50.2094
49.5837
51.0291
52.0204
51.3879
50.7201
49.5266
50.6007
50.4928
50.9719
51.04
52.57
51.2255
51.5148
50.8196
52.0367
50.9192
52.14
52.4321
51.8258
51.1189
50.2949
51.2085
50.9347
49.0695
48.9584
47.6745
47.6855
47.4724
47.4177
48.1671
47.2683
45.2528
46.4566
46.7253
46.4124
45.8
46.2751
46.2117
45.5172
46.5732
46.5965
45.7314
46.5893
46.6559
46.9888
47.1632
47.917
47.4269
48.5839
48.1954
47.1539
48.4928
48.3437
48.7901
48.6537
48.6247
49.3424
48.8855
49.751
50.5778
49.9496
51.0469
51.4692
52.6321
52.4038
53.47
52.7517
52.094
53.9127
54.6561
54.0436
55.4969
55.7041
56.4122
56.6447
56.3632
55.8258
57.3303
56.7042
57.0435
56.4613
56.8791
57.3541
57.0255
57.4936
57.1825
58.1666
57.199
58.1288
58.1979
59.273
58.3829
57.5129
58.4899
58.2517
58.6908
58.7243
58.6092
59.0198
59.4697
59.4605
58.8268
59.7922
59.4628
60.7376
60.9048
62.21
59.5168
60.5557
60.3658
60.6084
60.2041
61.2031
61.3761
61.7311
61.7988
63.1131
61.2012
61.7056
62.9803
62.3999
62.1731
62.1396
62.2461
62.3693
62.3624
62.1165
61.5536
61.5526
63.5041
61.2363
62.3417
61.5296
62.9001
61.4161
61.8961
61.3965
61.6695
61.3862
61.7434
62.8378
60.4056
60.8869
62.1859
61.1916
60.58
63.3648
61.4543
62.6476
61.1413
62.4948
60.3945
61.4387
60.6445
61.5846
61.7975
62.8021
61.3555
61.283
60.9421
61.7581
60.7534
61.3088
61.4501
61.6192
60.2978
60.864
60.4759
60.9961
59.5993
60.3185
59.8833
59.6927
59.7902
60.7096
59.4492
60.0211
59.6795
59.646
59.9567
58.9439
58.7243
60.0935
59.0055
58.429
59.1053
58.3507
56.9482
57.1221
59.5419
57.2232
57.3603
58.2249
57.2241
55.756
56.4273
57.9891
56.8423
57.2982
