38.772
38.3107
39.1431
39.7035
39.6613
40.077
40.3583
39.8347
39.5704
39.8585
42.0276
41.9977
41.4896
41.4921
41.1023
40.1976
40.3153
40.3561
40.4386
40.9143
40.7129
40.1448
41.7042
41.5382
39.7197
40.5245
40.5245
39.8662
39.9456
40.0573
41.5106
42.1228
41.5379
41.4499
41.5859
41.1659
40.4111
40.8819
40.7135
40.6939
41.9095
42.3517
41.0594
41.6252
41.6009
41.364
44.5265
44.572
44.4857
45.4675
45.515
43.0564
43.1156
43.055
42.0685
42.0051
42.009
41.8136
42.6169
42.8079
39.7865
40.393
41.2399
40.0443
40.6262
40.6637
39.9477
40.4833
39.7193
40.9466
40.6992
40.2992
38.9489
39.7345
39.9453
39.9186
40.4745
39.7217
39.4757
40.4269
39.895
39.0722
42.5871
42.654
44.4987
44.109
43.7703
41.8682
40.5854
42.2964
40.7642
41.2742
42.7687
42.3795
42.8125
45.8177
46.7641
46.9295
47.0842
48.7892
47.6218
48.9753
50.8264
50.5945
50.8412
51.1079
52.8308
54.4046
57.7011
56.3013
55.4835
55.2648
54.1436
54.139
53.3309
54.1126
52.9864
51.4194
52.4936
52.6553
52.5096
52.0848
51.2062
50.1372
50.5762
50.451
49.0597
49.1121
49.2373
47.0671
50.7112
50.3573
48.4664
48.6665
48.4804
46.5315
47.2415
46.7143
46.736
47.4393
47.7481
48.6165
46.998
46.6816
43.3352
43.8903
43.1402
42.5573
42.7443
43.5296
44.0324
43.4688
42.4042
41.5361
41.8394
41.8747
40.7986
41.9953
41.6956
41.5922
42.3555
42.4732
41.7687
42.1549
41.8862
42.0308
42.9962
44.3426
42.4221
42.5089
42.5558
42.4703
43.4045
43.2172
42.5413
42.7155
42.7015
41.4576
44.2514
44.9993
45.3406
45.5707
43.7965
47.3303
48.0809
50.5991
49.1536
45.7093
45.0303
44.3841
48.2587
48.1831
48.7331
47.9733
48.2957
46.1601
45.7366
46.206
46.299
46.3323
46.3128
46.4557
49.3766
48.6464
52.4483
48.2605
48.1662
44.7845
45.0034
45.0684
43.5069
43.6533
43.2345
44.0318
46.9938
47.7759
52.254
47.7144
48.6705
45.3754
45.1226
45.0606
44.8438
44.9835
44.276
44.0916
49.2658
48.6787
53.249
49.8962
49.5845
46.3306
46.0159
45.9576
46.033
45.2379
44.9911
45.4651
49.0699
52.894
