57.0586
57.5745
57.673
56.4255
56.8231
56.9246
55.6073
55.9264
55.7479
53.7551
55.9288
55.9817
54.6266
53.7363
54.4783
52.3535
52.4189
51.8654
50.0326
49.1344
47.8675
46.8715
47.3988
48.6163
48.0084
48.4753
48.2298
45.6511
44.8621
44.0306
41.8713
43.3433
43.8824
41.5842
43.0289
43.9872
42.8365
43.171
42.4049
41.6264
42.8685
41.3579
40.998
41.7954
43.583
41.7913
41.9946
41.553
40.2826
41.175
40.5787
39.1766
41.4321
40.3636
39.7323
41.0686
41.8486
40.6421
41.7827
41.651
40.4652
39.3716
39.4366
39.5863
39.8607
40.1975
39.1807
39.9741
39.9699
38.3758
39.5033
39.6037
37.9911
38.9915
39.4511
38.4831
38.778
38.6726
37.2767
37.3235
36.5803
36.4528
37.6683
37.555
37.3968
38.2897
38.0279
36.875
37.7441
36.0515
36.108
36.6636
35.795
34.6536
34.2817
34.3954
34.308
34.8804
34.353
33.4626
33.595
35.4658
33.8773
33.6097
33.2045
32.259
33.1948
33.7011
32.659
33.5165
33.0332
32.6459
32.4309
31.9542
31.8665
30.8201
31.8381
30.6114
31.4012
30.7227
30.2417
30.8963
29.6795
29.9304
31.2096
31.8345
31.2052
30.6037
29.1378
29.4555
30.5653
30.1723
29.1423
29.3081
28.7711
28.6488
29.7734
28.665
28.3214
29.5147
29.3702
28.6567
29.2792
29.7726
29.5567
28.3451
29.2901
28.915
28.8165
28.9279
28.2185
28.5471
29.382
29.3152
28.4288
28.2547
29.3552
28.427
28.6731
28.4383
27.4375
28.728
29.0852
27.6666
28.7558
30.4949
29.8479
30.4324
31.6089
29.3384
28.9062
28.9602
29.344
29.6881
29.8825
28.3579
29.5431
29.1559
29.6469
30.1998
30.9278
28.5231
29.2024
29.9164
29.028
28.9556
28.7927
29.0921
29.9788
29.5129
28.9843
28.8902
30.4096
28.6624
28.0739
28.3525
27.4744
27.9973
27.5845
28.284
28.173
29.3055
29.2509
30.1125
32.3023
30.0133
29.1378
29.2297
27.4219
27.2851
28.5206
28.3609
29.1096
29.4434
28.2952
29.5156
32.2207
29.7899
29.7366
30.7696
29.2886
27.6604
29.6532
28.7324
28.4566
29.2222
29.8768
31.2327
35.0423
32.541
32.1384
31.5153
30.2013
30.4467
31.1883
31.0393
30.7855
31.2425
31.9734
32.6163
35.9625
34.1763
33.6643
32.228
32.5435
31.2185
32.8902
31.38
32.3767
33.3715
35.1351
34.6665
37.8473
34.8099
34.3692
34.904
34.5234
34.1501
34.961
34.0869
34.6392
35.8408
36.0201
36.1119
38.6462
34.847
35.483
36.2778
33.8994
33.7792
34.1755
32.0705
33.5875
35.4505
35.9292
36.8643
39.9829
35.9685
35.2635
36.0328
34.5816
34.331
34.7097
34.8448
35.3839
35.424
35.9202
36.3808
38.5917
36.6078
36.2023
35.6521
36.178
36.0653
35.2108
35.84
35.3777
35.819
39.541
42.1691
