47.5961
47.9868
47.3641
48.4341
49.3908
49.0531
49.1414
49.6876
49.7839
50.2401
50.6323
49.6798
48.7491
49.6844
49.4496
49.9018
49.439
49.7931
49.4822
49.9532
49.8852
49.8194
49.6316
49.6691
49.0057
49.6438
49.8283
49.8105
49.6463
49.8378
51.0415
51.5028
52.0787
51.49
50.853
51.5607
50.3214
51.2212
52.1212
51.8318
54.5504
53.8524
53.0899
52.9494
52.2493
53.2907
52.5352
52.7963
50.886
52.3503
53.1581
53.4392
52.6081
53.2886
53.8122
53.4689
52.9392
54.5816
54.8589
54.8955
54.5142
54.5228
54.1831
53.8482
52.576
51.2429
50.8523
50.766
49.3045
49.6155
49.9776
49.4629
49.5314
50.5767
50.9699
51.5864
50.3357
52.0259
50.7402
51.805
50.2888
52.1105
51.8585
51.7439
51.1096
51.8058
51.7577
52.4464
50.8468
53.4611
51.2878
52.1504
50.0092
51.1532
50.883
52.6859
51.8472
53.102
52.3701
52.867
52.5464
53.6381
54.851
55.7148
55.8022
57.513
57.5186
57.0516
56.7936
57.7254
56.3651
56.8951
55.9299
56.0929
57.5013
58.5343
57.2022
58.8728
57.4427
57.5671
57.3269
56.6
53.9515
54.7285
53.7247
54.3979
53.5131
53.3083
50.7436
51.2649
51.491
51.7154
50.5472
51.0947
50.7876
50.8998
49.7902
50.2362
50.209
51.7822
52.3192
52.6307
52.1492
52.0938
51.7015
52.5242
51.3789
52.1245
51.4861
52.2896
52.8485
51.6477
50.9236
51.1905
50.8456
51.8197
50.9767
51.1129
51.3796
51.8205
51.3491
51.0413
51.2475
50.9589
51.058
51.5002
52.5577
52.3839
51.024
52.1575
51.9374
51.956
52.4974
52.7298
53.055
53.3346
52.874
53.3136
53.2297
52.9182
52.7491
52.4611
52.4886
53.5838
60.2913
58.7137
57.6502
54.6838
52.9593
54.4408
53.652
53.7803
53.2744
53.3552
53.632
54.7137
54.3869
53.7676
53.205
53.2855
52.4965
53.4727
52.9194
53.4129
51.8164
51.1443
50.7148
50.8533
49.8866
51.7887
50.0834
50.3686
49.6508
49.7581
50.1235
50.1728
49.5546
50.071
50.1201
50.0015
48.3296
49.5397
49.7719
49.6224
45.8802
47.5632
46.7237
47.9573
46.7244
47.8274
46.9678
47.1785
46.3474
47.4836
47.2479
47.7604
46.1888
47.2356
46.3953
46.4213
