17.7737
19.8615
19.5977
19.0781
19.3768
19.4455
18.1369
19.6529
19.3983
17.6319
19.6868
19.7849
17.5121
18.2376
16.0494
15.1687
14.9941
15.2034
11.7187
12.3109
12.519
10.5006
12.5772
12.6482
11.0275
12.0397
14.1999
12.2278
15.0745
16.0436
15.6637
15.694
15.1782
12.2564
12.9743
13.4124
11.8148
13.4095
13.3478
11.0878
11.2573
10.8794
9.21835
9.16834
9.66172
7.8644
10.4401
9.06528
8.81737
10.1865
10.1053
10.4129
12.3559
12.6782
12.7333
12.7936
12.9696
12.6436
13.5916
13.3644
12.6375
13.0226
12.6749
13.0858
13.495
11.8347
11.0194
10.6765
10.462
8.99171
10.1683
8.94006
6.61961
8.15633
7.30487
5.95013
6.87695
6.46799
6.06024
7.35281
7.203
6.22858
7.60814
8.94946
8.12845
10.8934
11.8279
11.4357
15.465
17.7717
18.9141
19.6789
19.4395
17.9704
18.8536
18.5021
17.1447
17.9626
17.5896
15.4461
16.1364
16.1133
14.5135
16.8678
16.5261
13.9247
16.6699
16.5593
14.0557
15.8487
14.7084
13.0346
14.4375
13.7225
11.4063
12.3203
11.8364
9.20806
10.2372
9.13597
6.31532
7.69255
8.6769
8.32032
10.9191
12.1522
13.4746
16.7761
16.6487
16.0416
15.9541
16.0864
14.296
16.5039
16.861
15.973
17.7395
17.4249
16.4006
16.1213
16.1268
16.1446
17.5121
18.4485
16.3338
17.0971
17.0335
17.5958
20.153
19.9323
17.1593
20.268
20.4363
19.3545
20.8606
20.6131
21.6938
21.907
22.2271
21.3551
22.6269
22.4483
22.1439
22.1303
23.4013
21.2914
22.1443
20.978
18.4911
19.817
19.55
17.2035
19.4757
18.5408
17.0708
17.9828
17.0137
16.3333
18.0896
18.8617
16.617
17.8765
18.2822
16.6599
19.3778
19.4023
18.2476
19.9545
19.9388
19.1049
20.5278
21.357
22.5662
22.8875
23.3956
21.9456
23.3547
22.8559
22.2024
24.6592
23.6242
22.9239
24.6359
24.7206
22.4471
23.058
24.3752
21.8446
21.475
23.4772
21.7898
22.315
23.525
22.2582
23.7298
23.7689
22.9767
24.9041
24.9624
23.8325
25.3297
23.9558
23.2105
24.5396
25.7838
24.8019
26.6635
26.9657
25.3893
26.5198
25.3542
24.1105
25.6405
24.4087
23.8059
24.8482
24.8245
22.5623
24.1561
24.2227
24.1272
24.9485
25.9778
23.5164
24.9932
24.9172
23.3882
25.6388
24.8685
23.9699
27.9291
26.3478
26.3014
28.2267
28.4933
26.2252
27.9407
28.1623
25.7516
26.678
27.1516
25.4335
27.6602
28.0921
26.3055
28.3737
27.1929
26.2446
26.6907
27.5746
25.1386
26.2313
27.1272
25.1974
28.6954
30.1955
29.5612
30.2589
29.9186
28.5082
30.1439
30.0356
29.6437
31.9192
31.7303
30.0718
34.8483
34.885
32.8216
34.1412
35.6503
33.4258
35.4035
34.5669
31.2517
34.079
34.3128
31.8851
36.1399
34.5932
32.7243
34.4064
33.3056
30.7432
31.935
31.8759
30.3898
30.9845
32.2755
28.9901
31.9039
32.6658
30.4958
31.5343
31.6502
30.267
31.6779
31.4755
29.9933
31.7498
31.4636
29.9515
34.2272
34.5462
33.7076
33.9881
33.1904
32.6513
32.9109
33.7189
31.1632
33.2197
32.8539
32.1396
35.1401
35.5494
34.5854
34.3803
34.8424
32.2449
34.1697
34.2122
33.6782
35.1047
35.3075
33.8604
37.3659
38.0363
37.32
38.0402
37.777
35.7702
37.6066
36.4984
35.8578
36.3733
36.5843
35.6796
38.5162
38.2578
36.7444
38.9944
38.1023
36.7308
37.5317
37.4124
36.5166
37.377
37.3622
36.3435
37.3755
38.6965
36.0227
36.8978
37.1109
35.3037
35.9866
36.1607
33.7451
35.4999
35.4961
33.8491
37.1266
36.6767
35.0202
35.5608
35.5231
33.0442
34.5873
34.6793
32.0428
33.2416
33.6041
31.4374
34.0879
34.3613
31.8199
31.5266
31.6611
29.4266
30.7101
30.5774
29.3027
30.5926
30.5635
28.5094
30.6078
30.4598
29.1876
29.7279
29.9268
28.193
29.5893
28.4351
27.7548
28.4861
28.5877
26.7191
28.6367
30.304
28.3749
29.5382
30.3556
27.3828
28.1644
28.9137
26.4532
28.36
29.0398
26.9107
28.2278
29.0152
27.8962
28.8957
28.149
27.712
28.116
27.4125
27.1666
27.771
29.7435
27.4693
29.4244
30.3706
28.829
29.4432
28.999
27.2629
29.7948
30.2627
27.7279
30.177
31.0526
29.0079
31.9818
31.2942
29.9071
30.6341
30.865
28.9258
30.146
29.2043
27.4677
29.0691
28.5842
26.9224
29.3873
28.9693
27.1427
27.7757
28.7522
26.2533
28.2971
28.4329
26.4747
27.504
27.2293
25.4037
27.2828
27.6051
25.7457
26.9019
26.7171
24.3158
25.6108
25.4621
23.48
25.0064
25.3955
22.9296
24.7166
25.202
23.0859
24.999
23.9983
23.426
25.2935
24.384
23.2244
25.7432
25.8096
23.8737
25.5799
26.1834
24.1893
26.0396
25.7996
24.1134
25.2119
25.8131
23.4064
24.239
24.5625
22.9395
25.5044
25.1772
23.6563
24.5159
24.0674
22.0584
22.8179
21.6854
21.2164
22.3996
22.3542
20.9547
21.8637
22.8314
20.0364
20.7399
20.8708
19.0905
20.8456
20.3857
18.9232
19.1184
19.0942
18.5044
19.6407
20.6848
19.1763
20.6304
20.6368
19.634
20.3461
21.6475
19.5508
18.9692
20.3632
18.0898
20.5604
20.6668
19.038
20.5579
19.8162
19.2518
19.5874
20.437
18.0232
19.252
19.1073
18.0987
19.8924
19.899
19.2835
20.7414
20.7925
19.0779
19.9925
21.3579
19.3479
19.6225
19.8016
18.8407
21.0796
20.9384
18.4282
19.6536
20.1929
18.697
19.3447
20.0353
18.4763
19.7634
20.0565
19.3118
21.3238
21.3662
19.253
19.7483
20.5345
18.9837
18.3094
18.6555
17.4785
17.4765
18.594
19.1657
20.1523
18.4622
