53.7179
52.7553
53.3901
53.4579
53.4984
52.9907
52.0329
53.1543
53.0815
52.9753
52.8771
53.2728
53.9383
52.6013
52.3069
52.8943
52.4259
52.8302
52.3793
52.4857
53.0168
53.0234
52.2667
52.6457
52.4698
53.2701
52.9279
53.1085
53.4134
53.8727
53.8081
53.3604
53.3298
52.9459
52.8459
53.0404
53.9283
53.1118
52.6133
52.6371
51.2349
50.2382
51.1624
51.2946
50.5623
51.479
52.5588
51.6837
52.0456
50.9026
53.2338
53.4681
53.301
53.9743
54.903
54.6301
55.2406
55.6672
55.6914
55.6441
55.953
56.0119
54.8437
54.8803
55.3614
56.4478
55.2844
55.9461
55.7712
55.7641
56.1451
56.2284
57.1658
55.763
57.2063
56.9598
56.6282
56.6772
57.4071
56.9387
56.9924
58.4564
58.1014
57.8259
58.5694
58.7063
56.6004
59.5108
58.2433
59.8817
60.2406
59.6539
59.8922
60.8809
60.4294
60.6739
60.96
60.6898
61.3875
61.0881
61.2022
60.9108
62.488
62.1738
62.3513
62.2755
63.0434
62.2885
61.241
62.7199
62.0963
60.5523
62.6317
63.3821
62.962
62.2047
62.7456
62.8539
62.5276
62.7921
62.7833
62.7537
63.275
63.1772
62.9771
63.458
63.7325
63.6662
63.9939
63.7839
63.2196
62.8136
63.5421
63.9432
63.6611
64.0382
62.7755
64.5932
64.0633
64.9015
63.6823
63.2248
64.1475
65.0158
64.0509
63.0256
63.8153
64.4796
64.3113
63.9618
63.6437
64.752
63.2011
63.9863
62.9846
63.2112
64.1562
63.8531
64.2849
64.0231
64.3351
64.4727
63.4313
64.5527
64.5805
64.0788
63.6376
63.8143
63.6642
62.8355
63.6888
62.406
62.9986
63.2567
62.1528
61.982
61.7538
61.9781
61.9702
62.5921
62.4787
61.3265
60.7721
61.5363
61.4303
60.9985
60.8175
60.8066
60.1199
60.8831
60.9763
60.3147
61.12
60.5301
60.7361
59.1545
60.6952
60.7526
61.1964
60.5662
59.5335
60.3256
60.9891
59.0003
59.3216
60.0965
59.3977
59.8811
58.4769
58.2633
58.5259
59.4349
59.5232
58.1193
58.2108
57.2163
58.4864
57.7055
56.5075
57.6636
57.8321
57.5184
58.4448
55.8841
56.8305
56.9425
57.3388
55.975
56.7909
56.8986
55.4853
54.4659
54.4585
53.8129
54.7233
54.6646
53.5397
52.7059
54.8114
53.385
53.7117
53.1211
52.0748
53.0015
52.395
52.5074
51.4786
50.95
51.6486
51.6805
51.0938
51.0154
50.6044
50.4299
50.4845
49.8765
48.6928
48.4891
47.5403
48.191
48.3169
47.0757
48.5917
47.7926
47.6169
47.6115
46.2535
47.0129
45.8272
46.281
46.0578
45.6362
45.327
45.408
45.2463
45.6563
44.3413
45.2796
44.8728
44.728
45.062
44.8932
45.0123
44.7331
45.9373
44.7222
44.7233
44.7669
44.5078
43.4377
45.2852
44.1908
44.4853
43.6582
44.1641
43.6266
42.8601
43.4407
42.2862
43.1321
43.156
42.6605
43.3065
43.103
44.0802
43.2392
43.1148
43.0846
44.5925
45.0348
45.0119
44.4837
44.7722
44.1786
45.6466
43.8912
44.36
45.4214
44.4223
45.3042
44.874
44.9619
46.0597
45.2861
46.3645
45.9003
46.0518
46.0269
46.3973
46.0565
44.6407
46.2875
45.5116
46.9761
48.1904
46.1624
47.9694
46.6571
46.4908
46.1935
46.9164
47.1262
46.4621
47.4342
46.7984
47.4022
47.9441
46.1349
48.2817
48.4697
47.6669
49.0114
48.5144
49.1846
49.3521
48.6011
48.8818
49.3154
49.0855
49.64
49.8621
48.8807
48.5548
48.5842
49.4946
48.4834
49.8114
49.5408
49.1725
49.4632
48.9572
49.3885
50.1242
49.9927
50.5884
49.9582
51.3688
51.0972
50.6677
51.5203
51.4458
51.5925
52.4658
51.1446
52.5513
51.2674
52.5026
51.3775
53.0922
52.801
54.0723
53.0367
53.8389
53.9503
54.3054
55.5114
55.5294
54.4511
56.1626
55.7626
56.1696
56.0204
56.1517
56.6196
57.1686
57.2989
57.6067
58.338
57.768
58.1591
59.3226
59.6114
59.8668
61.8751
61.771
60.973
62.8757
61.9139
61.5215
61.5322
61.9733
62.3849
62.1124
63.2764
63.4373
61.3116
61.0833
62.2305
63.1139
62.5931
61.42
62.697
62.4097
62.3154
63.5812
62.1141
62.5357
62.7942
64.7952
63.8729
62.8327
63.3966
63.8085
66.6263
64.5398
65.0373
64.8792
65.8715
65.5403
65.1176
65.5134
65.5538
65.5645
66.5181
64.9244
64.1984
63.8449
65.8789
65.9999
65.0468
65.2186
65.2626
65.9548
65.6656
64.4475
65.7138
64.3471
64.7347
66.0337
65.7025
64.9893
64.6765
65.0074
65.4171
64.0334
65.567
64.5597
64.3005
63.3507
64.1325
64.5697
64.7851
64.9394
65.0034
64.2769
63.337
63.6548
64.6434
64.2713
63.7286
63.4446
64.7212
63.8263
62.6584
63.3841
63.6895
62.0919
62.5633
64.0723
63.6805
63.8391
62.8606
62.6258
62.2634
61.5553
61.9302
61.6556
62.0813
61.4923
60.9477
61.492
61.4097
60.3553
61.1838
60.3687
60.1393
60.3164
60.3679
58.9409
60.361
60.2451
59.409
59.8201
58.6436
57.988
57.9728
56.6561
57.0816
58.0327
55.7751
56.2607
55.9687
56.4145
55.6019
56.8468
55.0375
54.7079
55.6205
53.5274
53.6396
54.702
54.7474
55.0076
54.2688
53.4487
53.9122
54.0128
53.9429
53.9427
54.0422
52.865
53.3011
53.6642
52.8928
52.4775
53.1585
53.0929
52.0384
52.1782
50.7148
51.1876
50.6358
51.5014
50.8353
50.1983
49.9529
50.304
49.6688
51.4825
50.426
51.3262
49.3041
51.523
50.4967
49.3688
50.2939
50.9839
51.1431
51.2321
51.3811
50.5036
52.1979
49.8747
52.1477
51.293
49.9329
51.6782
50.8604
51.1016
50.7138
50.5091
51.4913
51.5084
51.0234
51.0786
51.031
51.496
51.3185
51.3861
51.2249
