3.55545
3.1439
3.301
3.55054
3.81598
4.95835
3.91884
4.28179
3.23657
4.18487
4.09615
4.01669
4.65444
3.87642
3.82196
3.73029
3.461
4.61407
4.80911
4.49615
4.7961
4.87921
4.56331
4.56598
5.34735
4.16295
3.38542
4.06144
4.60554
4.56714
4.24876
4.6528
4.08353
4.14997
4.30252
4.75924
4.73522
5.75113
6.68689
5.09224
5.8136
5.60387
6.4679
6.75995
6.76513
6.87809
7.12059
6.27766
6.40119
7.05762
7.17355
6.82727
7.08019
6.25411
6.54597
7.2361
6.55634
7.30745
6.46139
7.05051
6.31272
6.7279
7.56639
7.93964
6.20559
6.57939
7.29884
6.68157
7.30218
7.00735
6.94827
6.14844
6.78838
6.16798
6.7909
6.77791
7.00421
7.11596
6.9989
6.81124
6.3384
7.3617
7.18941
6.88453
6.68247
6.79257
6.86834
7.0755
6.76937
6.66198
6.25234
6.2464
6.07198
6.39412
6.32633
7.58045
7.54465
7.93244
7.00096
8.18067
7.86852
7.48272
7.12753
6.91095
7.16356
6.17751
7.36032
6.8798
6.85326
6.74228
6.85787
7.10646
7.00992
6.56763
6.55958
6.30207
6.02489
6.71509
6.9572
6.71617
6.50544
5.84372
7.22047
6.46232
5.78185
5.31582
6.40305
5.95661
6.34269
6.48325
7.42969
6.64804
7.17673
6.82673
6.81818
6.9123
7.10749
7.16337
6.76758
7.67501
7.33326
6.56178
7.47546
6.82658
7.0564
7.33862
5.81549
6.22617
6.58123
6.31343
6.07055
6.60163
6.52508
5.94858
6.04972
5.79349
5.91159
6.40274
7.22366
7.05783
7.29151
7.41905
7.22207
8.53045
7.61592
8.46661
7.61797
8.01754
8.0928
8.44597
8.70845
8.84823
9.00343
8.82836
8.83773
8.17359
8.22105
8.04705
8.4926
8.13692
7.67712
8.10614
7.75894
8.49673
8.15835
8.03118
8.17651
9.22039
9.12132
9.52816
8.26162
8.83688
8.40497
7.94168
8.61048
8.26388
8.85764
7.63151
8.31033
8.46144
8.31851
8.66479
7.85719
8.33425
8.39643
8.41299
8.74572
8.14354
9.28755
9.50859
9.25719
9.37855
9.88941
9.47095
9.71287
9.20114
9.1533
9.22344
9.40691
9.71508
9.40296
9.49923
8.60079
8.53116
8.57467
8.94606
8.54158
8.3669
8.5301
8.36627
8.59877
8.72886
8.91794
9.37427
9.56205
9.30886
9.47339
9.28204
8.83958
9.59853
