37.7443
37.7748
37.9846
37.0288
39.1283
37.254
38.1564
37.1437
37.4258
38.6204
37.6699
37.9147
37.5055
38.1029
39.5842
39.3947
38.4295
39.2758
39.7247
39.3138
38.8468
38.5769
38.3607
39.2396
38.4835
38.7158
37.9289
38.8037
39.288
40.6816
39.9918
39.7179
38.5666
39.1465
38.2752
39.3833
40.7257
40.0905
40.2937
39.7854
40.9879
41.8741
42.5539
40.3077
41.284
40.4862
42.0726
40.6247
41.0931
40.8759
41.0124
42.1892
42.6645
40.8167
41.3323
41.0978
40.8512
40.6124
39.2578
41.2505
39.048
40.2307
40.9355
40.0239
40.3066
40.6126
40.6168
41.671
41.1213
40.9495
39.9076
40.3244
40.7969
40.447
40.9904
39.7746
41.0534
40.89
40.8976
40.8313
40.8965
39.6343
40.2694
40.4037
42.5273
41.0991
39.3847
39.8923
39.5511
39.9243
38.6435
40.3617
39.1361
39.2276
40.058
40.0977
41.2117
42.378
41.3479
41.5415
41.6785
42.0523
41.8048
40.4781
40.6447
42.095
42.4039
41.4329
42.2593
41.9051
40.711
42.2464
41.6902
42.1104
41.6966
41.6636
41.534
41.8613
40.8357
42.5306
41.124
41.0649
40.7989
42.2495
40.8108
40.3535
41.6358
39.584
40.4674
41.1788
41.2509
41.8913
40.9645
41.2231
41.2346
41.4606
42.51
42.4026
42.9011
43.313
42.0249
42.2311
42.7667
40.9932
41.7188
42.4798
41.506
42.0495
41.8868
40.7583
40.3681
41.7658
42.0113
41.4824
41.6954
41.6877
41.2616
41.5112
40.9539
41.9305
42.9982
43.5954
41.9579
42.7928
42.5502
42.6268
42.6727
43.3785
42.53
44.2078
43.2004
43.0209
43.6848
43.7355
43.7902
43.253
43.2239
43.0108
43.1317
44.2912
43.1338
42.4848
42.7687
42.6817
41.9559
41.646
43.1999
42.3762
44.3437
44.7738
44.0287
44.2809
43.8349
44.8787
43.1887
42.9332
44.0315
43.3108
42.9953
43.2338
42.3643
42.7756
44.7965
44.0219
44.9894
43.5474
43.0912
42.9008
43.8826
43.4388
42.6286
43.4429
45.1455
42.8251
42.3017
43.7197
43.5613
44.4086
44.1876
43.9997
45.2691
44.9619
44.1535
43.6362
42.8153
44.189
44.7636
45.287
44.5131
45.1825
45.2237
46.6383
46.0005
45.5898
46.4793
45.8231
46.0566
45.8788
45.0473
45.6715
