38.6902
39.8756
41.6338
42.7012
42.294
42.5359
42.0373
43.0085
44.1685
45.3295
44.509
42.5483
40.7719
40.4007
41.7092
42.0445
42.4056
43.1259
43.917
44.7196
43.6449
41.8132
40.0333
42.3625
42.4713
41.767
40.324
39.4931
37.566
38.6514
38.3909
39.2385
40.2808
41.2318
42.1948
42.0601
41.4652
41.8781
45.1046
42.8526
44.0007
44.3719
45.9595
43.3453
43.5767
43.3532
46.7453
41.8779
45.3219
45.3435
40.3514
42.7125
41.8254
41.7565
41.521
43.302
42.6039
39.9519
34.2058
34.5098
36.6033
35.2896
35.6341
39.1647
35.9132
39.2056
39.027
39.567
38.7088
37.5214
38.0913
38.7894
36.7943
37.9216
37.0651
39.2799
41.1928
42.8663
42.875
43.5645
43.6394
41.5909
42.3702
40.1016
41.5024
41.9024
41.0992
41.305
42.2351
39.4895
35.2858
38.4741
38.7644
39.5601
38.2325
39.9632
41.6927
45.0667
44.9567
42.2473
43.3091
43.542
42.7362
44.5236
41.4618
42.0164
43.4421
43.0758
41.33
42.7426
42.0441
42.3541
40.8509
41.6841
43.004
42.181
41.4114
41.9753
41.1214
43.2167
39.6049
42.7414
39.3573
41.1726
40.1693
41.4069
41.3368
42.0856
43.8814
45.7246
45.9217
47.0287
45.1201
44.8342
44.5084
44.1178
44.0873
45.3793
45.7856
45.7819
44.8557
44.9611
45.7429
45.0241
42.6226
45.0462
46.6163
46.4527
45.1047
44.9915
45.8478
44.2883
43.5145
44.2166
43.9264
43.4967
42.7057
43.2637
44.087
45.1309
46.2508
46.8859
47.0199
47.8591
46.3407
47.6794
47.7928
47.6958
46.6656
46.9225
46.9274
47.2292
46.6444
47.4573
47.7607
47.9533
47.1003
47.9395
48.688
49.2613
48.4665
48.7344
49.0954
49.3424
47.6478
48.8174
48.9066
49.2642
48.3169
49.1858
49.2542
50.7157
50.844
53.0424
53.2522
53.0334
51.9373
53.0028
53.1167
53.1934
52.9711
53.3535
53.3292
55.1297
55.3541
55.5422
54.8214
55.5274
55.2795
56.469
56.0428
56.5417
56.11
57.8831
56.4214
56.4459
55.6464
56.1119
55.4994
54.5792
53.5697
54.6676
55.1104
57.4513
56.1417
58.2538
59.4633
59.9775
58.8514
60.5668
60.396
60.0954
57.6786
59.6904
60.2454
61.4112
60.0383
59.7531
59.6367
59.9318
59.5233
59.5072
60.5974
61.3918
60.3037
60.0764
60.1182
59.0607
58.5344
57.1781
57.4535
56.3646
56.1358
56.7848
57.2247
58.5279
57.0195
59.2782
59.8809
60.1144
58.9357
59.6818
58.1436
58.6047
56.4275
59.1327
57.9704
59.2376
57.5669
58.9181
56.9165
56.9584
55.8113
56.9184
57.1463
56.0254
54.3989
55.9107
56.0583
54.9652
53.782
52.8803
53.1337
52.3389
51.3983
51.3766
52.4533
53.1306
52.1334
53.1993
54.2514
53.8617
53.4393
54.3813
52.4519
51.4549
50.0765
53.2901
50.5237
52.7147
48.8634
51.0033
49.6603
48.7012
47.4451
47.2891
49.2416
48.9237
47.9798
48.6681
48.6474
46.9785
46.34
44.0373
43.3136
41.999
36.6776
41.5657
42.8356
46.3002
46.4823
47.7281
46.4952
46.8641
45.8953
46.1214
46.6916
44.024
43.193
43.8141
44.9096
43.117
43.2083
44.0143
43.3288
41.453
40.003
41.6436
41.9959
42.9922
42.2919
42.3793
43.8961
43.1658
41.1153
40.9481
39.5878
37.7709
35.5956
38.9294
38.8494
42.7519
43.6758
45.3244
45.6813
43.922
42.4032
42.4049
43.2742
43.6622
41.4989
41.2551
42.4146
42.0307
42.5283
42.014
41.5967
40.7341
40.2695
40.6258
42.8026
42.5317
42.7767
42.1675
42.0176
40.9863
41.7266
40.7096
38.811
36.9457
32.5846
36.0141
38.6495
42.2776
42.9834
43.817
44.8275
45.4111
45.3706
45.7155
45.2024
43.4462
40.9881
40.4329
39.6293
41.6835
41.9648
42.132
42.8624
41.8023
40.7856
42.9462
42.2095
43.0188
41.5081
42.387
40.0282
41.7338
40.661
40.7215
39.0791
36.1206
33.1447
39.6071
40.0723
43.6312
43.955
45.4481
45.4715
46.3195
44.4735
45.6469
42.8483
43.9674
41.7007
43.5762
42.5439
43.4622
41.6772
43.1973
42.2406
42.5814
39.3369
41.6121
40.9058
42.3461
41.6747
42.9715
41.9383
42.7321
40.7836
38.5238
36.2007
35.826
33.5321
38.8913
39.7583
40.5633
41.3281
42.917
42.307
42.5312
42.0111
42.6473
41.9725
41.0825
39.3732
40.5065
40.6904
41.204
39.7385
40.2197
39.9982
38.9753
37.5051
38.9379
39.3563
39.3088
38.4495
38.3741
37.9732
36.9376
35.4308
37.6445
38.3823
37.7162
36.5066
37.2638
37.6287
38.3575
39.8604
41.0782
41.0094
41.7621
41.1373
41.6773
41.2208
40.6056
39.0777
40.5022
40.7432
41.3985
40.4326
41.9416
42.0417
40.9441
38.4303
39.9319
39.9759
40.9868
40.792
40.4025
39.8402
39.4359
37.9523
37.6601
34.7316
34.735
33.5973
34.5938
35.8136
35.6405
40.2328
42.6678
43.1629
43.4273
42.3194
42.8428
42.4843
41.543
39.5091
42.0009
42.4013
42.8886
41.5414
43.0729
43.544
42.5352
40.3817
41.6052
42.3482
43.5491
43.7382
43.3734
42.2854
41.1417
40.1482
40.0808
38.2206
37.3336
35.0933
37.2824
38.4415
38.4128
43.1531
44.1543
44.2259
44.1804
43.7189
44.1949
43.372
42.86
41.2637
42.3661
42.7918
43.0517
42.3648
42.9515
42.5196
42.25
40.7615
42.0275
42.5517
42.4803
42.4252
42.4265
41.9503
41.542
40.8537
40.0095
36.9904
35.9288
33.6178
35.1759
36.5546
36.462
40.5218
41.9827
42.3748
42.9503
42.0744
42.1769
41.6085
41.1596
39.4649
41.2395
41.215
42.0008
41.504
41.2867
40.9091
40.0584
38.7797
39.9172
40.2796
40.9249
40.6087
41.9284
42.0867
41.9726
