31.3391
32.246
32.3442
32.0014
32.2853
32.4986
30.5164
28.4134
28.8251
28.581
27.9472
28.7679
29.8763
27.8784
27.5168
27.7554
27.5508
26.115
27.1992
25.0429
24.9671
24.484
25.14
24.9018
23.2166
24.1461
22.6468
22.6794
23.8899
22.9283
21.8897
21.365
21.7409
20.8937
22.4897
22.6191
21.8123
21.2646
21.7774
20.9009
20.9443
21.8164
21.8356
22.0803
21.9999
20.9539
21.9232
23.0256
21.1879
22.9074
21.9576
22.2794
21.8821
22.3121
22.5169
23.5316
23.4361
22.3947
24.5045
25.4049
27.4677
27.7918
26.019
26.5075
26.9894
26.1464
26.8268
26.8456
27.5127
27.8064
28.606
28.906
31.5316
27.6846
28.5837
29.3112
29.2849
28.4219
28.0356
29.0204
27.9252
28.4956
28.8419
28.5211
31.1082
28.917
29.0363
29.1206
28.7774
28.5551
28.8761
27.3372
28.0967
27.803
27.9135
27.1176
28.5099
26.2855
26.255
26.1371
26.1303
24.5539
24.2346
25.3481
24.5169
24.8386
24.3703
23.4321
24.0977
24.333
23.1809
23.8951
23.3163
24.1603
23.8755
23.1172
23.138
23.3782
22.9017
22.709
24.7951
22.2259
23.3596
22.8143
22.6973
22.4137
23.1447
23.4251
23.5651
23.25
22.8663
23.6846
25.7581
22.7839
22.3556
22.5331
22.1883
22.662
22.1542
21.8825
21.3619
21.8406
21.6949
22.7934
25.7665
23.1524
23.1263
24.201
23.9907
23.4502
24.0751
23.9711
22.9832
24.3326
24.0393
23.6342
24.4566
24.1923
23.8816
23.2314
23.4392
24.6306
23.9266
24.3214
24.066
25.2952
24.5878
25.6903
26.3685
24.7003
24.1224
25.3165
25.7011
25.3107
25.4627
25.1409
23.9364
24.9026
25.1686
27.3852
29.9852
25.8155
26.3672
27.2328
25.5834
26.0586
26.5505
27.0572
26.4525
27.1515
28.5794
28.805
29.8152
28.7848
28.6917
28.2781
27.4964
28.3177
27.6606
27.7406
27.8934
28.6095
27.9585
28.8171
32.9753
27.8858
27.6747
28.5402
27.6655
28.5972
28.663
28.2975
28.1537
28.162
28.2131
28.3506
33.3582
29.8081
27.5253
30.3251
28.0654
29.0025
30.4353
28.629
29.4228
31.1694
29.3288
30.281
33.8531
27.8772
27.9874
30.4425
29.2883
29.4878
29.1501
27.6889
27.8724
30.2689
29.1071
31.7972
34.767
31.0418
30.4063
30.7117
28.8024
30.3476
31.048
30.4395
30.046
31.431
