13.6514
13.0673
12.6993
12.5261
12.1242
12.2477
12.2259
11.4522
12.2159
12.1808
11.7838
11.3053
12.229
11.8254
12.2874
11.4684
11.488
11.901
10.1159
11.181
10.5793
9.83762
10.4624
11.1511
10.8511
11.5664
10.9276
11.0759
11.3876
12.3829
11.6249
11.4217
11.8959
11.0604
11.5972
11.6535
12.1603
12.4711
11.9282
11.96
11.7866
11.5359
12.645
11.4956
11.3644
10.8449
10.0977
10.587
10.7227
10.4885
10.8476
10.7613
10.1929
10.27
10.8421
8.86256
9.16083
9.42465
9.37551
8.66625
8.28069
8.96395
8.21059
7.57967
8.19252
8.34582
7.98115
9.02036
8.8985
8.81618
8.58406
8.91365
8.16785
8.68119
8.17783
7.95631
7.52187
7.65512
7.16477
8.24209
6.68715
7.45941
7.9411
7.00503
6.80258
6.37935
6.78371
6.55633
6.75016
6.76029
5.89126
7.06804
6.51604
6.24852
5.62501
6.29491
6.10797
7.07013
7.68055
7.37562
6.71223
6.90182
8.65666
7.52122
8.44298
8.98334
9.67979
9.35321
9.29986
10.5044
11.3694
11.7038
11.7345
12.5024
12.083
12.8438
12.6517
13.3691
14.5533
15.0927
15.4947
17.0197
16.9304
18.2462
17.8482
19.801
19.7244
20.22
20.7666
22.4004
21.4498
22.2769
23.1821
23.5727
24.2322
25.5945
26.6617
27.0516
27.93
29.2932
29.6941
30.345
31.2175
31.5441
31.8259
33.9443
33.6539
34.5699
34.0445
35.7044
35.3631
36.605
37.112
37.6388
37.5414
37.5556
38.7143
38.7329
39.6382
39.1165
39.4099
40.0107
40.601
39.784
40.6769
41.2318
41.2031
39.4298
41.1268
41.0986
41.7018
41.3521
41.8699
41.58
41.9206
42.6428
40.9184
41.9331
41.776
42.9821
41.9156
42.1518
42.3479
42.7965
42.4013
42.7928
43.3738
42.4571
41.9148
43.5293
42.7024
42.8296
42.7938
41.7204
41.8047
41.8349
40.2097
39.6546
40.0857
39.7595
39.8233
39.3259
38.3165
38.8548
37.1239
37.6193
36.8373
36.5947
35.0142
35.6105
35.6306
34.036
33.8854
32.8586
32.3251
31.8268
31.0249
30.704
29.7985
29.5213
28.4496
27.829
27.5285
26.7384
26.9466
25.2312
25.1448
23.4581
21.7249
21.741
21.4957
20.5139
19.049
19.8482
18.3548
18.3842
17.0278
16.7203
15.8814
15.4224
14.3307
14.2026
13.944
12.427
12.533
11.903
10.7015
9.63197
10.1608
9.3505
8.27815
8.38963
7.52239
7.91857
7.65162
7.24277
7.04295
7.1546
6.93225
6.9034
8.05311
6.73725
8.00107
7.6611
7.48866
7.81138
7.55445
7.38015
7.85238
7.202
7.55884
8.19543
8.03076
8.59082
7.98841
7.84308
7.98353
8.65453
8.16657
8.75148
9.01451
9.20131
9.18948
8.78282
8.83685
10.5991
10.0914
10.5174
10.9379
10.7708
11.485
11.7075
10.9479
10.7188
11.3967
11.1928
11.4557
11.4998
11.8631
12.3989
12.5043
12.1385
13.1787
12.5954
12.3266
13.0684
12.2137
12.5389
12.7192
12.3515
12.7292
12.307
12.6523
12.7683
12.6714
12.3725
11.8658
12.2737
12.104
12.2018
11.5632
11.4972
11.3329
11.5117
10.2693
10.3482
10.7858
10.39
11.184
11.1067
10.4046
10.3404
10.371
10.5977
9.93912
9.64464
8.79996
9.09144
9.51222
8.89819
9.68385
9.58607
9.31177
8.98746
8.53376
8.29885
8.60058
8.74779
9.77971
8.66642
8.46792
8.7391
9.0261
8.47454
8.4769
8.64095
9.26559
9.59691
9.5536
10.889
10.5345
11.4375
11.7869
12.4498
11.736
13.9409
13.5392
14.4495
14.9814
15.3426
15.9715
17.3141
18.35
18.7837
19.193
19.8423
20.2018
20.2837
20.5907
22.2875
22.2647
21.5767
23.3152
23.6922
24.252
25.3582
25.3521
26.6065
25.917
27.1377
28.0188
28.7899
28.9768
30.2106
31.4684
30.7274
31.6262
31.6984
31.2083
33.482
33.6606
34.6812
34.2016
35.7304
35.9364
36.5696
36.8958
37.6098
38.4042
38.4902
38.8818
39.6622
39.4544
40.0573
39.3544
40.2085
39.8357
40.1989
40.4197
40.8757
40.3806
42.4627
42.04
41.5087
41.5028
41.4555
42.4934
43.2464
42.8698
41.8099
42.4533
42.2981
43.3948
42.8727
42.5753
42.8002
42.6133
41.7278
41.9146
40.979
40.8229
42.0597
41.7223
41.4958
40.484
40.3492
39.8218
39.5919
39.3898
39.0561
38.3429
39.0473
38.7034
37.7511
37.1243
37.3498
36.8683
36.2156
35.7174
35.9192
34.3375
33.3022
32.7838
32.8448
32.6263
31.0604
30.6118
31.1472
30.1419
29.9442
27.8027
27.4457
27.1686
26.458
26.7919
25.7763
25.7421
25.1983
23.9771
25.1817
22.6512
23.0392
22.2168
21.9724
20.4149
20.2326
19.3913
18.3502
17.7215
16.32
16.0008
16.6594
15.7891
16.1648
15.2278
14.364
13.6426
12.6116
11.8088
12.4943
