30.4072
30.4072
30.4072
30.8368
30.3626
30.3981
30.9269
30.0307
29.7065
30.8644
31.3061
31.4796
31.7721
31.6117
31.1491
30.6801
30.3424
30.6641
30.3851
29.4391
29.1181
29.9549
30.8802
29.4007
29.7065
28.6261
28.4475
28.5364
28.4893
28.7131
29.2415
28.5655
28.6931
27.6429
27.7368
27.9747
27.347
27.9134
27.9771
29.7832
29.2204
29.7965
30.4212
30.0754
30.2951
30.0751
30.5471
30.525
31.0974
30.2286
28.39
29.4269
29.9342
30.1647
29.1737
29.1603
29.7461
30.3303
30.3488
30.1881
29.5368
29.9538
29.1789
29.7392
29.3588
29.801
29.0566
28.5958
28.4291
28.6976
28.6086
28.7119
27.5486
26.9489
27.6617
27.6537
27.3056
27.3284
27.5151
27.685
27.675
28.8437
28.1868
27.663
28.3761
28.7848
29.8566
29.4994
30.3704
29.8279
30.0411
30.6659
30.377
29.6102
29.9901
31.4489
30.8463
30.8651
31.5691
30.8202
29.7638
30.8934
30.1961
29.967
29.9403
29.1927
29.4024
30.3273
30.6419
30.6413
30.6519
30.2793
29.9299
30.1018
30.3613
30.4831
31.5096
31.7372
31.6918
31.3093
30.7194
32.0979
32.5967
31.6313
31.8218
30.6731
30.7746
31.5319
31.4829
30.8109
30.9588
31.7402
31.5135
32.5815
32.5881
31.7624
29.7697
30.4789
30.596
29.7101
29.6415
29.2472
28.7711
27.6631
28.1695
28.6632
28.2905
27.933
27.9242
28.869
28.842
29.1223
28.7429
29.5257
30.0005
29.6763
29.1279
29.0979
28.9864
27.8929
28.6573
28.3756
27.1883
27.8241
26.6632
25.9791
25.8874
26.9366
27.147
26.7786
27.1506
26.8218
25.9394
25.4154
25.345
25.3731
24.6586
25.6227
26.2094
26.3005
27.0569
26.2568
27.2984
27.4272
26.8803
26.7948
27.2268
26.8617
27.1914
27.7463
26.6048
26.2808
24.3185
25.0726
24.7812
23.9969
23.9625
23.6372
23.9781
23.6397
22.728
24.3147
25.0929
25.4382
24.6599
24.829
26.6554
25.9535
25.9172
26.3673
25.5749
25.7256
25.985
25.8513
25.5794
25.6372
26.2699
26.9319
27.0618
28.5404
29.5534
29.7098
30.3067
31.119
30.1027
30.5971
30.2531
30.3033
30.838
31.2185
29.6922
31.2978
32.4784
31.2635
31.8374
32.9735
31.4109
32.0643
31.4881
32.3204
31.8933
31.4716
32.5299
33.0567
31.9283
32.0076
32.3698
32.2705
31.7638
30.7773
31.4951
31.7257
32.5281
31.892
32.8992
32.7541
32.1068
32.0662
33.217
33.5624
33.2844
31.257
32.9355
33.4939
31.0973
31.682
31.9158
31.9792
32.1239
31.8854
31.7675
31.684
31.0645
31.4179
32.3017
31.7405
31.7761
31.851
31.8754
31.5017
32.7442
32.1494
31.4698
32.0695
31.4637
31.0025
32.4787
31.8488
31.1074
32.1455
32.779
32.2725
31.548
32.0608
32.7781
32.0158
31.5296
31.9674
31.3945
30.2292
30.9812
29.6923
29.5986
30.76
30.5573
30.4435
30.1681
30.5772
29.9029
30.8593
30.3994
30.031
31.1582
31.5884
31.7072
30.2673
31.0844
31.8004
32.2727
30.7889
32.2117
31.7433
32.1188
31.6077
31.435
31.0886
31.1709
32.4362
32.6999
32.3484
32.5753
33.3816
31.5486
31.7652
32.8687
31.9695
32.0301
31.1931
31.7958
30.9094
31.5254
32.6364
32.7892
32.1507
32.4399
32.1195
32.4112
31.7818
32.0296
31.5399
31.7143
32.1343
32.8684
31.5994
32.0136
33.7199
34.1337
32.7165
32.603
32.4259
34.0161
33.4537
32.1924
33.2662
33.2178
33.058
32.5525
32.6351
31.4267
31.1008
32.6914
32.3743
32.2732
32.5182
32.1443
31.7793
31.7355
31.4638
31.4146
31.9366
31.3386
31.6988
32.2844
31.2183
31.6976
31.8937
32.4802
32.5872
33.1164
33.5684
32.3678
32.0997
32.988
33.1027
32.4693
33.6784
33.5238
32.5358
33.9602
34.8742
34.3736
34.3571
33.3297
33.754
34.4849
34.454
34.3524
33.9997
34.4537
33.7136
33.539
33.716
33.3871
34.3222
33.3637
33.0376
33.9285
34.1046
32.4772
32.0373
32.961
32.6319
32.7001
33.4694
33.38
33.5748
32.2345
31.8207
31.9458
32.5831
32.0605
31.8062
31.7819
32.518
32.0804
32.32
33.547
32.965
33.124
33.291
32.3058
32.3711
33.4088
33.499
32.1662
32.7068
32.7738
32.3589
32.8271
32.5168
32.0833
31.7093
31.5504
32.1538
32.217
32.5502
31.7809
31.516
30.4691
29.9021
29.9849
30.292
30.5337
30.4923
30.5818
30.494
29.5352
30.7382
31.0333
30.3472
30.1944
30.8252
31.055
30.6607
31.229
30.7395
31.2773
31.7407
32.0589
32.4285
32.8174
33.487
34.055
34.6242
33.4473
33.6486
32.8789
34.181
32.962
33.7243
33.8234
33.1242
32.2995
32.9862
32.8624
32.8485
31.6064
31.7027
32.2197
32.3345
