51.081
51.1357
50.7665
49.7682
49.7417
49.6159
50.013
51.5256
51.7213
51.9491
51.1595
50.6262
51.2176
51.9213
51.7029
52.236
53.0491
51.9473
51.9707
51.4714
51.5464
50.3017
50.9459
49.8651
50.2653
49.59
48.6895
47.8063
46.5455
45.3713
44.3303
45.6338
43.2877
44.7451
45.0096
46.3154
46.704
47.1578
48.9635
47.2397
48.2773
48.2302
48.8474
48.9639
48.7769
47.981
46.9391
47.912
48.6749
48.5869
49.6895
49.7201
49.9793
48.7711
48.445
47.5062
47.1802
47.1698
47.2254
46.6206
45.8099
44.9959
45.5248
45.5254
45.5997
44.843
43.0412
42.5608
41.5761
41.0744
41.1052
41.9832
40.924
41.6905
42.675
41.805
41.5796
42.8258
44.2593
42.5625
42.2749
42.7828
45.1085
45.0244
45.3279
45.1491
45.9179
46.2246
45.0764
45.979
45.5206
45.6316
44.5197
45.1599
45.9407
45.1588
45.6106
47.1745
47.3218
48.4927
49.617
48.433
48.3853
48.6163
49.3826
49.1226
49.7462
50.7396
50.4204
51.4746
51.8006
51.0359
50.2483
50.0438
48.3186
48.1792
47.186
46.3653
46.0216
45.9076
46.4469
45.2504
45.2269
46.8289
48.4333
48.9694
48.9205
48.7534
49.0729
50.0802
50.21
49.6507
49.9871
50.0388
49.6067
50.4811
50.536
49.2481
48.7953
48.3795
48.0615
47.9644
47.1176
46.384
45.4043
44.9086
43.7727
42.1741
42.8591
42.2003
41.1193
40.6309
41.6946
40.2455
39.9432
39.7876
42.2532
42.2613
40.9537
41.4411
42.0313
40.5569
41.3949
40.7521
40.0469
39.9276
41.5651
41.6745
41.4951
41.5452
41.4204
41.9055
41.5481
43.0588
42.9303
42.991
43.2333
41.8832
44.3072
43.7717
43.8042
42.2753
42.6034
41.897
41.9299
40.4401
41.6781
40.946
40.8555
41.7105
43.3316
41.3567
40.2981
40.5975
40.2707
39.2185
38.6482
39.1265
39.4286
39.1781
38.3634
38.9956
39.4724
40.4566
40.7666
41.3013
41.3857
41.7296
42.1843
43.7662
45.0278
45.3807
45.2456
47.0752
47.3493
47.0705
47.7569
47.5107
47.4109
47.7385
48.1067
49.1765
49.8748
50.3097
49.7981
50.7633
50.3184
50.8365
51.0093
52.2809
51.6173
51.4647
52.4097
51.0444
51.2611
51.3645
50.4045
49.6404
49.7577
49.7043
50.5359
50.1122
48.3435
48.7205
48.6232
49.8234
50.0038
50.1831
50.4111
50.2417
49.7895
49.2954
49.9136
51.2903
50.2389
49.7817
50.1101
50.6073
50.2913
50.3444
50.5093
51.0157
50.8195
51.8953
51.0894
50.3917
51.3466
50.52
50.9517
51.315
51.2852
52.8248
51.8899
51.8686
52.7266
51.9622
50.2931
50.3686
48.1167
47.8537
48.396
47.9317
48.0851
46.6725
46.3787
45.4041
43.9929
42.3409
41.8382
42.7909
41.8171
39.5072
38.446
39.8657
39.5951
40.2562
41.9473
42.1452
42.3015
43.3963
42.9376
41.1538
43.1328
42.0796
41.939
41.5429
40.5367
40.8242
41.2073
41.3531
41.6177
41.619
41.6351
42.7442
43.2061
42.0295
43.2454
43.6428
42.9116
44.7579
45.1183
44.4713
44.8867
45.4172
44.8733
44.8461
44.8129
45.9509
44.84
44.4119
44.2081
43.6169
43.1622
43.4013
42.3938
41.1855
39.6612
38.9163
38.2832
36.0605
35.2947
34.6243
33.0767
34.7123
32.7225
31.3847
32.1428
31.0478
28.9984
27.2713
28.2918
27.7184
27.5426
28.8203
28.8617
29.6675
30.4981
31.526
32.747
32.5875
32.752
32.7132
33.6824
34.6373
36.1152
36.7943
38.4413
39.4591
39.4243
38.25
37.5517
37.0545
36.4314
36.045
34.465
36.1389
33.8819
34.0257
33.4908
32.961
33.3638
34.0798
33.9359
34.359
32.2925
31.4681
31.001
29.51
31.4246
31.6343
30.3143
31.3248
31.8187
30.781
31.9053
32.7576
30.9459
31.0593
30.2404
30.6669
30.4171
30.4683
29.9054
29.5813
29.9445
30.7762
31.6514
31.2497
32.1158
33.6083
34.1007
33.395
34.2521
34.0117
34.3774
35.2139
34.5286
35.7509
34.6215
33.7767
36.0184
34.9705
36.5687
36.142
36.3716
34.9613
34.7075
34.874
34.3272
34.7095
34.4519
36.2255
33.9169
34.279
34.9648
35.4734
35.0173
35.6055
35.3011
34.3955
35.2529
35.512
34.2147
34.4726
33.0751
33.8508
34.1147
33.7549
34.4138
34.5499
34.2328
37.1121
36.6495
37.4707
37.2433
37.8042
37.6383
37.1096
37.3092
38.4711
37.8482
37.1974
37.2892
36.1594
37.1963
38.1467
38.786
37.4391
38.3556
38.4225
39.3786
39.6194
41.0397
40.1609
41.5484
40.8668
40.8169
40.977
40.5879
41.6665
42.1681
43.315
42.7925
43.0918
43.5214
42.8406
42.3479
42.3348
41.7826
43.3185
43.0588
43.0456
43.8446
43.5523
42.8374
43.0067
42.5667
43.0064
43.5644
42.3214
