39.6008
39.2309
40.195
40.0049
41.0512
40.6138
40.3641
39.1093
39.2796
40.9159
42.1508
41.9698
40.9793
40.2631
40.0685
39.9895
38.6948
39.8516
40.1657
40.3281
40.1553
40.1166
40.0438
39.892
39.5122
39.8291
40.1744
40.2656
40.0694
40.87
41.9312
43.01
42.5299
41.3908
40.2156
40.755
39.8417
40.4152
40.251
41.1521
42.1999
41.5753
42.1225
41.3183
40.3105
41.6805
41.8025
42.0066
41.5795
42.4013
42.5734
42.7677
41.7109
41.9168
42.0302
41.8433
40.6755
41.9792
41.7505
41.9059
41.3306
41.864
41.5621
41.3547
40.2198
40.9308
40.8325
40.8209
40.3536
41.5118
41.1913
40.5691
40.6334
41.2441
41.6901
41.3277
40.2855
40.3782
39.4097
39.5883
38.265
39.2574
39.3262
40.0531
38.8633
41.7634
41.4809
41.5423
39.1075
40.6873
40.8384
40.8981
40.6454
41.4595
40.7994
41.8279
38.594
40.0079
40.2552
41.6679
42.8887
45.1091
45.2349
45.6331
44.6003
45.7156
45.0492
45.4141
44.9318
44.3486
42.9603
43.0166
42.9532
43.9048
43.8677
43.6084
43.2502
43.3814
43.9073
44.0327
44.4984
45.1974
43.9107
44.2584
43.4535
43.2216
43.1425
43.2892
42.2356
42.6489
42.5938
42.7628
42.2125
42.4296
42.6105
42.4845
41.4121
41.8573
42.5133
43.8731
46.1681
44.4321
44.5259
43.8551
43.6427
43.9535
42.9612
43.2757
42.4586
43.5811
44.5043
43.8177
42.3501
42.2302
41.3626
41.679
40.6413
41.9036
42.4749
42.233
42.7878
42.8327
42.2726
42.2216
41.9738
42.467
42.7658
44.111
43.3832
43.6977
44.2456
43.0351
42.3484
43.0522
43.0219
42.3218
41.9069
42.6415
42.5153
43.2798
43.9197
44.1268
43.9762
51.7618
57.6092
53.828
52.2947
46.4521
43.2107
43.5995
43.4657
43.9488
43.8969
43.1508
42.5132
44.6966
45.2031
44.6465
44.4475
44.6606
44.035
44.7781
44.7268
44.6255
43.1613
43.256
42.7427
42.4441
42.1447
42.1642
42.4325
41.8429
42.0221
41.7862
41.8838
42.3978
41.8807
43.9524
43.3674
43.2861
42.1282
42.631
42.4559
42.1074
40.0571
40.483
40.2832
40.5475
39.7086
41.0232
40.1263
40.1039
39.305
39.8264
39.8353
40.1273
39.2892
39.7056
39.3433
39.3182
