30.6999
31.9364
32.8841
32.37
30.7709
31.8456
33.0037
32.1083
30.9519
31.2619
31.1178
31.2945
31.1247
29.9645
28.6393
26.3407
25.1669
24.8196
24.1319
22.7414
22.8934
22.0643
20.7211
20.306
20.0229
21.0119
22.0358
22.2103
24.8627
24.0038
27.0103
25.1619
26.7575
25.8824
25.4635
25.6762
26.3646
26.3781
26.6304
25.5221
23.7895
23.3135
23.5607
22.6228
21.8099
21.2099
20.8325
19.9614
19.0476
19.1612
20.5558
19.8333
20.2992
21.0922
22.1952
21.2278
20.8461
22.2887
21.4548
21.7665
21.097
20.9719
21.7357
21.8918
22.0029
20.4612
21.0932
19.7526
20.4981
19.1563
18.5128
18.0117
17.1076
17.4789
17.1598
17.9843
19.5925
19.4547
19.9481
19.8991
19.3875
20.2633
21.6158
21.6442
22.3872
23.9454
24.5053
25.4089
27.2352
29.2717
30.9654
32.7947
34.0804
33.7693
32.4197
31.5415
31.7915
32.0684
31.4214
30.6788
31.3025
31.0406
30.565
31.0113
31.5757
31.0761
31.4378
30.3234
28.9417
28.9571
29.0422
27.2597
28.1253
28.5193
27.7695
25.9508
24.293
23.5458
22.3336
20.7548
19.2889
19.9557
20.5422
20.7445
21.3463
23.4212
25.5668
28.4914
30.9192
30.2096
30.7421
29.7811
30.5649
29.6682
29.5973
29.4409
30.652
31.4235
30.9068
29.2791
30.3622
30.2971
30.9773
30.612
31.7748
31.3647
32.663
33.5199
34.8182
35.211
35.0758
34.4279
33.3783
34.254
36.3004
35.6259
36.8758
35.2616
36.0585
35.6996
35.3601
35.8611
35.8493
35.8034
36.3681
35.4396
35.4921
34.2617
34.4339
34.3144
34.0274
33.1652
33.3723
33.1259
32.5779
31.7498
32.7677
32.6851
33.1455
33.6008
32.7189
33.1342
32.985
32.3438
31.2731
31.8019
31.3668
32.1869
31.8553
33.3176
33.3284
34.7454
32.3066
34.5125
35.6159
34.3687
37.0017
34.5404
34.2414
36.2183
33.9145
34.8574
37.1442
36.4491
36.6762
36.1976
37.6985
39.1598
36.6535
38.447
39.1871
38.9342
38.8961
39.2446
40.4129
38.496
38.7305
40.0983
40.0751
40.6451
40.3317
40.0304
39.4028
40.4751
39.7019
41.0836
41.068
40.9504
40.866
40.6621
40.4351
40.7248
40.134
40.3039
40.4588
40.2874
40.966
41.2175
40.3037
40.4887
40.4251
41.6749
41.6656
41.5539
41.5018
41.7903
41.1783
42.0273
41.3949
42.2768
42.3426
42.2645
41.2296
42.1606
42.4659
42.9935
41.8021
42.897
42.6568
44.1828
42.9542
43.7821
43.0335
43.9159
42.8321
44.0839
43.7526
44.3456
44.2988
44.315
45.202
43.7116
44.7738
45.4768
44.6214
45.8952
45.6662
44.9922
45.1678
46.3077
44.0554
45.4062
45.4612
45.5101
43.7119
45.3671
47.1232
47.5809
45.9999
45.3635
46.3044
46.8391
46.7938
46.9615
45.7726
45.8447
45.8497
46.0975
45.9822
45.6275
44.8262
45.7894
45.0916
44.8938
44.3311
43.9951
44.1851
43.9954
43.7637
43.5073
43.0168
43.1608
42.7219
42.4386
42.4489
42.6226
42.8389
44.5507
44.399
43.936
43.9399
45.036
44.6529
45.2061
44.7063
44.5198
44.4073
44.9131
44.0678
44.8767
44.1425
44.844
44.5881
44.3735
45.0691
45.2744
45.1813
45.571
46.5569
46.2199
46.8402
45.8542
46.008
46.4402
46.6266
46.786
47.232
47.9556
48.4091
48.6352
47.8498
48.8858
47.0318
47.6764
47.0865
47.0021
45.8439
46.0706
46.3261
46.2444
46.0895
46.5265
46.6512
47.5971
46.7785
47.8427
47.111
47.3397
46.0996
47.3646
46.9124
48.0053
47.5364
47.7988
48.4878
48.4405
47.7182
48.5734
47.6058
47.8243
46.26
48.3498
47.5271
47.4546
46.0538
46.877
48.0195
48.1019
47.8134
49.2781
47.8728
47.8813
45.9152
47.0747
47.1417
47.6272
46.1451
47.8245
46.3996
45.8918
44.645
46.4466
45.3927
46.1705
44.2639
45.291
44.7941
45.2659
44.0679
45.047
45.8641
46.1097
45.8445
46.7041
46.2513
46.1861
44.9176
45.8813
46.9949
47.2011
46.3489
46.4033
44.7774
44.7519
43.3604
44.0466
44.5795
45.4011
43.7379
44.8216
43.9586
44.8311
43.2917
44.5188
44.2226
45.5542
45.0176
46.3283
45.7788
46.5099
45.2922
47.0404
47.0957
46.962
46.5085
46.2344
47.4693
46.8062
45.2943
47.7758
46.578
48.7008
48.4041
48.5395
48.6897
47.9932
45.8374
47.5677
47.2098
46.6591
45.9172
45.8481
46.329
45.1568
45.0233
44.8893
45.0047
45.7361
44.4479
45.3556
45.2996
45.4771
43.9677
45.9082
46.3205
45.5155
45.2793
45.3935
45.3923
44.9575
43.4468
45.6194
45.9158
44.9708
43.5608
44.9521
42.9474
43.7689
41.2795
43.8752
43.852
44.0034
42.637
44.3782
44.966
44.8881
43.1913
44.9888
44.3538
43.5063
43.1804
43.9357
42.7601
42.6038
40.8634
42.3909
41.8729
42.5876
40.8848
41.7962
41.1983
41.6893
40.2008
41.6963
40.6472
41.3518
39.5298
40.4997
39.4735
40.0983
36.7701
39.2093
37.7091
37.5745
36.4887
38.2569
35.7602
36.7215
34.2025
35.7014
35.3468
35.4452
34.8904
34.9338
34.2873
34.8506
34.1602
34.2906
34.4451
34.6359
33.9618
34.2016
34.4394
34.7352
34.769
35.22
35.3932
35.2194
34.6161
35.0713
35.1423
35.269
31.8614
34.9305
34.4748
35.0578
33.8445
34.2729
35.4568
35.1018
33.9942
34.8832
33.636
34.4143
34.3241
35.0122
35.1902
35.2742
33.2666
34.9903
34.5267
34.0038
32.3964
33.5721
32.6118
32.921
32.7136
32.8882
33.2649
32.9501
30.7222
33.1324
31.5901
33.0365
30.7878
34.0822
33.8911
32.6736
32.4304
33.2188
33.9136
34.0295
31.4112
34.6802
32.957
33.7817
32.2356
34.2012
34.008
34.6843
