44.3913
42.516
42.1656
41.7776
39.6751
38.622
38.0554
37.5581
35.6312
35.9228
33.0911
32.2517
31.3873
29.0003
28.8909
28.292
25.7819
24.9714
25.3893
23.3304
23.3266
20.6008
21.4292
20.4656
19.8143
20.0565
18.534
18.7929
19.3645
18.7915
16.9983
17.2782
18.0601
16.4366
16.1003
15.93
15.8347
16.3756
16.223
16.7354
17.1311
16.9183
16.4919
16.8592
17.032
18.6895
19.1995
18.9422
19.1117
20.783
22.3882
22.5753
24.75
25.2298
26.0488
26.2699
28.8754
28.6695
30.0382
30.7805
32.5099
33.2843
34.4311
36.5591
37.529
38.2055
39.8925
40.8331
41.3738
42.1149
44.0271
44.2749
45.4813
45.9191
48.239
48.4386
48.4944
50.0619
50.4622
51.3287
51.7196
52.077
53.1057
52.7849
54.2678
53.7176
54.7851
54.3519
55.4353
54.8483
54.9827
54.9616
55.7235
55.8791
56.71
56.4643
56.0031
57.1842
57.1085
57.3468
57.0675
57.6198
58.2191
57.6595
58.3725
58.3468
58.7694
58.7949
58.96
58.79
59.255
57.8243
57.8063
59.2271
58.3699
58.4945
58.202
58.9277
57.5181
57.7312
56.7072
57.7725
56.9954
56.451
56.9236
56.1698
56.5461
56.071
55.6395
54.77
53.7287
54.6215
52.6944
53.0014
52.8246
53.1751
53.6774
51.4614
51.3604
50.8208
50.0947
49.0042
48.4639
48.4028
48.0497
47.0659
46.0761
44.438
45.1877
45.085
43.4512
41.9186
41.4223
40.4684
39.7166
38.3827
37.4736
36.1019
35.646
34.9976
34.8348
34.2453
33.7589
33.9475
33.4988
32.7572
31.8948
32.0249
30.3443
29.8536
30.2631
28.3227
27.5678
26.9689
26.2826
26.4946
25.9079
24.1102
24.4958
23.4104
23.3157
22.2161
22.4588
21.4214
20.4359
19.4717
21.2242
20.9005
21.4001
21.3035
22.2266
23.0358
22.832
22.6718
23.4208
23.9872
23.4621
24.0673
23.6632
25.2659
25.5137
25.4929
26.7897
27.3772
28.0644
28.3582
29.476
29.9079
31.4472
31.319
32.6596
33.4824
35.1932
36.0786
36.5324
37.2374
39.0352
40.6864
40.3602
42.2022
42.8078
43.517
44.3524
44.2452
45.3701
46.654
47.2673
48.184
49.7139
49.6472
50.9671
49.6407
52.5037
51.1059
53.4399
53.7675
53.5352
53.0647
53.5161
55.0432
55.5092
56.3179
56.7101
56.1184
56.9908
56.5119
56.7701
57.0448
57.3471
58.9119
58.8862
58.3238
59.0846
60.0799
59.1498
59.3068
58.4817
59.9222
57.9023
58.6749
58.7191
59.7506
59.0364
59.9829
59.3334
60.3391
59.1534
59.4999
59.3186
58.9001
59.0374
59.2477
58.9607
57.9235
57.9948
57.9401
57.6179
56.6499
56.6646
56.9593
55.2458
55.798
55.3136
55.8007
53.989
53.6819
53.6716
53.4399
53.5877
52.7369
52.3102
50.521
51.4672
49.2183
49.2659
48.7091
48.2892
46.5239
45.716
45.1137
