47.8807
47.6626
47.0583
46.5331
47.3279
46.5944
46.1047
46.334
46.1747
46.4018
46.7625
46.1116
47.1869
47.0339
47.3224
47.1208
48.1077
47.2015
47.2368
47.0305
45.8309
46.1765
46.9302
47.7673
46.5253
47.7311
47.7582
45.884
46.121
46.0272
45.5306
46.0486
46.2789
45.5364
45.155
45.8412
45.1971
45.1101
44.1229
44.8346
44.9822
44.2522
44.7932
44.539
45.3707
44.5874
44.4778
43.6155
43.5934
42.5753
42.6886
42.2941
42.609
41.4055
42.1274
42.8123
42.9279
42.2169
41.908
42.1282
40.4351
39.6718
40.9206
40.9973
40.3738
40.7462
41.7832
40.4314
39.96
40.9302
40.4405
39.3655
39.4719
39.6947
39.4035
40.636
40.6344
39.1886
38.5182
37.9154
37.4928
38.2718
37.4688
37.0006
37.8641
38.3924
38.539
38.4083
37.544
36.8052
36.9349
36.4634
35.7157
36.1681
35.2192
34.3908
34.3262
35.3741
35.2821
34.9555
34.948
35.5605
35.1299
34.0978
33.8157
32.9652
32.9552
34.2246
32.7774
32.7772
32.7416
33.6975
34.0046
33.1061
32.7078
30.5329
31.2955
31.6283
31.024
31.3753
29.9201
30.1912
29.1331
30.5544
30.5301
30.6756
30.3415
30.172
29.5746
29.4464
30.7777
30.2459
29.6195
28.9812
28.6802
29.0355
29.1543
28.7557
28.5408
29.1428
30.5039
29.1556
28.8902
29.4733
28.8275
30.1074
29.3646
29.1794
29.7017
28.5523
29.3582
29.4431
29.2659
28.596
28.6168
29.1131
28.1704
27.4738
28.5574
28.4475
28.1636
29.9676
28.8041
28.1413
30.2071
30.3109
30.3369
31.2399
29.2762
28.7822
28.4269
29.4973
28.8884
29.4723
28.6543
28.8224
29.7913
29.9312
28.7606
29.5524
29.5813
29.5559
29.5138
29.557
30.3311
29.4077
29.2267
29.2689
30.4012
28.8837
27.9569
28.5804
28.8783
29.0878
28.0614
27.8037
27.6602
28.0901
28.7187
29.0997
28.2379
28.915
28.1641
28.7439
27.6216
28.3647
27.5086
28.4576
27.6076
28.0244
26.2514
27.967
28.9221
29.1687
28.0571
28.584
27.7081
28.4357
28.4033
28.3457
28.9195
27.6893
28.6278
28.9729
28.8912
29.106
28.9476
29.0709
30.0173
29.6987
30.0492
29.516
29.3582
29.3966
29.3602
29.7511
29.9511
29.8198
30.5919
29.7236
29.7063
30.7208
30.2183
29.5411
30.3844
29.636
30.0009
29.8401
30.9755
30.4454
31.9751
31.1548
31.3657
32.2301
31.1385
33.1073
32.5168
32.1803
32.5527
32.4931
32.5463
32.4718
33.4201
33.2082
33.2424
31.4571
31.9741
33.0454
31.8102
31.7814
31.4085
31.1326
30.7354
32.6281
32.344
32.7398
33.4151
32.3817
31.9321
31.6163
31.2521
32.2953
31.1343
32.0608
33.0609
32.4221
31.6521
32.1117
31.517
32.1824
32.1663
31.6529
31.7234
31.6052
32.5294
31.3866
31.6705
31.612
31.9877
31.6961
