38.542
38.0965
38.748
39.012
38.9319
39.3299
38.9064
38.896
38.7121
37.7587
37.7205
37.3445
37.3187
36.2983
36.67
35.9612
35.2766
34.9495
35.0674
34.3545
34.3708
33.4987
33.4
32.4263
32.607
33.4693
35.1321
34.6349
36.6425
38.7747
38.7842
38.6456
37.3222
35.1777
35.1992
37.0712
37.1089
38.8966
37.2609
37.2595
36.8662
36.4786
36.2508
35.054
35.0411
33.7049
34.9876
33.9229
34.6906
34.4252
35.3836
36.2921
36.1046
36.1819
36.494
35.5798
36.3668
37.4175
35.9994
36.9364
37.0212
36.702
36.4625
38.3104
38.3224
37.7052
38.409
37.7504
37.5943
37.2418
36.4335
35.6889
37.0038
36.6153
35.5375
35.6244
36.0115
36.5924
35.0531
35.4985
35.1647
34.9182
34.8847
35.4905
36.0521
37.3162
38.7902
39.8575
40.6047
42.7546
44.2424
45.4819
44.3392
43.5031
44.051
44.0073
43.9966
43.5437
42.2229
42.4336
41.7801
41.3073
42.6425
43.1197
41.7091
40.8629
41.0699
40.9211
41.047
40.574
40.9819
41.2996
40.3362
40.8713
40.7089
40.4556
40.0263
38.7691
37.5017
37.0396
35.834
35.934
35.9785
36.4536
38.0614
38.6757
40.8528
42.5406
42.4928
43.0298
42.5052
42.1423
43.0165
44.1365
44.755
45.4754
46.2061
46.985
45.027
44.2967
43.2188
43.3485
43.922
45.2637
44.204
43.4141
46.0421
46.1079
47.3324
47.1257
46.3012
46.1895
46.516
45.4981
45.6568
46.1226
46.4015
46.0193
46.3899
46.1714
47.5311
46.1256
45.4683
45.6101
45.9638
47.5628
46.5776
44.6565
45.6103
44.2825
43.3785
43.0834
43.9375
43.6105
42.8553
43.5506
42.2178
41.4504
41.0991
42.4691
42.0147
42.3878
42.1359
41.4922
42.8975
43.1056
43.0791
40.6081
42.6936
41.8349
41.6243
41.4083
43.4468
43.4952
43.0805
43.0576
45.639
42.8622
42.1763
43.3502
43.9314
44.0586
44.3533
43.2465
44.8859
44.6381
44.0188
45.4657
46.4206
44.361
45.716
45.2656
44.6523
45.4127
45.1033
46.2363
47.8108
45.9832
45.7152
46.5032
48.0744
45.4219
45.7413
47.7698
47.5495
45.5811
47.1851
46.8985
47.689
44.6354
45.8109
46.707
46.5228
46.7205
47.3559
47.1694
46.5192
46.9959
46.0406
44.5838
46.9492
46.8468
46.466
46.729
45.9325
46.3248
47.4264
47.2021
47.7497
47.5455
47.3864
48.0696
48.8743
48.6702
47.1477
48.3658
49.6346
49.0365
49.3007
49.1096
48.3115
49.1139
49.6993
49.8871
51.0334
48.764
51.4459
50.6741
50.7274
51.4143
50.7107
49.8231
51.5578
51.5889
52.563
51.5609
51.983
52.4875
51.1744
51.407
50.7654
52.5677
51.4589
52.5103
51.5678
51.8029
52.8378
53.5606
51.9844
51.8915
52.9649
53.5798
54.6048
52.6408
53.2299
53.3962
53.3905
54.5666
54.1276
51.9038
52.9514
52.2136
52.5252
52.1454
50.795
51.095
51.5499
52.1432
52.5774
51.9604
52.6795
52.2662
53.0178
53.6126
52.9138
54.9679
54.5465
54.9299
55.0576
54.2394
53.4086
53.8367
53.3105
53.1362
52.4759
53.1186
53.6391
53.0258
53.4369
52.8499
53.929
52.1858
53.9912
52.0263
54.6208
53.2732
54.6232
55.5015
56.287
55.0484
56.5478
56.356
56.1914
55.3732
54.6654
55.6893
55.2223
56.3836
56.1419
56.2051
57.1811
54.6437
55.2169
54.1676
55.4416
54.2083
54.9708
54.2339
54.5482
54.0443
55.1297
54.5878
53.7226
53.3915
54.1409
54.7045
54.0581
52.7317
55.0619
54.0386
54.4252
55.5432
56.1999
54.3336
54.2615
56.3854
55.0883
56.1804
55.3576
55.1177
56.4951
54.9018
55.0878
55.5798
55.441
55.1651
54.8939
55.0975
54.9677
53.6548
54.2104
53.1455
53.3166
52.4503
53.636
52.4945
52.4045
52.3189
51.7725
50.4357
51.2506
50.4783
51.58
51.241
49.4909
49.7151
49.5749
50.1524
48.8737
48.2642
49.5103
48.5404
49.5715
49.4401
50.265
50.5469
50.0896
49.9212
50.3008
49.7239
51.1319
48.909
49.6832
49.0354
47.6786
48.3485
47.9889
49.0221
48.6632
49.0324
47.0766
48.3721
48.5225
48.1359
46.6824
46.9104
47.8169
46.786
48.4802
48.8829
47.9634
48.9932
48.0029
48.4999
48.7608
48.0701
49.2634
47.7655
50.5534
50.3195
49.9009
51.3905
49.762
50.5529
50.55
50.7517
50.0144
49.1665
49.4523
49.7195
49.8597
47.816
47.8881
48.172
48.4425
47.0133
48.6981
46.883
46.3545
46.7238
47.2739
46.9351
47.4181
47.6113
46.998
46.6341
46.8309
45.9767
45.7953
46.5389
46.9263
46.1946
46.4905
45.6763
45.3188
45.8765
45.0771
44.3809
45.1315
45.6899
45.0091
45.0863
44.362
45.3948
46.1424
45.623
45.6068
45.6266
45.5738
45.1604
45.1747
45.4985
45.2265
45.987
44.5993
44.687
44.0711
44.4495
43.8008
45.7049
44.9006
45.666
45.2556
44.3777
43.7116
43.5084
43.7887
43.0657
43.0761
42.9233
42.4508
42.8685
42.5512
42.6023
42.5655
42.7343
41.7653
41.2642
42.0761
41.3229
40.9185
40.6583
40.4815
41.4538
39.9907
39.1498
38.8869
38.8454
38.6578
39.1183
39.4506
38.8123
38.8488
39.0565
38.759
39.6706
39.3977
40.0904
39.2112
38.6378
38.4884
39.4815
37.5645
38.5786
38.4541
38.4016
39.0369
38.0824
39.4108
39.4493
38.1946
38.8946
38.0163
38.5131
38.6999
38.6696
37.8024
38.3376
37.5346
38.4735
38.1528
37.7429
36.9328
38.1179
38.4909
37.0969
37.475
37.1559
38.07
37.2819
36.6192
37.0664
36.583
37.6554
38.2117
38.6222
38.6752
36.5821
39.2315
36.3266
37.6171
37.9955
35.9202
37.8067
37.3023
37.0855
35.6308
38.2208
36.8151
36.6801
