18.0121
18.8697
17.5126
17.7408
18.2989
17.6776
16.9088
17.4488
16.6628
17.7853
18.4351
18.7268
18.1552
18.9087
19.5475
18.1931
18.716
19.7761
19.7423
20.0128
20.642
20.5705
19.0483
19.222
19.0394
18.7057
16.9655
17.2719
20.3391
20.1859
19.5036
18.9398
18.521
19.6121
19.4756
19.0602
20.2799
20.6046
22.023
19.9681
21.3135
20.8134
21.9935
22.742
21.3854
21.7957
22.9652
21.603
21.3611
21.96
21.4963
21.7977
21.6946
21.4971
21.4508
21.6521
21.093
20.8442
20.605
22.1195
21.7726
21.2649
22.0579
22.1159
20.1193
20.5082
21.0762
21.8534
22.2163
21.5245
21.2585
21.3423
20.8585
21.8054
21.5887
21.2639
21.9047
21.2423
20.7346
20.1981
20.673
21.1897
20.438
22.0373
22.607
22.7184
21.7836
21.9078
20.9338
20.7226
21.0222
21.5024
20.117
21.6962
21.2832
22.0371
21.5874
22.3629
22.0359
22.6201
22.8668
21.9246
20.9522
20.4492
22.1489
21.0693
21.6654
21.4799
21.6847
21.0709
21.5385
20.8726
21.3473
21.7668
21.9039
19.9433
20.7071
21.0402
19.7935
20.5223
21.7613
21.3733
21.1374
20.7401
20.1504
20.2257
20.6432
19.586
21.0769
21.9988
22.6218
20.8653
21.9829
20.8361
21.573
21.5872
21.8802
21.359
21.5687
22.5253
21.6287
21.6813
21.9723
21.7018
22.447
23.0831
21.3275
20.7525
20.9374
21.4265
20.4971
22.5825
22.525
20.0754
21.2295
21.0889
22.0322
21.5066
21.7678
21.9082
22.0719
22.7398
22.1517
22.5529
22.6028
22.5712
23.1687
23.8489
23.9666
23.329
23.9953
24.5368
23.848
23.7816
22.9085
24.0061
23.975
23.2892
23.4096
22.5184
22.3213
23.4091
24.0454
24.1332
24.1355
23.567
22.9653
24.0271
24.3757
25.435
24.8289
25.0024
23.5451
24.3181
24.0963
23.6855
22.8819
22.1918
22.7681
22.6301
22.5718
24.3982
23.9026
24.1761
24.5424
24.7211
23.3585
24.2256
24.1791
25.022
24.7835
24.8592
25.0285
24.4767
23.6573
24.3136
24.415
24.7322
24.4066
24.6671
24.6691
25.3821
25.1102
23.8474
25.2359
24.6487
24.7668
24.3006
25.2261
24.6895
24.8501
25.3582
25.5762
25.4652
24.6898
25.4895
25.5069
25.8228
25.6085
25.8428
