43.7133
43.6063
43.5772
42.1997
42.7585
42.4637
42.098
42.8902
42.7917
42.7805
43.2216
42.17
43.0281
43.3373
42.8204
42.4673
43.2823
43.962
42.6994
43.7073
42.5728
42.8657
42.0536
42.852
43.5682
44.2305
43.5325
42.3997
41.9555
41.2629
41.113
41.6736
42.613
41.4844
41.1511
41.2976
41.6823
41.1461
40.326
41.1132
41.2828
38.8848
40.2203
39.4928
41.3236
40.9715
40.2408
38.9742
39.114
39.0158
38.3266
38.419
39.2603
38.0232
38.2751
38.8369
39.4435
38.1225
38.6019
38.2021
36.8989
36.3035
36.6516
37.7053
37.2793
37.4291
36.9945
37.3435
36.9759
36.494
36.4107
36.5932
35.086
34.9711
35.6917
36.3527
35.5909
35.1139
34.1817
34.0548
33.7402
33.5735
34.3853
33.1212
33.4803
34.3406
34.5266
33.7998
34.6042
32.4813
32.6718
33.5175
32.4815
31.7095
30.599
30.7083
30.9667
31.4512
30.4742
30.708
30.5621
31.9399
30.9509
30.4752
29.9347
28.879
28.7753
29.8185
28.5071
29.3825
30.1276
30.0733
29.7094
29.1377
27.9974
28.3403
28.8244
28.1498
28.5968
28.1576
27.4934
27.453
26.7473
27.1502
28.3059
28.4737
27.6601
27.1721
26.5019
25.5625
27.6334
27.2877
25.3277
25.4599
26.4404
25.9471
26.5086
25.6601
26.6342
26.5221
26.816
26.4365
25.6005
26.7491
25.2572
25.4678
25.956
25.6987
26.3012
25.7739
25.5095
26.4559
25.9543
24.9524
25.5343
24.6013
25.4699
24.9212
25.1472
25.1891
24.8214
25.8882
25.38
25.2961
25.7585
26.4519
26.5307
26.5599
25.9763
26.0889
24.6517
24.7806
25.1851
25.9572
25.5499
25.4481
26.7756
25.7416
25.3918
26.2844
24.8714
25.7016
25.4961
25.8191
25.9948
25.6592
25.714
25.6223
26.7312
24.6299
25.3811
24.9999
25.3211
25.7575
24.8101
24.8468
22.9654
24.2293
24.2508
25.366
24.7707
25.676
24.6126
24.2213
24.4856
24.6536
24.2448
24.7143
23.5421
23.6046
23.1935
24.1615
24.5708
24.6796
23.1334
23.1425
22.5914
22.2981
24.356
24.2654
23.8683
23.2501
23.4772
23.7691
22.9007
23.1187
23.4863
24.3666
24.8535
23.7958
23.9866
23.6864
24.1593
23.5474
23.3425
23.146
23.5625
23.6622
24.3126
23.473
24.0645
25.033
24.2673
23.7324
24.0411
23.0669
23.0117
23.0307
23.827
23.3311
24.7284
24.1157
24.2523
24.805
22.907
24.3416
23.9244
24.1627
24.4054
24.6579
24.5428
24.8036
24.7572
24.1352
24.879
22.8413
24.5355
24.3248
24.1036
23.2931
22.9273
22.6469
22.9485
23.7191
23.1986
24.0999
24.2618
23.3195
23.2024
22.9683
22.4124
22.4518
21.8298
23.2741
23.8887
21.8816
22.05
21.8536
21.398
22.0263
21.9695
21.8383
20.937
21.5419
20.9156
21.7038
22.2481
22.0817
22.256
22.039
