53.4594
54.4084
53.0632
52.7469
53.0913
52.6943
53.3749
52.2994
51.3409
51.5776
51.2988
51.2236
49.3086
50.1579
49.875
48.8928
47.9877
47.2543
47.9016
48.7112
48.1309
49.0232
49.8424
49.142
49.6802
50.7428
49.3218
48.9289
50.0704
49.6207
48.5822
47.4175
47.9077
48.8742
50.9563
52.282
52.8147
51.8888
51.5751
52.3172
52.8548
52.5233
52.1571
53.3102
54.9714
55.8436
56.053
54.1933
56.4185
56.266
56.5049
59.0339
58.8534
60.1528
62.5081
61.3736
62.465
63.1861
61.6609
62.9686
60.4063
58.5985
57.0659
55.9136
54.9099
53.0218
52.961
53.3231
54.412
54.5697
54.0761
54.6097
54.6297
56.6006
57.5998
58.3251
59.2585
59.0512
58.4489
58.8086
56.0089
55.5506
56.3718
55.058
54.7452
52.6808
53.5031
53.5716
52.2615
53.5817
52.1211
53.0134
52.5463
51.3334
51.1357
51.4638
50.2695
53.136
51.3115
52.0282
51.5975
50.119
49.0509
48.7256
50.4886
50.6536
51.2858
51.7671
53.136
53.8752
52.6559
52.6697
53.7927
53.9915
51.9493
53.8274
51.9282
53.7103
54.0732
55.2008
57.4605
58.2281
59.6916
58.6498
58.7002
58.1753
60.2668
61.2149
65.6993
67.8004
68.201
69.2759
68.9975
69.2935
70.4989
70.2798
70.3094
68.5721
69.3273
70.776
67.5651
63.6909
62.0045
59.8956
58.1575
56.8329
57.1207
53.4658
52.0053
52.4068
53.5138
53.1724
54.7626
54.0396
55.8232
56.4801
55.2408
54.8222
56.0956
55.9814
54.6157
54.723
54.8638
54.5487
55.1715
58.1551
56.9656
58.9985
60.1154
59.3269
61.7269
62.2796
65.0869
67.4072
69.2134
68.4305
68.2862
67.9128
68.4439
67.0633
66.019
61.8954
61.1616
60.8501
58.0672
60.0744
59.23
59.6227
58.2041
57.0017
57.2646
57.0929
56.8865
56.306
51.8337
50.5551
49.2381
49.0594
50.0797
48.1086
49.4959
46.8466
48.0978
48.0398
46.7574
48.1602
49.0432
48.324
48.7191
48.7729
50.165
51.0631
50.3797
51.9267
52.244
54.4343
51.421
50.292
51.0066
50.5812
51.3587
51.8195
52.1979
54.5351
53.6854
53.8775
50.9168
53.0315
53.8827
50.7864
53.3486
57.2791
56.4636
58.227
60.6119
60.3142
59.0083
60.0751
60.1104
62.1675
62.6621
62.4462
64.1153
62.6236
60.523
58.8514
56.8806
55.0759
55.8466
55.3614
57.4483
57.3635
59.2792
60.9732
61.2843
58.8424
59.4947
57.7658
58.6507
57.2111
59.1249
59.9396
58.1954
57.7922
57.797
56.7582
56.5751
58.8155
59.1816
57.1534
58.1309
58.5807
57.6597
56.0089
57.1753
57.8291
60.2025
59.6333
59.5373
63.1126
62.4112
62.9075
64.7126
63.8143
65.1283
62.4596
61.5627
58.3952
58.8343
56.7612
58.414
60.2273
59.0912
58.6614
61.4799
57.7485
60.4702
58.779
59.442
55.6333
