33.1753
32.7803
32.8342
30.9787
31.8528
31.9333
33.589
31.826
32.8186
31.4096
31.3476
32.8204
31.1501
30.8519
30.5064
32.3814
29.945
29.8112
30.7556
30.4006
29.6768
28.6817
30.0523
28.6194
29.6413
29.1239
28.636
28.4992
29.1043
28.8025
29.6641
30.0985
30.4084
30.0955
29.4923
30.9444
29.8445
30.2028
29.4843
29.4757
30.5556
29.0606
29.5636
30.2383
30.1153
30.0049
30.1827
30.5381
30.4784
32.0921
31.1807
30.5183
32.072
31.236
30.3523
32.6024
31.2904
30.979
32.19
32.8627
31.7888
32.9709
32.6597
33.2268
34.2734
34.5511
34.4163
34.0446
35.1664
33.8327
35.1575
35.6639
37.1971
38.455
37.8588
37.4956
38.6373
38.2024
38.5481
38.6854
38.3408
38.7649
39.5578
39.3017
40.0417
39.1184
37.5248
36.8534
36.9701
35.7131
34.9685
32.9352
33.1278
33.3435
32.7593
32.5172
32.7993
32.5042
31.8827
31.5722
32.2429
31.8667
31.4595
31.8232
32.2058
31.7616
33.434
33.3426
33.3155
32.8632
32.3834
32.193
33.1334
32.4921
32.8382
33.4953
32.9938
32.2622
32.7098
33.1687
32.8258
32.4514
32.0956
32.1701
32.6618
31.9427
32.5919
32.8799
31.3293
32.1948
33.6178
34.0213
34.4395
33.4817
33.8559
32.129
33.0142
32.1689
32.6645
33.1674
33.4403
33.1824
32.506
33.0746
34.105
33.1888
33.1312
34.0493
33.2468
31.9521
32.881
33.9799
34.0396
33.42
35.1016
34.5513
34.9642
34.1115
33.7342
35.3939
34.9168
35.7268
36.5736
40.5769
41.3913
41.3006
42.3776
42.5566
43.4985
43.3842
41.4354
42.1805
42.5111
42.0018
42.4426
41.985
41.2059
42.384
41.771
41.5347
41.316
39.9481
40.6796
40.0068
40.8403
40.849
40.451
41.183
40.5727
39.995
40.5775
40.6928
40.6709
39.9028
40.2749
39.3669
39.052
38.9361
39.1437
39.5699
38.6015
38.0044
39.4674
38.4799
38.6341
39.3055
38.5076
37.9559
38.6879
39.0055
38.5656
39.4576
38.8371
39.5891
41.0997
40.7457
41.0604
40.5592
40.7146
40.7971
40.9264
40.6546
40.1599
41.3925
40.6425
40.2661
41.9501
41.9253
41.8873
42.0398
41.6092
40.6241
41.1083
41.5782
41.2802
42.2995
42.1412
41.7801
42.2729
42.5911
42.3701
41.4746
40.9321
40.5154
40.0526
40.2275
39.7787
40.0573
39.7167
40.4086
42.577
41.6943
42.7782
42.9034
42.6076
41.9862
42.2453
42.6965
41.6285
41.8829
42.7005
42.3234
42.9374
42.8593
43.1681
43.5237
42.3098
43.0361
42.6746
42.4691
42.9115
42.5688
41.3127
41.8055
42.8526
42.865
41.7127
42.7988
42.0362
41.1709
42.2054
41.46
41.2508
41.9457
41.6197
40.9591
41.7852
41.9008
41.9945
41.5627
42.2908
41.8113
40.6222
41.397
40.99
41.4763
40.5867
40.4116
41.7763
40.677
