30.0587
29.5453
29.8493
29.1795
30.1973
28.5956
29.3057
29.515
28.7508
30.41
28.9739
29.4557
30.4808
30.1552
29.6354
30.8726
29.6693
30.9736
30.0464
30.8243
29.2378
30.6478
30.6201
31.1193
30.1712
30.3569
30.1661
29.8235
30.9684
31.3935
29.8049
28.814
29.7445
28.6788
28.5747
28.9823
29.1914
28.4691
28.2247
26.7757
27.8088
27.7098
28.0195
27.5038
27.0996
26.6434
25.5403
27.2146
27.4687
27.3742
28.3497
27.6393
26.3806
25.8724
26.6823
25.9887
25.7591
25.0517
25.1052
25.1121
23.6143
23.9191
22.3904
22.3656
24.0097
24.4047
24.7089
24.8217
24.3408
25.8485
25.5936
24.8942
25.7405
25.5559
23.7992
24.6914
24.9619
24.1362
24.8436
24.6371
24.0657
24.0042
24.5149
24.4746
23.64
24.3683
24.8125
24.9995
24.9784
23.7489
25.1041
24.6671
25.9864
25.1563
26.052
25.5194
24.9464
26.2066
25.6906
25.9582
25.6924
25.6263
26.7363
24.7677
25.8276
25.9954
26.9117
25.4324
25.6907
26.1357
26.8359
26.0137
25.5403
25.7664
26.1614
25.4074
26.7407
26.4645
25.1495
27.3244
26.9787
27.5163
26.7729
27.2145
27.4011
28.1932
26.6529
28.7875
28.3543
29.2675
27.6207
27.6884
27.7153
28.2821
28.956
28.958
29.2205
28.4907
30.2016
30.4405
31.2632
29.6825
29.4895
28.7866
29.8479
29.1815
28.669
29.1297
29.3084
29.2114
28.9904
29.1192
29.4853
28.6947
29.4082
30.7828
29.3504
29.698
29.9635
29.8432
29.3497
30.0331
31.1501
31.115
29.9955
29.8612
30.4618
28.3919
28.9157
28.0857
27.9979
26.6534
26.6617
26.5501
27.8685
28.7467
28.7644
29.0497
29.8454
29.7042
29.0447
30.3458
31.5092
31.1199
29.8111
29.7338
30.5324
29.8405
31.0316
30.2013
29.546
31.1116
29.7859
30.1175
30.9197
30.9083
31.474
31.8374
30.8921
30.4451
31.9731
29.6113
30.8945
30.6038
31.2673
31.3148
28.9455
30.0375
31.0865
31.2919
29.9812
29.3166
29.8361
29.1484
28.7748
29.2247
28.3436
27.8553
28.0952
28.0098
27.8639
28.0371
28.5552
27.7534
27.5232
27.2545
27.3013
26.4433
26.826
27.7084
27.4578
27.0205
27.2385
26.8752
26.3239
26.0354
26.8492
26.0332
26.299
25.9936
26.1812
26.1278
26.3139
25.3883
26.221
25.2933
26.4832
25.3202
25.9801
26.093
25.5853
25.394
24.3055
25.0595
25.3634
23.6181
23.8608
25.0468
24.0586
23.4602
25.0098
24.5359
25.3181
26.0078
24.5086
25.1465
26.5226
25.4557
25.663
25.6125
26.2032
25.9155
26.5168
25.0594
26.5967
25.3532
26.4219
26.3437
25.8221
25.4979
25.4203
24.9002
25.2919
25.4604
26.6483
27.4506
28.5861
27.3796
28.6296
28.3775
29.2939
30.5477
29.1178
29.6376
28.8172
28.7609
29.2304
29.4118
30.2546
29.634
30.0677
29.8461
29.3414
29.4878
29.7603
29.1181
28.6185
29.5129
29.1716
29.1524
28.6156
30.0485
28.7405
29.7997
30.1249
30.5305
30.033
29.9221
29.4993
29.8027
28.6627
29.1949
29.2318
28.4383
27.5619
27.831
27.62
27.4484
27.6309
27.4505
27.1534
26.9596
26.8325
27.0963
26.3778
25.0064
25.8261
26.3601
26.1163
24.7467
26.0548
24.9299
25.6323
25.8412
25.7626
24.9873
25.718
26.8453
26.7763
26.0596
24.8966
25.9959
24.7464
25.6444
25.2681
26.0442
25.5943
25.9431
25.947
26.5743
26.0976
25.8467
25.038
25.2116
23.8746
25.4717
24.9156
24.8131
23.6817
24.0698
24.9543
24.0212
24.4757
24.8188
24.6299
25.6982
24.1318
24.1047
25.5039
24.0902
23.9994
24.6117
23.8808
23.6928
23.565
22.3291
22.6265
21.1498
22.5245
21.3629
20.978
20.3613
18.9731
20.3422
19.9859
19.5753
21.9828
20.1534
20.9211
21.7192
21.4681
21.4646
21.8814
21.0942
21.9228
22.2828
21.4066
20.8059
23.0943
21.7361
22.302
23.5428
23.5631
22.3034
22.7431
21.8138
23.8401
22.9876
23.5303
23.7581
23.9754
24.2852
24.2567
25.3164
25.1509
24.6877
24.3499
25.5413
25.5171
26.8368
24.955
25.6122
27.3684
25.3026
26.9053
26.5501
26.7229
25.7845
26.7114
26.7294
26.7936
26.847
26.8632
26.8478
26.3655
26.3619
25.6753
26.094
27.0426
26.8209
26.295
26.4553
27.243
26.9016
26.3795
25.9012
26.4697
28.3505
27.9209
27.4537
27.9198
28.8006
27.9049
28.2113
27.8905
28.6881
28.5576
27.4827
29.486
29.5716
29.1717
28.9743
29.2374
28.1141
28.3337
28.1549
29.0343
29.863
29.4728
28.5964
29.1244
29.2082
28.5549
29.0313
28.613
28.8666
28.834
29.7113
28.8689
28.3287
29.4689
28.6735
29.9099
30.114
30.9054
29.3254
29.528
28.5149
27.6242
27.3585
