48.1525
47.3965
46.5738
45.1632
46.4328
45.762
45.0774
45.6038
45.2418
44.2585
45.1007
44.4289
45.3768
44.088
44.7222
43.9088
44.6897
45.0812
44.8149
44.3837
44.4276
43.758
44.4086
45.3161
45.6005
46.2486
45.9681
44.5239
44.5699
44.1381
43.368
44.31
43.6797
42.1901
43.8815
44.7049
44.4287
44.1064
43.2951
42.8545
43.4437
42.2754
41.7051
42.8925
44.3533
43.2272
43.1617
42.4531
41.2324
40.7117
40.6761
40.3139
41.0959
39.9856
39.2578
40.3577
41.5328
39.7596
40.9852
41.0548
39.7718
38.6273
38.3807
38.9549
38.8942
38.7733
38.3908
38.8218
38.4907
37.5753
38.2582
38.3113
38.0337
36.9479
37.7588
38.1754
37.4485
37.0838
35.1096
35.9171
35.282
34.5229
35.8487
35.9535
36.9957
36.1831
35.5448
34.6925
35.8276
34.0334
33.6078
34.8577
33.4809
32.4895
32.6874
32.1801
32.7131
33.002
32.1465
31.3156
31.3741
33.068
31.7404
31.8758
30.8911
29.7829
30.1922
31.5402
30.5359
30.7789
31.183
31.0022
30.8595
29.9878
28.8863
29.1763
29.1248
28.3976
30.1452
29.3242
29.1894
29.0261
28.1132
27.2809
29.237
29.8766
28.5971
28.6163
27.3418
26.4078
29.3876
29.139
27.8772
27.2184
27.9274
26.4222
28.2857
26.9299
26.8004
28.4763
27.7322
26.5737
27.5667
28.5775
27.6265
27.3024
28.5143
27.4175
27.4321
27.7222
26.0571
27.5079
27.2917
26.3655
26.3519
26.7009
27.3614
26.808
27.3106
26.6849
26.5907
27.9742
26.3755
27.0421
27.8049
27.645
28.4637
29.4245
28.8776
28.2927
27.8228
26.9685
28.2872
28.4038
27.0614
28.0801
28.4264
27.0175
28.3631
29.294
28.7595
27.6949
28.0293
27.4817
27.8215
27.4714
27.4267
28.2703
29.0916
26.9128
27.6763
28.0698
28.8722
28.2193
27.5297
27.7127
26.1653
27.3346
26.4974
27.3078
27.3015
27.4503
26.8299
27.7315
27.3741
26.9243
26.5367
25.8885
26.0091
25.6942
25.1951
26.5991
25.688
25.4701
26.0269
27.2723
27.1735
26.7767
27.8366
26.9565
27.188
26.2962
25.8404
26.6425
26.8671
25.5827
27.7373
29.3152
29.6917
28.6952
29.4727
27.0206
28.1323
27.4037
26.92
28.0266
27.838
27.6723
28.5817
29.1535
29.5407
30.5765
30.1018
27.9918
29.3802
29.1939
27.4142
28.8087
29.8181
28.6532
31.8706
30.7797
30.5805
30.6157
30.3044
29.9292
30.3137
31.2716
30.5177
31.15
31.3991
29.8858
31.8333
31.5283
31.8428
30.4796
31.6978
30.4659
30.8584
30.3978
29.2906
29.3869
29.9519
29.633
30.6127
31.5469
30.3985
30.3169
30.3017
28.7289
28.5521
29.0881
28.6271
29.5887
31.2267
28.9958
29.4742
30.2711
28.2472
29.261
29.1674
27.9506
29.0442
29.3462
28.0381
29.0506
29.1653
27.8927
30.463
28.3523
