48.8997
49.2887
49.4734
49.1031
48.9554
50.0138
50.4985
49.9777
49.5022
48.7322
48.3604
49.1099
48.6821
48.2416
48.3846
47.5172
48.1938
46.6164
46.3195
45.7203
46.1569
45.774
45.9166
44.6684
44.2255
44.9381
45.6791
46.4824
48.0345
49.5914
50.5507
49.5806
46.7648
45.9343
45.3788
46.5857
47.9298
48.9191
48.9419
49.2152
49.0351
48.4273
48.8584
48.4158
48.4202
47.9434
48.1461
47.9783
48.0295
48.1351
47.8849
48.2879
49.3348
49.5732
48.4375
48.034
47.8465
48.8352
48.796
47.0216
47.8428
46.5387
45.9265
46.9652
47.5236
46.9459
48.1652
47.2209
47.9156
47.0249
46.3185
46.8262
46.6742
46.5012
44.6947
46.0143
45.7004
46.2067
45.6014
46.1749
46.329
45.7875
46.2755
46.1704
47.1682
46.9478
48.2693
49.5951
51.237
52.7256
53.6736
55.047
53.9845
54.4177
53.6309
52.3802
53.2233
52.1547
50.8686
51.3548
52.1582
52.0321
52.7379
52.1932
51.7205
51.0065
52.0439
52.0329
51.7061
51.4684
52.3944
51.5007
51.847
51.1642
52.3088
51.1345
51.7248
50.3904
49.6568
50.039
49.5253
48.7467
49.2637
50.7409
50.4453
51.3107
51.2946
52.3297
51.8465
52.9603
53.5587
54.1102
55.6492
56.8866
56.7564
56.818
57.4602
58.3626
56.8447
57.8833
56.4713
55.4802
55.8812
56.5227
55.8975
55.9217
56.9471
55.9314
56.8906
56.6053
56.5781
54.9245
56.7704
55.4826
56.103
56.0427
57.6554
57.254
56.9385
55.7832
55.4136
54.5059
52.8652
53.1209
54.2842
55.5262
55.633
55.545
54.6855
53.2532
54.5251
53.4904
52.377
52.589
52.6842
51.9612
52.9074
52.0803
52.046
51.4549
51.7658
51.1039
51.383
50.8091
52.1315
51.8737
51.6286
52.5328
52.5437
52.8083
50.011
52.0964
52.9488
54.7062
53.8745
53.5292
54.2103
54.4522
52.6737
55.5736
54.0905
53.5527
53.3211
53.5225
55.1726
55.641
54.4846
55.5274
54.6789
56.1926
56.7425
56.0301
53.9161
55.557
56.9724
55.6891
54.4687
55.4545
56.9624
56.7738
54.5367
54.4336
57.3273
57.0549
55.9895
57.5982
57.9945
57.7844
56.3693
56.1177
55.5984
57.3505
56.3194
57.1543
57.7284
56.2475
56.5585
56.7962
56.8973
57.0057
56.2115
55.7215
56.1389
55.8266
56.6218
55.6344
55.7416
56.7285
56.1942
55.0282
57.2137
57.442
56.5923
57.6632
57.1959
56.428
57.9744
58.5339
57.0895
58.1004
55.4491
57.722
56.993
58.9751
59.0136
57.8216
58.2536
58.1568
57.159
59.9228
58.5294
58.4033
59.3229
58.3132
59.0412
59.1795
58.9321
59.0134
59.3174
59.8876
58.6997
59.6449
59.0987
59.7611
59.436
60.6955
60.979
61.1217
59.9693
60.9744
60.9553
59.9768
60.976
59.975
60.3971
61.1263
60.3783
60.682
61.8154
60.9986
60.8726
60.2965
59.6955
59.9964
59.4131
58.3039
60.1658
59.6262
59.89
60.4477
60.9798
61.4085
62.9335
61.5983
62.4542
63.3352
61.7088
63.544
62.3343
63.1485
62.3299
63.9058
62.4161
63.8719
62.6479
63.3284
61.8574
62.3264
63.6076
62.881
61.9272
61.5814
61.9958
61.9971
63.1871
64.2229
62.5406
63.8822
64.6474
64.3823
63.8039
65.6641
64.661
64.7195
64.8031
64.3887
65.1777
65.7976
66.238
67.0214
64.7648
64.9271
64.9231
63.723
65.8261
63.8927
65.4474
62.5253
65.427
62.2572
65.0541
63.0769
63.336
62.2989
64.6298
62.6202
64.5389
62.8402
63.2537
63.7518
63.6152
64.9908
63.9861
64.1258
63.3788
63.0732
64.086
62.5051
62.8278
62.1689
63.7246
62.2836
63.0653
62.0999
62.9357
62.0155
62.0231
61.6609
62.7402
62.3907
62.8426
62.5837
62.5846
62.9119
61.8017
62.257
61.573
60.8123
60.6539
59.665
58.8857
58.7972
59.8171
59.5571
59.6614
58.6001
60.2024
58.5275
59.1164
57.507
59.9284
58.8105
59.6365
59.6535
58.7825
59.6122
59.4905
59.4522
59.8944
59.04
59.7995
59.1076
58.4594
57.6229
57.4596
57.9034
57.3197
57.5641
57.2935
58.1595
58.0646
58.3728
58.7395
57.6827
57.3401
57.693
57.2141
58.5488
58.8837
57.9705
58.728
57.9773
57.9394
57.9611
58.5536
58.945
57.7086
57.7467
59.7628
59.5578
59.8818
59.572
58.5684
60.2234
58.821
60.7247
58.7476
57.4852
59.6086
59.4269
59.7652
58.9947
57.9578
57.7324
58.3925
58.086
57.2418
56.8184
56.2167
57.1514
57.4101
56.625
57.4335
58.3718
57.1914
55.5645
56.2661
56.4678
55.5496
55.4736
56.2346
55.7951
55.205
54.8961
54.2307
55.3811
55.1191
53.6086
54.4554
54.514
54.2612
53.2678
53.7751
52.7104
55.0871
54.0952
54.8418
54.5179
53.6403
54.373
54.164
54.9358
54.0484
53.5631
54.6977
54.1812
52.8939
54.4672
53.7553
54.5981
54.9882
53.5566
54.3994
52.338
52.423
53.0864
50.6453
52.4415
51.9295
51.0212
52.4311
51.6597
51.9461
52.7977
53.1163
52.0637
51.1949
51.1116
51.5587
51.3358
50.9398
51.0866
51.0988
51.6462
49.9757
49.6294
49.1139
51.1344
49.3356
49.848
50.1995
49.729
51.4197
49.5349
50.243
51.0846
51.1312
50.1947
50.9387
50.1123
50.7149
50.0742
49.9819
49.4536
49.2582
50.374
49.8414
50.4023
50.3565
49.1091
49.5711
48.591
50.0318
49.1382
50.0074
49.1484
48.6743
47.6518
48.1663
47.1966
48.0074
47.8548
46.5097
47.3851
46.0658
47.4386
48.0492
46.7175
47.3416
46.5771
45.8073
46.4056
47.1573
48.3222
47.9504
46.8446
47.4199
47.1874
46.7941
47.0072
46.859
47.3844
45.8876
47.71
47.5925
47.3578
46.1634
48.3871
48.0879
47.7916
