47.3192
49.2588
48.0901
48.6402
48.9763
48.3457
49.0493
48.7132
47.7405
48.4682
49.4145
49.1043
48.1981
49.977
47.4265
47.2384
45.3258
47.5889
47.5097
48.2085
47.24
48.7787
47.7683
47.2573
45.5138
46.8784
45.7004
46.0667
45.0324
48.0659
46.8726
48.229
45.5129
48.7113
47.0168
47.4828
45.1689
46.2882
44.4818
44.138
41.4921
41.5817
42.3335
41.7158
41.121
41.8457
41.7813
42.5205
41.6306
42.3411
41.5167
42.55
42.6893
42.4854
43.1803
42.7649
42.1404
42.6178
42.9641
43.5919
43.6326
43.7239
42.826
44.2179
42.9892
44.1617
42.8269
43.6145
42.721
42.7143
42.1864
41.5714
40.786
41.8501
41.7104
41.4366
41.5427
41.1234
40.4544
41.5876
40.1941
40.8425
41.2216
41.6061
40.9894
42.2079
42.1896
42.1769
42.0851
42.8097
42.1285
42.791
42.6407
44.08
43.1168
43.3471
41.8178
42.9144
42.7072
43.2539
42.4916
43.2554
41.5617
42.5692
42.4167
43.7234
41.7011
42.1917
42.0674
43.2304
41.8046
41.7414
41.435
43.7568
41.96
43.7812
42.3822
45.2413
42.6804
44.0445
42.3031
43.6189
42.1517
42.7658
42.2193
43.994
42.8634
44.2378
43.0289
44.2208
43.4252
44.3836
41.9868
43.3772
42.5332
42.4497
41.9118
42.2642
42.894
42.7926
43.1441
45.8463
43.7579
43.4249
42.2506
41.2799
43.0862
41.884
42.6127
41.7636
42.2054
42.1389
41.3384
42.5362
43.1369
44.2009
42.2383
43.502
43.4472
44.7659
44.643
45.8139
44.7035
45.5215
43.353
44.1667
42.9661
43.1854
41.2331
41.7652
42.4602
43.1164
43.8972
43.5088
42.941
42.9816
41.5614
44.7115
42.0716
44.81
42.1792
43.0001
41.8047
43.6642
40.5402
42.1724
41.3378
40.921
40.4122
41.8113
40.4187
41.0088
40.295
38.6759
40.7402
39.3191
39.5225
37.4624
39.1558
37.007
36.9603
39.0315
39.038
38.8548
38.5195
39.2756
39.2689
39.4443
37.641
38.1749
37.4492
38.7862
37.0987
37.253
36.2307
37.8289
35.4112
37.1311
37.1391
37.0919
36.8491
38.0728
37.8228
38.0219
36.419
38.5977
39.3809
39.5001
38.8122
39.3304
38.3118
37.9401
36.3997
37.0785
36.6248
37.3474
36.96
37.0239
37.0374
37.5879
