30.1084
30.5526
30.8173
31.0335
31.531
31.6987
31.1249
31.289
30.6872
32.3602
30.6808
31.8148
31.7188
33.1708
32.5185
32.9832
30.8914
32.8766
32.6701
33.6046
32.3024
33.5567
32.6347
33.202
31.9138
33.1899
32.2944
33.7088
33.0394
33.7878
32.2343
31.4433
30.3087
31.973
31.0441
31.9794
31.0422
32.9859
31.4786
31.6497
29.4746
30.8946
31.3477
31.1776
29.659
30.5022
29.8103
30.1674
29.4958
30.4887
30.8585
30.7232
29.8738
29.2009
29.0804
28.2131
27.6582
28.1603
27.0991
27.8044
26.3845
26.6632
25.4036
26.0565
24.1477
26.6815
25.7833
27.0618
26.509
27.7362
26.7632
28.04
27.3727
28.7481
27.4438
28.0199
26.9765
26.0408
26.4764
26.9896
24.6847
27.4043
27.2052
27.5722
26.3976
26.9482
25.4389
26.8225
25.5257
27.6292
27.4621
27.9006
27.3724
27.5762
27.1689
27.2036
24.9235
27.9561
28.1929
27.8089
27.606
27.8544
27.9336
27.7597
28.0943
29.0927
29.8797
28.7051
29.3976
29.3986
29.1555
29.0548
28.0706
28.5878
28.3313
29.242
28.9397
29.9793
29.6047
29.2353
28.5471
29.9752
29.4683
30.8224
29.9911
31.4484
29.7346
30.9439
28.911
30.7392
30.1495
31.4831
30.5446
32.1933
30.9891
31.7396
31.3957
32.2846
32.3925
32.9086
32.6087
32.8226
32.8166
33.0857
32.7256
33.5342
33.2183
34.1886
33.2008
34.4449
33.6825
33.7982
32.4494
34.2698
33.5984
34.9664
34.0929
34.0571
34.3707
33.9246
32.1292
33.7326
34.9306
35.3885
34.7868
35.2448
34.312
33.4766
31.5752
32.3929
32.0395
32.5028
31.945
32.5413
32.2295
32.6758
31.8052
32.8564
33.3163
34.4304
33.6936
34.9614
34.1465
33.6416
33.2288
34.4127
34.03
33.5494
33.9047
34.5958
34.4432
34.8728
32.3298
34.2653
34.8613
35.3326
34.7473
34.7884
34.1438
35.0097
33.8695
35.3479
35.0922
35.2141
34.6296
34.5997
34.4379
33.5404
33.3536
34.4849
33.7653
33.7974
33.5871
32.8639
31.167
31.5879
30.8236
31.8437
31.2056
32.298
31.5805
31.1179
29.8049
29.9555
28.4238
30.0064
30.0447
29.582
29.396
30.7272
30.1279
30.7948
30.2754
31.0826
30.9338
30.9534
32.1956
31.9735
30.6678
30.6339
29.0793
30.4351
30.2537
31.2705
32.1401
31.2831
30.9335
30.2449
29.1509
30.3855
29.6789
29.504
27.6078
28.7196
27.2092
26.1811
24.0524
26.0796
25.5632
26.1391
27.162
27.5648
26.4709
27.6176
25.0591
27.572
27.6497
27.726
27.4639
26.8973
27.6031
27.6342
27.1248
28.1449
27.7618
27.7811
27.5508
27.8954
26.6221
26.8251
26.1035
27.9116
27.6144
27.9276
27.4323
29.8884
28.9775
29.8393
28.9915
30.5165
30.8882
32.129
30.705
31.9576
31.7383
31.6033
30.1628
31.3513
31.9113
33.228
32.0277
32.6603
33.5608
32.8112
31.9318
33.2337
32.3577
33.4861
32.0147
32.4185
32.9213
32.2836
32.7035
33.0516
32.1177
32.9771
32.6028
33.3091
32.8383
32.3485
30.392
31.0818
30.8838
32.4046
30.517
31.8817
31.2648
31.1901
29.2501
30.0575
28.9528
29.9021
30.0909
30.4086
28.4423
28.0915
27.8594
29.3612
28.1794
28.6093
28.5473
29.0257
28.425
28.3295
27.844
28.429
27.9376
28.7736
28.6894
28.9577
27.8186
28.4756
26.838
28.6688
27.9484
29.7015
30.2521
29.9323
29.4439
29.6029
27.715
28.905
28.8314
29.0957
27.0285
28.6351
27.1666
27.1859
26.5394
27.1231
27.1432
27.7819
27.4477
27.5107
27.1035
26.4436
26.5356
26.795
27.6147
26.7733
26.1708
25.6439
25.0952
24.3747
22.9616
22.5741
22.5994
22.8074
22.1623
21.6539
21.3133
20.5616
18.7843
20.0748
19.5569
20.4353
21.0169
21.0409
21.6832
21.8991
21.7154
22.5024
22.3409
22.7935
22.7079
22.755
22.3691
23.2966
23.6218
23.2894
23.8442
23.8975
24.6722
24.7869
24.6557
24.6541
22.8864
23.7624
24.6793
24.9834
26.1677
25.8939
25.7435
27.3412
26.0282
27.118
27.1564
27.3858
27.3065
29.0189
27.9517
27.2335
27.9685
28.7972
28.7158
29.3452
29.3429
30.8462
28.9186
30.7538
29.0169
30.5319
29.4984
29.0903
27.6354
28.5761
28.3633
28.743
27.7311
28.1337
28.5939
29.3398
29.5708
30.3121
30.431
29.6494
27.9245
30.1583
29.9508
30.5103
30.4325
31.1475
30.8876
30.9015
29.9962
31.0072
31.1347
32.3299
31.8152
32.4907
31.5945
32.3328
31.0396
31.5706
32.2614
32.0144
32.4026
32.723
32.5931
32.0186
28.7078
31.1875
30.175
32.4006
31.9294
31.9558
32.5113
31.6411
30.5363
31.9284
32.0256
32.1994
31.9797
32.3143
31.7811
32.5425
31.2027
32.1481
31.5296
32.0157
