33.7407
32.7003
32.5249
30.8043
31.7179
31.106
32.9911
31.2471
31.7529
30.4456
30.8033
32.3908
31.2033
30.743
29.9329
32.1409
29.5874
29.1692
30.2505
29.7691
29.1594
28.5848
29.5397
28.3623
29.7346
28.8367
28.5753
28.1031
28.7897
28.5512
29.3941
29.7277
29.766
29.9716
28.9581
30.7269
29.8445
29.9226
29.4487
29.127
30.1459
28.8671
29.3092
29.865
29.9481
30.1041
30.1076
30.3808
30.4784
32.0764
31.1051
30.4429
31.3872
30.7486
30.3282
32.1948
30.8681
30.7495
32.1222
32.8787
33.0262
33.853
33.2981
34.204
34.8153
35.4835
34.8648
34.8007
35.3523
34.32
35.6447
36.3606
37.7186
38.8724
37.9633
37.8299
38.6467
38.1377
38.5939
38.3852
38.1244
38.5276
39.3366
39.1509
40.0417
38.9018
37.5538
36.7193
36.8121
35.4749
35.2412
33.1044
33.2543
33.0049
32.4892
32.5292
32.8227
32.6416
32.3422
31.5147
32.1824
31.8113
31.0864
31.2062
32.0802
31.5922
33.1559
32.9537
33.4245
32.7111
32.4175
32.1081
32.9363
32.2218
32.7731
33.33
32.6582
32.1863
32.8601
32.8976
32.8258
32.316
31.5431
32.0038
31.8257
31.1916
31.7519
31.7362
29.9074
31.5226
32.817
33.6012
34.4395
33.2159
33.5606
31.7872
32.4138
31.7899
32.2552
33.0666
33.1512
32.9529
32.187
33.084
34.3477
32.8496
32.5992
34.0342
33.1614
31.4907
32.599
33.6088
33.7124
32.9356
34.7882
34.3853
34.9642
34.1013
33.8071
35.4968
34.891
35.5854
36.5548
40.5191
41.7339
41.2326
42.3664
42.3841
43.4985
43.4397
41.4354
42.1844
42.4755
41.9174
42.401
42.3374
41.0069
42.4953
41.3329
41.1991
41.4176
39.6046
40.2972
39.5918
40.2246
40.0669
39.5011
39.9209
39.5467
39.9605
39.9535
39.97
40.7063
39.2464
39.7383
39.1894
38.2811
38.2537
38.7993
39.14
37.8876
37.7183
39.3121
38.4206
38.6341
39.0513
38.5781
37.9908
38.6291
38.7122
38.221
39.0802
38.4743
38.9667
41.2032
40.4532
41.1872
40.3497
40.4691
40.6342
40.2611
39.7691
39.2583
40.5339
39.4131
39.2854
41.0797
41.3681
41.8873
41.5693
41.2054
40.2687
40.5346
41.0441
40.584
41.5798
41.7209
41.1196
41.3971
42.153
42.0968
41.5653
41.0154
40.3451
39.664
39.7128
39.548
39.4641
39.1319
40.5505
42.5368
41.7139
42.7782
42.9834
42.1782
41.5374
41.7084
41.8464
41.4567
41.0691
41.9602
41.9653
42.716
42.6542
43.1681
43.4636
42.3532
43.0324
42.1722
42.3322
42.676
42.1914
41.288
41.647
42.6784
42.3527
41.8759
42.9026
41.7317
40.9331
41.6189
40.7128
40.9113
41.673
41.276
40.6057
41.4398
41.4303
41.9945
41.6474
42.0134
41.7609
40.5525
41.1348
40.975
41.5672
40.2817
40.7129
41.6632
40.6713
