48.699
47.9786
47.7699
47.9449
48.4721
47.5191
47.5099
47.8131
48.0045
48.6775
48.2784
50.1571
51.0401
49.8391
48.7382
50.8406
50.457
48.15
48.5539
48.1389
47.9894
47.3075
47.7588
46.4128
47.2178
46.2947
44.9833
44.4362
42.6928
41.9226
41.9981
42.8205
43.2138
43.2695
43.2523
43.6826
43.9442
46.0671
46.7501
45.6804
45.3334
45.5834
45.6007
46.2647
45.7659
44.6601
44.3549
45.8807
47.5815
46.9348
48.7655
49.269
47.8065
47.626
48.2222
46.7662
45.8485
48.1174
46.8215
45.1178
44.1995
45.2149
43.7845
45.7886
43.1452
42.177
42.0219
41.5071
39.8001
39.6809
37.5839
39.0257
38.6406
38.9377
40.2919
40.2128
39.9094
41.6663
44.0501
43.1228
41.582
40.8083
41.5502
41.3838
42.5361
41.9204
42.0651
42.206
40.0659
41.8185
42.7664
41.7364
40.5495
41.6983
42.4083
41.3036
43.7578
45.1505
44.5026
45.6464
46.7435
45.7084
47.3408
47.1984
47.7776
47.5819
48.4371
48.9879
49.4677
49.9996
48.2525
48.5308
47.8413
45.2451
45.7663
45.1718
43.6995
42.5198
41.5405
41.6325
42.3364
40.7138
40.356
42.8703
45.2926
45.8546
47.1436
47.2992
46.8968
47.2678
47.2549
48.1619
48.9868
47.506
46.7545
47.3314
46.441
45.4198
44.9781
43.8444
43.0498
43.3266
41.3942
41.7365
41.3021
40.2219
39.9878
39.7476
38.9924
39.0372
39.4829
36.3331
36.5663
37.0564
32.7962
33.351
39.2268
36.9888
35.4414
36.6286
36.0473
36.1991
37.609
36.0638
35.4458
35.2156
35.0428
35.872
35.2988
35.4001
35.3974
37.5265
36.4731
37.9292
39.1047
39.2239
38.2144
36.5931
38.667
39.4867
41.473
36.5036
35.3889
37.8002
35.9867
35.2027
37.2855
36.6045
38.3326
38.7766
37.1502
34.2413
37.6641
36.6235
35.546
34.3654
34.1957
33.6373
35.5844
35.1339
35.8188
37.3059
37.8919
37.0018
38.7153
38.415
39.9746
38.04
38.2333
39.2894
38.7648
39.4278
40.2742
40.3342
39.6904
40.6723
42.2642
42.2657
42.1794
42.278
42.8273
44.3626
45.1864
45.4874
44.9501
46.2211
45.5185
45.7238
48.2112
47.8787
46.9749
48.2086
48.4697
47.5896
47.7036
47.5371
46.9683
45.3965
45.5593
46.3769
46.5038
46.2547
45.0533
45.7509
45.7907
46.976
46.9529
47.326
46.6021
46.5316
46.159
45.9073
47.1015
47.9958
47.3946
47.0236
46.9046
47.0889
48.0327
47.5565
47.9395
48.0052
47.5911
48.7885
48.419
47.3384
48.3021
47.9308
48.0353
47.3516
48.271
49.4224
48.3256
49.3789
47.8905
47.8316
47.7963
44.3164
43.3512
44.4532
43.6087
43.176
44.6193
43.1497
41.9898
42.4165
40.4659
38.6179
39.4112
39.501
38.7513
37.9066
35.6566
36.1198
37.2111
35.7347
38.8658
39.5471
36.0209
38.4013
43.5168
37.9989
39.6817
41.841
39.6426
40.1383
40.3586
40.5718
40.5905
41.0158
41.1817
41.3438
42.8316
42.8685
42.9081
42.7584
43.5494
43.7157
41.9366
42.6974
44.0039
43.3341
44.0784
43.1095
44.039
43.9421
43.0925
44.2765
42.1057
42.3863
42.5035
40.8119
38.7861
40.185
39.296
38.8354
40.2923
37.9144
36.4897
35.5792
35.8602
34.7115
33.7923
34.6389
33.4849
33.2909
34.204
34.6552
36.2879
32.8489
32.2671
31.2194
32.3359
31.0553
31.1846
31.4889
32.0958
32.5334
32.0846
33.171
33.1231
32.3338
33.9415
35.6283
34.0015
34.975
35.8645
34.5592
34.8708
34.8754
33.6573
33.8763
36.4631
34.0201
34.0228
34.1944
33.4621
33.5259
31.8748
32.5002
33.012
32.6253
32.8017
32.7624
32.1432
29.5499
29.8494
29.471
30.768
31.338
29.6388
31.1237
30.3774
29.8704
30.0685
32.7354
30.7109
32.6728
30.7276
31.4749
31.2838
30.3799
30.233
30.5258
30.4983
31.9791
31.8896
30.8942
32.6038
32.9458
33.6565
33.7086
33.7028
35.3628
33.9959
34.8883
34.046
34.8548
33.3067
32.2082
34.9348
34.5498
36.0305
34.9709
32.7916
33.9102
34.1958
32.193
32.7697
32.5061
32.6388
34.4174
35.5379
35.4187
35.9165
35.8284
34.0749
35.4084
35.351
34.5137
36.1499
34.8161
34.3035
34.2988
36.4081
36.8772
36.8991
36.9177
37.1963
34.9943
36.3955
38.3956
36.8455
38.4316
37.4586
40.2499
39.6406
40.1397
40.048
40.3933
39.6683
38.7746
41.0786
38.7338
38.8898
39.6527
36.6053
37.5898
40.5405
36.0855
39.2711
40.2656
38.8614
39.5518
40.2175
37.0586
37.3309
39.2992
37.8748
37.687
41.4848
40.4773
40.4258
42.508
42.4259
42.6011
42.1817
42.4256
43.0023
42.4081
41.9611
42.6994
42.9593
41.1704
40.5524
40.8637
39.7693
41.0324
42.8233
40.6457
