58.4237
57.5171
58.1119
59.0316
58.2077
58.6653
57.6394
57.1359
56.7576
56.373
57.7579
56.9848
56.195
55.7805
55.6219
56.0916
55.4205
56.2392
56.4117
55.9648
56.0964
55.81
56.358
56.1226
55.9948
56.4291
56.6394
56.5154
56.3466
55.8483
57.975
58.5087
57.1592
55.9739
56.9477
56.5872
56.284
56.513
56.5235
56.971
58.3731
57.5776
57.5756
57.3362
56.4742
56.5119
57.6204
57.4135
57.3747
57.3718
57.1984
57.7271
57.5958
57.2168
57.3514
57.151
57.2063
57.0629
57.3704
57.2647
56.784
57.3512
57.4135
57.5185
57.131
56.9619
56.9826
56.9699
55.9688
56.6749
56.6795
56.0655
56.3048
55.8819
55.9954
56.7339
56.4542
55.9208
55.7601
55.1823
54.9311
55.7672
55.5236
56.1196
55.6988
56.5489
57.2494
57.3997
56.0935
55.5674
55.6717
55.2973
55.2087
54.752
55.2893
55.2549
54.3287
54.2387
55.0987
55.1492
55.035
56.7748
55.8109
56.1416
56.4035
55.6113
54.693
54.4422
56.1378
54.3649
55.0885
54.8091
54.4118
55.0053
54.446
54.9647
54.5552
55.4316
55.8798
55.9785
55.2054
53.9065
53.9252
53.8429
53.2637
54.5877
54.897
53.8755
54.2314
53.97
53.7738
53.9043
54.0103
53.7455
53.5857
53.8882
53.5985
53.4344
53.9662
53.9779
55.9459
55.7679
54.6794
54.9975
54.4829
54.1695
54.0364
53.4445
53.7816
54.7836
54.959
53.8176
53.0909
51.2899
51.2428
52.6474
51.7686
51.8136
52.0596
52.0276
52.3382
52.4123
52.267
51.9746
51.5177
51.3028
52.4417
53.2764
53.5125
53.1124
54.4252
53.7052
53.1425
53.2935
53.6808
52.8808
53.231
53.6741
53.4463
54.1237
54.7427
54.9577
57.3213
64.3896
63.8341
59.5253
56.5319
56.0926
53.4777
53.3483
53.2491
52.8618
53.521
53.6605
54.1036
53.8051
54.2736
53.1695
53.312
53.156
53.1305
53.0061
52.7012
52.8494
52.6048
51.5566
50.9696
51.5409
52.453
52.0233
51.9814
51.8104
52.1171
52.067
51.971
52.4257
53.1047
53.5875
53.5734
53.0604
52.7185
52.7209
51.8739
51.802
51.4
51.7815
51.5998
51.4139
51.2698
51.2349
51.4518
51.0778
50.7938
50.9719
51.0458
51.052
51.1075
51.8622
51.2526
51.9696
