51.4878
54.0581
53.2108
56.2084
54.0693
54.8162
54.4183
54.0762
53.1595
55.3219
55.0735
54.5886
52.3959
54.115
53.7521
54.5298
51.297
53.1734
52.9576
53.3268
50.4837
53.5164
52.6935
53.6931
52.3602
53.9926
53.0467
53.9742
52.0113
54.2358
53.0805
52.3574
50.7567
51.3577
51.5138
51.9005
49.6208
51.4591
50.6968
51.3579
50.4725
53.2378
53.1547
54.0907
52.079
54.4132
53.6969
53.8417
51.7517
54.2128
53.6812
54.0378
52.303
53.6774
53.0915
53.1586
50.8824
53.0658
52.1896
53.7688
51.9914
53.0543
52.9769
53.2386
50.5978
53.4696
53.8517
55.2016
53.097
55.0773
54.7485
55.54
53.8734
55.4542
55.5365
55.6219
53.7443
55.7457
55.3637
57.0295
56.4088
57.7067
56.796
56.7399
53.9044
55.7214
55.4438
56.4666
54.8141
55.1028
53.7573
53.8582
52.1239
53.8045
52.9997
53.4799
52.3538
53.4759
52.6868
52.6803
50.4284
52.1686
52.3462
52.8996
50.2036
53.1372
53.3363
54.3972
53.0022
54.7909
53.8963
54.5804
53.2016
55.2286
53.369
54.7464
52.7217
54.3258
52.971
53.2827
50.1889
53.1771
53.8625
55.2614
54.5505
55.3526
55.1057
56.4286
54.4419
56.4177
55.2171
56.0677
54.5431
56.4995
55.7528
56.2768
53.6593
56.641
56.3489
56.8985
55.7668
57.6561
56.1477
57.8446
55.197
57.2061
56.7235
57.7746
55.7834
56.6954
56.5674
57.1572
55.3106
57.0645
56.0769
56.6117
55.0672
56.6527
55.089
55.8318
52.8387
55.0247
54.4248
59.0215
58.8577
60.1936
59.6949
59.8616
58.1152
58.8466
58.9503
58.5153
56.3419
58.4514
57.6845
58.2093
55.6264
57.2865
57.1996
58.1272
58.1859
59.2942
57.8346
58.3303
57.9405
58.2606
56.9014
57.9463
54.7973
57.4414
56.8232
57.7491
56.6572
58.4113
56.8933
57.5695
56.6029
56.917
56.7208
57.5606
56.8646
58.049
57.3393
58.0123
56.178
57.6455
57.9615
58.2614
57.0462
57.4357
55.992
56.3304
55.4528
56.2621
55.7265
54.9503
54.4036
55.6878
55.0972
56.2698
54.9635
55.3017
56.0329
56.2209
54.5181
57.1291
56.4651
57.748
56.7566
57.1837
57.4076
57.0857
55.978
57.7411
57.5862
57.557
57.3286
57.9705
57.0371
56.6541
54.9153
57.0438
56.6994
56.9612
55.8793
57.0738
56.9701
57.5206
56.9204
57.1328
57.8799
58.2855
56.528
57.8566
57.8725
58.68
57.6476
59.0756
58.1929
58.7291
57.5523
58.2561
57.8651
57.9939
56.4952
58.9772
57.9249
58.8112
56.6625
58.4974
57.2959
58.1393
56.2085
57.9212
57.4349
57.4036
56.3218
58.4693
57.3445
58.8099
56.6608
57.3924
57.0767
57.9088
56.5327
58.5413
57.5251
57.7676
56.7568
57.8741
56.9339
56.7495
55.184
56.9389
56.6929
56.9881
55.8815
58.1477
56.0967
56.4719
