45.6295
46.4349
46.3084
45.8622
46.3633
44.8611
42.9282
44.6066
43.8252
43.3001
43.7029
42.6292
41.6869
43.8523
43.5522
42.6937
44.0801
43.3887
42.4061
42.3881
43.6296
42.4347
43.098
44.0856
44.1325
43.8311
43.8487
43.7645
44.4478
42.4802
43.7472
43.6237
42.8476
43.0063
43.0051
44.0906
44.1951
43.8161
42.9622
42.7256
43.3034
42.7248
42.3574
43.9514
42.7414
43.2819
43.7574
42.8206
43.8592
44.9488
44.1716
41.6877
42.8987
41.7104
41.823
43.1479
42.0728
42.0663
43.0482
44.1009
45.0789
44.8065
43.8298
43.6378
44.6635
44.1777
43.3466
44.179
42.856
43.2135
44.6717
43.6052
43.5789
43.0615
43.5305
42.9031
44.8044
44.3932
44.3275
43.6899
42.0103
42.1784
44.0858
43.5148
43.8174
43.9153
43.5808
41.55
44.1109
43.7187
40.1473
41.9826
43.0755
41.2425
43.3113
43.6982
43.2494
43.0521
43.0475
40.8025
42.7926
42.0152
39.8006
42.8965
42.0457
42.2028
42.4527
42.3173
42.1854
42.5601
42.5656
40.9265
42.3038
41.6645
41.2047
42.4493
43.4785
40.7552
43.8958
43.4657
43.9285
43.7776
43.5662
42.5991
42.1009
42.4314
41.7709
43.6125
41.2627
40.6873
43.1065
42.2319
43.0568
44.3205
42.6094
41.5471
43.6751
42.7734
41.1176
40.6465
42.7845
43.4491
40.7207
40.0395
38.2468
39.2944
37.9074
36.2677
34.8832
34.198
33.0202
32.6139
31.494
31.211
32.7947
31.209
32.7319
32.2883
31.6236
28.7031
29.5345
29.6547
28.2072
29.3159
29.063
28.1934
29.293
28.5358
29.1629
28.8309
28.7447
28.5277
30.9189
30.7663
28.3997
30.6222
30.3949
29.3045
30.3319
30.5814
30.0688
30.7472
31.5148
29.9528
31.9833
31.9508
30.3278
32.6182
32.2437
30.6093
32.2564
33.2299
32.6553
33.2547
32.5165
30.9263
31.9136
32.0406
30.3409
32.8575
32.3079
30.71
33.0142
32.5111
31.5201
32.2648
31.875
30.785
33.5937
33.6738
31.8957
32.473
32.9036
31.7914
33.8536
35.1341
34.9627
36.373
34.7047
33.4316
35.7996
34.8464
34.6897
34.4234
34.4715
32.8942
35.3239
36.3584
37.0694
36.3645
36.7807
34.1756
35.1833
35.3428
33.9192
35.8022
36.1631
36.1035
38.5914
38.5783
