57.0586
57.5745
57.673
56.4255
57.1756
57.1969
55.7349
56.2452
56.0198
54.5788
56.5754
56.7394
54.6266
55.2515
55.8298
54.6715
55.6017
54.9538
53.2316
53.6289
53.1704
52.0946
52.053
52.7385
52.4611
53.1675
52.8921
50.9364
50.1891
50.2209
49.0317
49.76
50.1798
48.6637
49.6049
49.8108
49.5478
49.753
49.5562
48.3952
48.1966
48.4773
47.6152
48.3757
49.6433
47.8551
49.0525
48.4856
49.3872
48.7581
48.1867
46.6504
47.5081
46.393
45.7897
47.8895
47.9054
46.8348
47.5392
48.3102
48.0386
46.9757
46.3384
46.3711
45.5922
46.475
45.6258
46.2199
45.7304
45.1606
46.0933
45.7511
46.8893
46.0455
45.0342
44.6641
45.2102
44.4189
43.8053
43.8161
42.7381
43.0222
43.7364
43.878
46.1145
44.0578
44.8221
43.8251
42.8304
42.2606
42.5509
41.2157
41.6429
40.8079
41.1051
40.6828
43.6199
41.3191
40.8728
40.1777
40.5397
41.0111
40.6922
39.7963
39.2993
38.9425
39.2911
39.7389
40.7715
39.6398
38.8105
39.5246
38.1613
37.2892
37.3995
35.5979
36.0054
35.2783
37.1328
37.4996
39.7915
38.7498
37.3753
37.6374
37.9562
37.6744
37.4221
37.3154
35.7063
35.7249
37.0356
37.9952
39.5305
36.8418
36.4785
36.1523
35.9561
35.1675
36.168
36.0637
35.5439
35.8172
35.1006
35.9922
38.9975
37.7814
38.0707
36.9462
36.0064
35.5334
35.6633
35.9412
36.0449
36.5978
36.0615
37.1518
39.0407
36.5501
36.4367
35.3355
35.5663
36.1798
35.3326
35.0816
34.9481
35.6891
37.276
37.3188
40.859
37.6094
37.1289
36.3454
36.2691
35.5706
33.9391
35.1279
35.23
34.536
36.9257
37.9278
42.161
37.7175
37.5285
35.8744
36.7749
36.6918
36.5017
36.7727
36.2926
35.7
37.2866
39.0943
42.9686
40.566
40.8052
37.8326
37.3894
37.4708
36.2483
36.9175
36.4681
36.0808
40.1929
40.8496
47.4508
43.5968
43.635
40.7564
39.4575
39.8164
38.5054
39.0565
39.2901
38.8944
42.3292
42.0827
48.6972
44.8839
44.4565
42.2578
40.6068
41.1184
39.8118
40.662
39.7105
40.3887
43.2685
44.5153
50.275
46.0094
45.7291
43.1429
42.7048
41.9416
41.885
41.9191
41.5101
41.5896
45.3062
44.937
50.3837
47.5143
46.9317
44.2164
41.8534
41.8626
42.3999
41.4846
42.0329
41.4392
46.1587
46.2863
52.1991
47.8817
47.7046
44.5061
43.5566
44.2118
43.859
44.0737
42.9405
42.6735
46.8527
46.3315
51.9072
47.7525
47.3606
45.3932
44.3579
44.2141
43.2825
44.1051
43.2075
43.5386
46.6028
46.8071
53.094
47.8929
47.9686
43.5294
42.6289
42.5456
43.2683
43.3542
43.447
42.7876
44.8222
44.9932
50.4702
47.4542
47.1695
44.3859
44.1907
44.1304
43.8611
43.4621
43.4621
43.0435
47.0946
51.4746
