61.4133
61.0638
61.3998
60.1214
59.8842
60.2137
59.3093
59.1455
59.5544
59.9545
60.6057
60.4068
60.1488
61.3864
61.4819
62.3596
63.1994
62.2518
61.4181
60.0545
60.5661
60.243
59.2776
59.5958
60.3042
60.3811
58.272
58.7664
57.1422
56.8665
54.7346
56.2341
56.1533
56.415
56.5971
56.186
57.164
57.5945
59.2841
57.6904
58.8241
58.497
58.2087
59.9557
60.3499
59.5496
57.7734
57.1713
59.9282
58.6126
60.7939
59.7147
59.4312
60.5803
60.1593
59.984
60.3158
61.39
60.5567
58.0728
56.9306
56.4643
56.9202
57.5348
56.2853
57.0185
55.3353
54.2494
53.7117
53.1047
52.1938
55.1625
53.0991
54.1293
53.9053
52.9989
53.4782
54.5626
55.5131
54.2723
54.1625
55.3827
56.6277
57.2999
57.6361
58.1847
58.6764
57.5472
57.5637
57.7756
57.7391
57.42
57.7158
56.4687
56.9922
56.4905
56.9846
57.6383
58.4554
58.7524
58.9737
59.725
60.2267
61.1544
61.5938
60.5967
61.407
62.0787
61.5755
62.4058
62.2561
62.2445
60.8539
60.6804
59.2823
59.6371
59.136
59.1091
57.4538
58.5497
59.1302
56.5289
57.0329
58.4821
59.8872
60.9878
60.5083
60.865
60.0116
61.1577
60.766
60.7328
60.355
60.6293
59.5135
61.1368
61.0049
60.4261
59.0812
58.8304
59.4661
59.9837
59.6722
59.4906
58.2807
57.2467
56.5705
55.4106
55.1059
55.6432
55.2383
53.3557
53.0879
53.3435
52.211
53.0841
54.1257
53.3219
53.2283
52.44
52.7325
51.9974
53.7805
52.2926
51.5276
51.9447
53.0614
53.0403
53.1642
53.1392
53.4923
53.8682
53.9639
55.4643
54.0097
54.9946
55.6466
55.6232
56.4771
57.6216
55.9599
55.2795
55.265
54.8479
55.0465
52.9446
54.8845
53.9436
54.859
54.2534
53.5177
51.9192
52.486
52.3976
53.7712
52.0551
51.1688
51.7681
52.5825
53.0211
52.743
53.6502
53.8408
52.0947
54.1453
55.0812
54.6133
54.1346
55.1877
56.0859
56.6418
57.2714
59.159
59.8554
60.1152
59.5624
59.4813
60.0487
60.8601
60.6089
60.5858
61.5695
62.7231
62.9919
61.0122
63.4388
62.8058
63.3863
62.7877
63.8201
62.8879
64.1991
64.2189
64.1483
63.6049
63.553
63.0812
63.043
62.2415
61.2559
61.097
61.9214
60.9838
61.783
61.0625
62.5607
61.481
61.9721
62.5744
62.0555
61.4763
61.8369
62.5011
62.4582
62.8286
61.452
62.4796
61.8263
63.0944
62.4348
61.5363
61.0075
62.309
62.529
61.7463
61.5981
61.3863
60.2587
61.2294
60.9305
61.2008
62.9823
60.9272
62.4466
63.0545
62.3637
60.7032
61.9613
60.1081
59.9537
60.7704
61.1085
61.4964
59.4928
59.1998
58.9171
59.434
56.0541
57.1912
56.8887
57.4479
54.615
52.9117
54.9915
55.2812
54.7277
56.6817
57.6993
58.8031
58.1816
57.3067
55.9249
56.0065
57.3173
56.8825
56.2147
56.4534
56.7973
56.9742
56.4962
56.7281
57.044
56.1369
56.6259
56.8222
56.4449
57.048
59.0545
57.5033
59.4426
58.9983
58.2915
59.2452
58.2423
58.8075
60.0192
59.9767
59.7924
60.146
59.3288
58.3515
58.2644
56.8311
56.0413
55.3041
53.997
52.8119
52.2654
51.0507
50.1053
49.3469
50.4759
48.0366
49.7066
49.2886
47.8802
48.0594
47.3324
47.8744
44.8802
45.3595
45.112
46.7027
45.4712
45.2659
46.6467
47.2658
48.1811
49.3882
49.1696
48.897
50.3541
50.1527
51.9772
53.0783
52.117
54.5977
54.5067
55.8489
53.3047
55.3077
52.9356
52.8775
52.8793
51.3615
52.0893
50.4598
51.7691
52.0786
50.5697
50.8135
51.3431
50.4345
50.1163
49.8269
48.5226
48.5045
47.8037
48.7137
48.5814
48.3175
48.5444
46.9834
46.4668
47.76
48.0584
47.7703
47.1386
46.9256
45.7883
44.853
46.5367
46.272
47.029
46.5747
47.1628
47.7329
47.1132
48.3205
48.4873
48.8839
49.6153
48.5605
48.7683
49.5896
50.5339
49.38
50.8677
51.6105
49.9936
50.1099
50.1185
50.6262
50.2823
50.3284
49.4565
49.1597
49.914
49.6413
49.1795
50.8943
50.8446
49.5248
50.2309
51.3362
52.0202
50.8875
51.9122
50.4427
49.0947
49.442
50.7331
50.0145
50.3252
49.2472
48.4495
48.8695
48.5791
49.1687
48.6394
47.4213
49.6867
50.2442
50.8288
49.7926
51.3612
51.5241
50.6942
50.0287
51.7471
50.1343
51.7287
52.5158
50.9052
51.9375
52.7659
52.5422
52.5647
52.2413
51.2324
52.1565
54.2114
54.9446
54.0717
54.4021
54.7479
54.4779
55.0112
54.634
55.9937
55.789
56.1093
56.2188
56.5733
56.2871
56.222
56.9182
56.8541
57.2183
57.1411
58.0468
57.0565
56.7493
58.2672
57.61
56.592
56.3437
56.4346
56.9586
55.409
