52.1909
51.8322
52.3491
53.8163
53.7594
53.916
53.5237
52.1134
50.8534
50.7501
50.2227
50.2627
47.6602
48.8889
48.4302
48.1966
46.6639
47.9594
46.9198
47.3085
46.8923
46.4529
45.7097
45.6036
44.4276
45.2994
45.656
45.175
45.5117
44.4959
44.1576
43.0328
42.0108
43.3759
45.4209
46.4367
47.6861
48.2028
48.7723
46.7977
47.8391
45.7876
44.8868
44.386
44.1379
45.4194
43.2614
42.4209
42.4555
43.3394
45.8012
49.2398
51.7647
53.2706
56.2129
56.4999
56.0899
57.8003
54.7321
54.3634
54.0372
51.8871
51.033
49.8769
48.1079
46.8938
45.9675
45.1678
45.9192
47.473
46.7253
47.37
45.7235
48.8131
49.0756
53.0018
53.7432
55.1659
53.6192
53.6142
51.3917
51.7629
52.0754
52.4421
51.8402
51.2672
49.2317
50.727
49.2248
50.0743
48.8521
48.5277
47.8152
48.2605
46.8436
46.198
46.3508
45.5778
42.9688
42.0228
43.3476
42.7737
41.0506
40.6673
42.507
41.7161
42.2198
43.5876
43.9773
46.1104
46.8832
46.3561
48.1961
49.0939
48.0182
48.8972
45.8817
48.4255
48.0528
48.5155
50.8822
51.4986
51.6818
49.7617
50.9164
49.8031
51.2933
50.4033
55.9721
58.1725
57.5208
61.3924
59.7372
60.0148
61.981
60.7715
62.1908
59.1157
59.8541
58.3506
55.3224
51.1237
49.454
45.1634
45.1876
44.8326
45.0434
41.3345
41.3255
41.8093
40.8759
38.2043
37.9929
37.9465
38.4528
39.5843
38.4506
34.7339
36.0527
36.2394
35.6219
36.0495
38.33
37.8039
39.1941
41.8619
42.1884
44.3857
44.8896
43.5378
44.5153
40.7232
47.0012
46.7723
47.3326
49.4938
47.2329
48.2769
47.4407
50.5727
49.8744
44.6516
47.944
47.126
43.1366
44.9691
46.3148
44.8271
46.0991
41.4589
42.705
43.7035
42.6109
44.8769
41.3529
40.726
42.1684
39.7725
42.9153
41.8226
44.1656
43.0621
43.5179
45.8702
42.9952
41.6549
40.7756
42.1303
38.5647
41.6061
42.8307
41.26
41.4129
43.9735
43.9533
44.9544
42.6828
43.709
42.8966
43.4049
43.5179
45.8399
47.4908
45.9826
48.0289
46.4886
46.8768
47.7918
49.1979
45.5438
47.2807
51.4785
49.6949
51.002
50.0445
49.3455
50.041
51.574
51.7824
55.7685
57.7456
57.209
58.2634
55.1842
55.043
51.9761
49.6221
49.6729
49.2959
48.9501
51.2405
49.3682
50.4091
50.1895
51.86
51.82
50.7238
49.9468
51.6162
53.3001
52.0685
52.283
52.2857
50.1804
51.7816
49.5487
49.9147
52.5879
50.8484
50.6812
49.7437
50.682
52.4983
49.8606
51.7602
52.4002
54.7562
54.3377
54.7058
56.6731
55.8463
56.3777
59.4498
56.5174
57.8903
55.5062
54.5764
51.4862
52.7806
49.9394
54.5536
52.7819
52.9253
53.6457
53.715
51.0994
54.7539
52.0277
50.9457
49.6711
