44.7968
45.2219
44.1911
43.695
43.6874
43.1846
43.9559
44.9915
45.4313
44.7666
46.6447
45.4757
44.994
45.7762
45.4713
46.0197
46.2594
45.7641
44.8967
45.4543
45.6382
43.5657
44.472
44.222
42.996
42.98
41.8948
40.9616
39.2977
39.0198
38.8507
39.9044
38.636
39.3868
40.4714
40.0741
39.2138
39.778
40.7556
40.0676
42.0021
40.8685
40.8041
42.1025
42.6732
41.3352
40.0905
40.185
39.9747
40.5059
40.411
40.2576
41.6631
40.4296
40.206
40.6924
39.402
39.4073
39.9568
38.3459
39.0998
37.8987
37.6974
38.6808
38.0158
36.3708
34.6561
34.6253
33.4897
33.2471
33.8212
34.44
33.7617
34.2479
34.5573
32.8666
33.1609
33.6871
32.8436
33.1228
33.1345
33.7144
36.7677
38.0539
38.1926
38.8149
39.5686
39.3346
38.5903
39.4256
38.7735
39.0542
38.3291
38.6567
40.5924
39.4207
39.8524
39.4788
39.9982
40.6418
40.8352
39.6413
39.2647
39.8984
40.1793
40.7843
40.8
41.2335
41.9817
42.7692
43.6318
43.6296
43.9928
43.5957
43.0958
42.4071
41.9868
41.8487
41.5771
41.4723
41.6913
40.29
40.0885
41.419
42.3785
43.1017
42.7485
42.9472
42.4447
42.9736
43.5187
43.1979
43.2682
43.174
43.1157
43.8995
44.0961
42.689
42.1047
41.65
41.7839
41.2029
40.547
39.9642
39.0902
38.3779
36.0428
34.6373
34.8548
34.5037
34.0489
33.8919
33.553
33.674
33.1016
33.9396
34.9266
33.9641
33.0584
32.6601
32.8951
33.0471
33.0572
31.9453
32.2729
32.6667
34.0149
34.5284
34.152
34.1511
33.8863
34.1321
33.656
35.7614
34.6264
36.097
35.4959
33.4895
35.8912
35.6201
36.8377
34.7352
35.2559
34.9404
35.2199
32.9406
34.4477
34.0857
34.118
34.3329
34.9051
33.7792
33.9656
33.984
33.7108
32.0558
31.4838
31.5361
31.3326
31.3007
31.6251
31.9388
33.13
33.5725
34.1818
34.3381
34.1263
33.6753
33.8645
34.9537
34.161
36.2221
37.4817
38.4984
41.7621
40.6914
41.7798
41.3718
41.1145
41.327
42.0905
43.4862
43.0164
43.5446
43.4492
43.5977
44.0092
43.6906
44.2327
44.2899
44.0494
44.5015
44.4834
43.5985
44.2768
44.608
44.292
42.9394
43.0664
43.5737
43.1418
42.7984
41.5917
41.0663
41.1622
41.7063
42.2298
42.0325
43.3382
43.1294
43.1763
42.8444
43.0605
42.9319
42.7266
43.0616
43.7594
43.5234
43.0404
43.3042
42.8352
42.8597
44.1168
44.8995
44.2231
44.5818
44.0253
42.7304
43.4585
43.751
43.6274
45.1
43.5171
43.1383
45.1869
44.8016
43.273
42.9973
41.382
41.0045
41.8984
42.0296
41.1361
41.3102
40.8806
39.3519
40.4226
37.9117
37.7353
37.4275
37.189
36.5829
34.7354
36.1196
35.9226
36.1888
36.0046
37.3793
36.6776
36.9701
36.9697
34.1293
35.6525
35.2341
34.4197
33.3421
32.6394
32.8741
32.7013
32.4633
35.5354
35.1884
34.1906
35.6113
35.6111
34.2274
36.6895
36.4962
35.2676
35.8181
37.6159
36.1082
38.8062
38.4873
37.5305
38.8874
38.9136
38.113
39.6313
38.4791
38.1675
38.7372
38.4663
38.483
38.3964
37.2049
35.4979
34.9903
34.1168
33.3538
31.2054
30.0348
28.1185
28.8827
28.037
25.8153
25.7039
23.9054
22.6495
21.1057
21.4173
20.6541
22.1239
22.5875
21.8325
24.0034
25.3757
26.2933
29.4925
28.7732
29.8691
30.8806
32.2054
32.8144
34.8895
35.6467
37.0511
36.7155
36.6599
36.354
36.4279
35.1974
35.1549
33.7888
32.8905
33.669
31.463
31.6449
31.2241
30.5064
30.768
31.9024
32.5554
32.294
30.7774
29.6836
29.9437
27.5274
29.11
28.7465
27.6115
29.9886
29.6846
28.7133
28.4539
30.1049
28.2558
28.2977
27.8766
26.7665
27.9429
28.3306
27.848
27.2572
26.9314
28.0254
30.5231
30.6187
30.8993
30.5481
32.0413
31.1102
31.6494
32.5193
32.1259
32.4471
32.3565
32.7592
32.9393
32.0174
33.0592
32.7523
32.8054
31.7491
32.4779
31.7634
31.0806
31.0902
30.6277
29.6129
30.9892
31.7411
30.1451
30.9914
31.266
30.9139
30.8057
30.9262
30.5317
29.9936
31.0983
30.8015
30.2839
30.3593
28.4938
27.8094
28.7363
28.4535
29.0714
30.035
28.8493
32.8151
31.9893
32.1166
32.4655
34.4712
33.8851
33.8361
33.0589
34.3058
33.2006
32.6483
32.9705
32.2142
32.3562
32.1236
33.7108
33.2565
34.4191
33.3373
34.1683
34.4092
35.2926
34.3158
35.5888
35.3526
34.6633
34.3533
34.7455
35.3398
34.5572
35.0877
35.0625
34.514
34.644
33.9909
32.8697
33.5792
34.3525
33.6657
35.0862
35.5403
34.2611
35.2334
35.1341
34.0341
34.8188
34.1246
34.5715
33.1213
