39.0696
39.0349
36.1915
36.392
35.0876
35.9396
35.5611
36.7781
36.7594
36.6161
35.9358
36.8798
36.4637
37.1841
35.5816
37.6022
37.3855
35.2151
35.2105
35.0047
35.9886
34.7399
34.7945
34.6152
37.2676
34.9868
35.907
34.7177
34.7603
36.0155
37.4319
36.3736
38.9565
36.649
36.6389
36.0528
36.254
35.3057
36.7971
36.1869
38.6216
34.7484
35.1729
34.7509
37.6585
35.8759
37.3362
35.9884
38.51
36.3953
37.5766
36.6665
36.7617
36.63
36.3145
36.7891
36.0691
35.2473
34.891
36.6325
37.4956
36.7898
37.029
38.5532
38.7602
35.8903
38.5387
36.4522
37.7539
36.211
37.8079
38.1489
37.6139
36.3626
37.7819
36.6625
38.125
35.3414
37.1227
36.0083
37.5884
36.7125
38.0497
36.6828
37.5181
36.7489
36.0899
36.5296
36.9475
36.8614
37.4417
37.0748
35.04
37.4828
37.0393
35.3817
37.8467
35.4305
35.8224
36.6576
34.4972
35.6859
34.5357
35.9143
36.7398
36.2998
36.6702
35.8977
35.9206
36.4393
34.4059
35.1866
35.7326
38.5544
35.9187
35.7697
36.6446
37.3587
36.9072
36.7094
35.1851
37.6179
37.4709
36.513
36.1482
36.087
37.382
37.0597
38.6665
36.4562
36.6545
36.7979
35.3559
35.7176
35.5743
36.0127
36.086
37.353
37.129
36.7879
36.1121
37.1744
36.2804
37.0547
37.1884
37.3413
38.4666
39.2108
39.1248
38.843
38.996
37.5902
38.1713
36.6987
38.4744
39.1444
38.309
38.5432
39.3735
38.9435
39.091
38.8604
39.5286
39.3894
39.6649
41.1514
40.2485
40.24
39.5514
40.2005
39.2645
40.9664
40.2445
41.567
42.0401
41.3332
41.3402
41.9622
42.291
43.4134
42.9092
42.5173
42.0188
42.6077
41.7119
42.3444
43.0001
42.2439
42.0302
42.3269
41.5679
42.035
40.4987
40.4527
40.9656
42.6223
42.169
42.4227
41.8197
42.0926
41.987
44.2637
43.9913
45.2323
45.2236
45.2829
44.0746
45.2129
43.4796
46.1826
45.0703
45.7064
43.3568
42.838
43.9169
43.9522
43.0985
43.5754
43.6861
43.7371
44.2305
43.555
42.5673
42.9609
43.2126
43.0317
43.0629
43.6152
43.676
45.3718
43.7885
43.6486
44.3344
43.6162
43.0706
42.505
41.7781
43.9298
42.6462
42.5127
43.5784
42.6176
41.7038
43.4031
42.9992
42.7104
42.7766
41.8613
42.6819
41.6045
40.7575
40.3801
41.8408
41.0773
40.1761
39.4327
40.1477
39.4889
38.3784
39.9638
39.9447
42.1516
39.953
38.6582
39.4514
40.8898
41.0733
39.6079
39.8498
40.1526
40.5575
40.2992
40.3768
39.5426
39.6809
40.1137
39.7473
40.3408
40.804
37.5855
40.2532
39.7214
41.592
39.9447
39.034
39.1869
38.9705
38.626
38.7357
35.6855
36.4374
36.4654
36.4481
36.1387
36.4291
33.5826
35.0569
34.1079
33.8869
33.9072
32.1915
33.361
32.7956
32.8804
33.7227
33.4898
34.5197
33.7718
34.0406
32.9669
33.8356
33.418
33.4163
31.2042
31.6911
30.6416
31.8374
29.3676
27.9109
28.4909
32.9522
27.9034
29.2461
28.4308
27.5664
27.2694
31.4881
25.6032
30.3647
27.1101
30.8147
26.3196
29.3961
28.1831
30.4978
26.3659
30.5376
27.4307
30.8958
26.6381
28.2143
27.3689
28.6737
27.4078
30.7416
27.1386
29.1372
29.9121
29.2674
31.1391
27.2648
28.7405
33.3066
28.3971
28.73
29.1829
28.9632
29.7701
28.2014
26.4951
30.3467
26.6163
28.6894
29.1644
28.6127
28.5931
28.2649
27.6873
30.0254
27.8109
29.5893
27.8447
26.0306
27.281
26.7621
28.7316
30.5817
27.9801
25.6038
27.0857
29.0598
28.2375
27.7119
30.356
32.5449
29.0007
26.9237
29.3531
31.3476
30.1192
28.3642
27.7788
31.6686
29.5697
28.0162
29.0179
30.9839
28.7892
27.4423
29.5838
31.276
29.2357
26.138
26.5615
27.6084
25.8368
26.3126
28.7342
30.1714
27.644
26.282
26.0864
28.599
27.2071
26.8821
29.3957
32.5207
31.8855
29.8938
29.2755
26.1104
26.8844
26.3749
27.6591
28.9283
30.1301
28.363
28.633
26.9435
28.5245
27.8012
29.3349
28.6534
29.2679
27.2043
27.8323
27.3244
27.9192
27.9967
28.8172
28.9412
28.6927
28.359
29.1963
28.1113
30.0442
28.2339
29.7376
31.2571
31.1251
28.8622
29.9721
28.5556
29.7993
28.8949
29.5305
28.2308
28.8892
27.9308
29.001
27.9735
28.9119
28.8104
29.1897
28.5585
29.3927
28.4582
27.9907
27.5019
28.6599
27.8423
28.8578
27.8588
29.9004
30.4252
30.636
29.1227
31.7043
32.3862
32.7545
32.4118
33.5766
33.019
33.2299
31.7793
32.8765
31.8327
31.5534
30.2832
31.3104
30.5593
31.5845
30.0854
30.5931
29.7231
30.101
29.1766
30.088
29.748
30.012
29.2495
29.8583
29.4148
29.203
27.6872
29.5027
29.6875
29.6588
29.0332
29.4707
30.5272
30.327
30.4221
32.2563
30.9989
31.1478
30.713
31.6318
31.632
32.0431
30.7731
32.5687
32.212
31.6606
31.7512
31.5353
30.7628
31.6491
30.6963
31.0305
30.7888
31.2623
30.6656
31.071
30.5966
31.1574
29.772
31.5441
31.2577
31.5023
30.2923
31.5007
31.7424
32.1479
31.2823
32.3653
32.1263
31.9886
31.3718
31.7533
31.0077
31.5677
30.2576
30.8843
29.9532
30.7239
29.5397
30.6546
30.2339
30.3838
29.5661
30.5153
30.1225
30.6864
30.0078
30.7858
29.8458
29.7328
28.4493
30.9748
30.4639
30.9477
30.296
31.5673
32.2529
31.5851
32.0457
32.5552
32.4289
32.9518
32.151
32.9332
32.2834
31.8976
30.9844
31.398
31.1591
31.7803
29.7223
30.8923
30.4375
30.737
29.8961
30.7909
30.4553
30.6035
29.6005
30.7455
30.5791
30.7209
