41.9165
41.7447
41.3486
41.7623
40.7365
40.2771
41.3146
41.6962
41.4242
42.1583
42.1392
41.2026
41.1015
42.3128
41.7618
42.598
43.257
41.8592
41.5564
41.9524
42.043
40.8294
41.4578
40.9122
39.5785
38.8094
37.2863
36.9557
35.4369
34.8055
35.2922
36.2078
35.007
35.2614
34.5091
34.3263
32.576
32.504
33.4276
32.4269
33.2943
32.5754
32.6525
32.5849
32.0628
30.1366
29.3125
27.7645
26.3419
25.6568
25.0417
23.8235
24.6305
24.4432
23.4919
22.3435
21.3326
20.5654
18.3026
18.0012
19.2073
17.7869
19.0937
19.4247
19.1006
18.6452
16.7641
17.8604
16.9266
18.6102
17.7027
17.6588
17.7251
18.1585
18.0249
18.2261
18.6127
17.5713
17.197
18.5397
18.8307
20.1878
21.7135
22.1767
23.9567
24.134
25.2651
25.7666
25.9232
25.4211
26.9876
25.8571
27.2836
26.2907
27.548
27.1521
27.5989
27.6441
27.9307
28.4737
29.2061
28.0258
28.867
29.5408
30.4829
31.2744
30.8429
32.0699
33.3451
33.4212
33.9052
33.7077
35.615
36.2367
36.1796
36.1788
35.8128
35.9676
37.8523
37.043
38.4825
37.3461
38.7935
37.9692
38.2651
37.7267
37.3921
37.874
38.0156
37.7344
38.3715
37.5333
36.8437
36.9364
36.8569
36.062
37.9479
36.3694
37.3308
35.9916
37.3386
35.7331
36.4172
36.0066
36.5576
36.4784
35.7415
35.1828
34.7322
35.5744
36.6271
36.6816
36.9471
38.1464
36.9988
36.8883
36.1288
35.5435
34.3855
34.007
33.2483
32.4986
32.9746
33.2591
31.187
31.1949
31.3226
30.5083
30.2191
30.1052
28.7605
28.6053
27.5713
27.5842
25.6822
26.0879
25.2881
24.374
24.8152
24.0415
24.3309
24.6446
23.8632
23.983
23.2332
22.5931
23.1014
23.1674
22.0455
22.8643
22.0783
22.0886
20.8698
21.5456
22.19
21.5168
20.3335
20.7202
20.4226
19.3613
19.8524
20.1222
20.8654
21.63
22.7662
22.4188
22.2972
22.5112
22.6284
22.8044
24.1865
24.9988
28.3978
30.3399
33.4987
31.8613
33.1872
33.6689
33.9312
35.0316
34.7006
36.1533
36.1986
36.7623
36.4374
36.6559
37.1544
37.2557
38.1605
37.8376
38.5454
39.7484
39.6562
38.9796
39.6828
40.1994
40.4206
39.2997
38.9151
39.5247
38.3139
38.7364
37.5283
37.553
36.9761
37.5972
38.131
39.2225
39.6789
39.8128
39.1169
38.3622
39.2558
39.6807
39.4668
39.5557
40.4516
41.3298
40.511
39.5753
39.2345
40.1535
39.9506
40.8348
40.9164
40.1836
40.5172
39.0054
39.204
40.1746
40.35
40.5393
40.4362
39.9756
40.2194
39.0694
38.0129
38.109
36.3201
35.9246
35.7706
35.7903
34.2579
34.7075
33.4512
33.0782
32.5995
32.047
32.0046
32.0921
31.4428
30.4188
28.6324
29.081
29.4721
27.967
26.3804
25.6031
23.9251
23.8928
21.5628
20.2825
21.6048
20.5417
21.3452
19.8469
19.4745
19.4756
18.9132
19.0064
19.5025
19.0079
19.0756
19.9354
20.1121
20.0643
21.0246
21.7088
21.0695
20.9993
20.8433
21.1558
20.262
20.6674
19.9414
20.6173
21.4609
23.0075
23.1633
23.4783
23.9865
23.8304
23.3391
24.084
23.0226
24.4098
23.7897
23.1715
24.9404
23.9572
23.8916
23.7292
24.0008
24.4604
24.8795
25.5633
26.6608
26.4306
27.7696
27.6737
27.6949
29.5156
28.807
31.3003
30.6867
32.1524
32.9159
34.9557
34.8005
36.1291
36.7004
36.0842
37.2251
38.0927
38.8378
39.5347
40.2457
40.0358
40.2178
40.3516
41.6202
40.7166
42.0125
41.5919
42.1841
41.3518
42.9262
42.3788
42.6549
42.8317
41.8291
42.6229
43.1392
42.4102
41.8242
41.7142
43.5144
42.1468
42.3257
42.1334
41.6304
41.4863
42.0476
41.3929
40.8657
40.275
40.319
39.8347
39.1918
39.5
39.2118
38.5326
38.3383
37.1055
37.6463
37.3214
37.0692
36.2035
36.2853
35.145
34.5076
34.3795
33.1524
33.176
32.4648
32.3494
30.7692
31.2115
29.6064
29.4668
28.4772
27.4603
27.0959
27.0459
24.9626
25.3223
24.2451
24.2204
23.8432
23.275
22.9526
22.2269
20.3045
21.9776
20.4034
20.0738
19.9283
18.4529
18.3846
18.1211
17.7862
17.2717
17.461
16.9381
15.7859
14.9963
15.7281
16.2166
17.1372
17.3998
17.4622
18.7406
18.262
19.4513
18.563
20.6676
20.9473
20.2977
20.3139
22.0963
22.1437
21.6486
22.2867
21.2235
21.2834
22.4065
23.3633
21.7827
23.3799
23.429
24.3067
24.7086
25.5696
24.7378
25.8656
25.6495
24.8768
24.4488
23.9764
25.1547
24.4236
24.9545
24.963
24.6232
24.8804
24.5692
23.781
24.4796
24.6384
25.0145
25.2116
25.2924
25.7001
25.3506
26.0069
26.4347
26.4407
26.6269
27.5754
26.7469
