19.713
19.296
19.4511
19.3609
18.2645
17.6753
18.0962
17.2663
18.0178
17.9429
17.5765
18.4588
17.3163
17.4421
19.3214
19.9906
19.6056
18.2174
21.6821
17.2466
17.638
17.0332
17.1921
16.9428
16.9848
16.5558
16.9097
17.8243
17.6325
16.9035
16.9296
16.8974
17.3337
17.3456
17.9551
17.1859
18.4668
17.2386
17.0772
16.4261
17.1004
17.2753
18.2531
17.8762
18.5701
17.5122
17.835
19.9011
19.4231
20.0467
17.7559
19.9891
19.236
21.0629
20.3082
21.4958
19.7978
21.3963
22.2947
21.921
22.1024
24.2547
24.4198
22.6321
25.0818
24.1556
22.4203
21.6875
22.5371
21.1429
23.0465
22.1323
23.9925
23.0324
21.64
24.547
20.8171
22.4576
24.5267
23.158
22.6985
23.9276
23.3708
23.8319
22.4058
22.4973
22.7697
23.2037
22.9715
22.3447
22.2761
21.1614
21.7707
20.7714
19.3916
18.3648
18.4282
17.5616
18.5852
17.1162
17.4443
17.8643
17.0126
18.0914
17.9045
16.8421
16.0642
16.4642
15.4169
16.0841
15.0079
15.8857
14.8969
15.2382
16.1977
15.6312
14.5436
13.9344
12.7948
12.8811
11.8245
12.4846
12.4265
12.1707
13.3855
13.0548
12.4693
13.2699
12.9783
12.4165
13.4321
13.9477
12.7569
13.8467
12.8172
14.1953
13.5473
13.2667
13.0607
12.8753
13.3377
11.8328
13.173
11.5361
11.8467
13.7508
13.1131
14.2863
13.2448
12.8865
12.7249
13.2579
11.2325
13.5918
13.5928
11.5571
13.6942
14.2896
13.9341
12.5481
13.8234
12.6784
13.1993
14.1969
12.9769
13.0718
15.1033
12.2308
11.4374
12.1248
11.6193
12.9376
12.0142
12.2701
11.7785
12.3795
12.0411
13.5138
11.9701
12.5256
11.7653
12.3326
13.9852
13.8444
13.8782
14.3938
14.5378
16.5977
14.9509
14.2483
15.1459
14.7468
15.2617
14.5691
14.7988
14.6914
14.9766
14.8525
13.9562
14.4999
15.4472
15.1565
15.7178
16.269
16.1045
16.2988
15.9201
17.0116
16.6783
16.1433
17.5835
16.8078
16.0499
16.2009
16.0592
16.1017
16.7295
16.5638
17.1295
16.606
16.7994
17.1847
15.9909
16.3269
15.2887
16.4206
15.8764
15.9708
16.6271
16.6364
15.8103
15.0222
15.2209
15.6425
15.2298
16.8046
16.0791
16.0463
16.8508
17.0716
14.8615
15.8838
19.7093
17.9867
15.1201
15.3712
14.4564
13.31
13.4195
15.4881
