48.1455
47.3682
46.5982
45.3473
46.411
45.7675
45.1494
45.4745
45.1733
44.2323
44.8663
44.4148
45.4632
44.2938
44.8285
43.983
44.5914
44.5356
44.4425
44.0214
44.2218
43.6722
44.608
45.2727
45.6005
45.6414
46.0435
44.3406
44.3565
43.8879
42.9681
44.2118
43.7716
42.164
43.7934
44.4633
44.4163
43.5881
43.3583
42.5368
43.04
41.4548
41.279
42.4887
43.399
42.6334
42.6897
42.5949
41.4056
40.5795
40.0885
40.1094
40.9965
39.3227
39.1156
40.2975
40.9712
39.5691
40.4786
40.3106
40.02
38.1816
37.9514
38.4347
38.0113
37.7428
37.4049
37.5643
37.1772
36.3139
37.6755
37.678
38.743
36.6609
37.3251
37.4333
36.8364
36.5416
35.1925
35.454
35.0156
34.4879
35.7098
35.7607
36.9025
35.9543
35.3675
34.2696
35.0172
33.712
32.5344
34.2801
32.2457
31.3855
32.2468
32.1637
33.2118
32.9872
32.2573
31.3396
31.2366
32.8689
31.6152
31.2866
30.5191
29.7537
30.1574
31.5025
30.5428
30.6987
31.1757
30.987
30.4714
29.8885
28.8402
29.3855
28.9986
28.1966
29.6721
29.056
29.1894
29.2028
28.1195
27.138
28.9537
29.6765
28.1179
27.3189
26.5968
26.0343
28.9507
28.9699
28.1607
27.0022
27.7549
26.5291
27.968
26.0969
26.3154
26.9942
27.05
25.8152
27.2353
27.9773
27.8278
26.8853
28.642
27.1809
27.1984
26.8095
25.4726
26.9043
26.666
25.9087
26.0811
25.6792
26.6017
26.3233
26.2291
26.1144
25.7281
27.104
25.5516
25.747
26.785
27.445
28.0192
28.6986
29.2746
28.1582
27.6525
27.1126
27.4874
27.6599
26.6769
27.2172
27.5945
26.4244
27.6761
28.4237
28.5288
27.4083
27.369
27.2802
27.1665
27.259
26.9882
27.1837
27.8558
25.831
26.5614
27.4386
28.8722
27.0798
26.9663
27.2571
25.5595
25.7859
25.0689
25.9409
26.4314
26.418
25.6108
26.4439
26.29
25.974
24.9361
25.3495
25.1028
23.9789
23.1144
24.3917
23.5044
24.0218
26.1364
28.1631
30.4881
27.8997
29.1133
27.4345
28.2219
26.3534
25.7519
26.3089
27.252
25.9323
27.2785
28.7113
30.3451
28.8171
29.0815
27.0034
27.8674
27.0973
26.8248
28.4849
28.4373
27.9042
28.9537
29.1013
29.5164
30.2387
29.2274
27.1239
28.3135
27.7928
27.1037
28.1667
28.5927
28.0375
31.4215
29.7793
30.5805
30.1782
30.0964
29.9692
29.7377
30.6718
29.4247
29.9972
30.6374
29.2818
31.7589
31.0612
33.141
30.7494
30.8577
30.5195
30.7448
30.6174
28.96
28.863
29.7051
29.4566
30.1703
30.3877
30.3985
29.505
29.559
28.5785
28.2093
28.4759
28.3098
28.9894
30.4626
28.3091
29.1224
29.9738
28.6634
28.7776
28.4322
27.8783
28.3976
28.6405
27.5988
28.2429
28.6591
27.7046
29.9242
28.2309
