24.0069
24.0983
24.1032
24.1071
23.8273
23.677
24.2671
23.5045
23.9111
24.0809
25.6947
24.7497
26.1221
25.0467
25.1342
24.2406
24.7681
23.9571
24.5311
24.2107
23.1899
23.1491
23.3854
23.1535
22.7215
20.8119
21.0102
21.1217
21.2104
22.2026
21.4021
21.1934
20.449
19.8668
19.9959
20.7616
19.9604
18.7981
19.3662
20.013
20.7837
20.5727
20.7652
21.0233
21.6968
21.5572
22.5528
22.6641
23.7067
22.882
21.4656
22.0888
22.2166
22.1764
22.0863
22.4869
22.4278
23.1757
22.8679
22.4397
22.2761
22.4427
22.0846
22.4678
22.0097
22.3321
21.9041
21.8062
21.4616
20.8852
20.5954
20.4824
20.4763
19.6737
19.2537
20.2212
18.7986
18.59
19.8976
19.6902
19.5217
20.488
20.2653
19.7128
20.5447
22.0806
22.69
22.0406
22.0885
21.2636
21.9139
22.4935
21.3208
21.3417
22.7846
22.9251
23.0646
23.7922
23.2141
23.151
23.8644
23.3871
23.1822
22.631
23.3233
22.4489
22.375
23.9408
23.5655
24.1542
23.8501
23.1826
23.7923
23.7504
23.1396
23.6439
23.5146
24.1075
24.8118
24.6469
23.8734
24.6961
25.0104
25.4064
24.7696
23.5044
24.3937
24.317
23.8416
23.2659
24.1053
24.7702
25.0094
24.8301
25.3123
23.6789
23.3311
23.3101
23.1665
22.8693
21.9733
20.9299
20.9395
19.8616
20.493
20.6754
19.9815
19.9877
20.3983
21.2438
21.7252
21.9219
21.5014
21.77
22.2065
21.9867
22.6016
21.3205
21.4428
20.7105
20.9907
19.8626
19.1649
18.9964
18.3861
17.5953
17.7453
18.5348
18.7817
18.9525
18.919
18.3072
17.3137
17.0617
15.9878
15.9458
15.5823
15.8352
16.5207
16.5959
16.7671
17.2243
17.408
17.2244
17.2893
17.487
17.8629
17.8919
18.7365
17.6305
18.0804
16.9678
15.4988
15.5147
15.8873
14.5205
14.9425
14.0177
13.7923
14.0043
13.3511
14.0029
15.245
15.0897
15.0832
15.862
16.5198
15.3875
15.8307
16.5766
16.0345
15.9941
16.0289
15.8618
15.4434
15.7212
16.364
18.7161
18.5934
18.576
19.3555
19.5465
20.2676
21.6647
20.3008
19.6975
21.5468
21.9506
21.4427
21.5052
20.8132
22.0679
22.7837
23.6052
22.4097
23.5975
21.9588
21.8588
22.6787
22.381
22.1528
22.8635
23.2415
23.1202
22.9721
22.4483
22.6704
23.1572
22.6552
21.9216
22.8044
22.909
23.4408
22.5382
23.0657
22.9162
23.524
22.265
22.9865
24.0254
23.0471
21.8987
22.6138
23.4989
21.1703
22.5094
22.7003
21.0693
22.5207
21.7578
21.8142
21.5735
22.4503
21.0685
22.6368
22.0908
21.6575
22.6546
21.9348
21.4959
22.0742
21.4885
20.9095
21.4775
21.6406
19.8053
21.9144
21.7755
20.7622
22.3256
21.1391
20.5801
20.7229
20.7623
20.8618
21.3405
20.3403
19.9637
20.7346
20.7627
20.2005
19.514
19.9116
20.9153
20.6852
20.5113
20.1616
20.4071
20.3018
20.7628
20.3358
19.9202
19.8558
20.7081
20.1197
18.2025
20.0905
20.1027
19.7539
20.1733
20.3841
19.7723
19.8821
19.9815
19.3072
19.3501
19.6974
19.4442
20.561
19.8461
20.3322
20.3399
19.7684
19.0235
20.9333
21.1199
19.8132
20.6267
20.4576
19.5277
19.7095
21.1342
19.7711
20.7067
20.8277
19.9968
20.6886
20.4198
20.1901
20.6575
19.864
19.256
20.8864
20.6051
19.9891
21.455
22.0794
20.423
20.3162
20.9944
20.9862
21.2136
20.6913
20.4119
20.4665
20.4017
19.9431
20.5128
19.2226
18.1105
19.8438
20.2678
19.715
19.476
19.1895
19.2968
20.1319
20.1807
19.5114
19.9429
19.2641
18.8309
20.3834
19.5721
18.7386
20.0946
19.5921
19.6215
19.5113
20.8438
19.4389
20.1312
20.0798
19.7543
19.7274
19.8449
18.9235
19.9142
20.1511
20.9142
21.5146
21.7452
20.3612
21.2146
20.546
19.2256
21.1524
20.3609
20.4288
20.7201
21.1536
19.6979
20.503
20.5639
19.2353
20.5054
20.2522
19.5392
20.1091
19.3308
19.0755
19.4496
19.6173
19.028
19.2997
19.5075
17.9332
18.5109
18.5399
17.9117
18.6132
17.6205
17.2065
19.2256
18.6656
17.2349
19.4947
19.0797
17.6381
19.2992
19.5922
17.4728
19.5318
18.6308
18.7286
18.7487
18.667
17.8254
18.7124
18.3727
17.7362
17.9326
17.9473
18.279
19.2797
18.6636
18.0714
18.7798
18.0719
16.5753
16.4113
17.3251
17.6214
17.4586
16.8987
16.055
15.5242
17.2168
16.9192
17.5035
17.7869
16.4499
17.9839
18.4977
18.0354
18.4984
18.8206
18.8517
20.2402
20.609
19.5439
21.2813
21.4375
20.9214
21.2385
21.2084
19.5165
20.4902
20.7755
19.8151
20.3411
20.2886
18.9319
19.7386
19.3175
18.1906
18.42
18.6409
18.4732
18.9667
