44.0672
44.2208
43.924
43.4338
43.4213
42.9362
43.6145
44.2057
44.3764
44.3205
45.493
43.9853
43.7282
44.9514
44.1743
45.1326
45.2198
44.1456
43.7666
44.5049
44.769
42.8331
44.443
43.6951
42.298
42.295
40.6885
39.9843
38.1792
37.8969
38.3497
39.2929
38.5379
38.9364
38.7436
39.1
37.5042
38.2593
39.7876
38.8766
40.1313
39.6405
39.5578
40.4147
40.2086
39.7623
38.6701
38.1979
37.5504
38.0089
37.4039
37.654
38.5107
37.3759
37.6718
37.1116
36.4359
36.2795
35.7121
34.642
35.0937
33.5664
34.0094
34.8066
34.1978
33.0953
30.658
30.9664
29.5559
29.1914
29.312
30.4621
29.9057
30.7662
32.2538
30.3752
30.7157
31.0177
31.3069
30.9667
31.1073
32.8017
34.3563
35.8438
36.1068
36.4891
38.2338
38.2298
38.1654
38.2121
37.7611
38.3187
37.2928
38.0037
39.4099
38.1401
38.3661
38.2485
38.4255
39.2971
38.6515
37.9164
37.7291
38.4424
38.4188
39.1341
39.1556
39.9461
40.9025
41.4789
42.0342
43.2362
43.0174
43.0586
42.4029
42.891
41.9761
41.2581
41.2618
41.4619
41.3726
40.5178
40.032
40.9327
41.755
41.8228
42.0224
41.3559
41.4205
41.5113
42.3152
42.0796
41.5452
42.1855
42.173
42.5145
42.2877
42.321
41.0687
40.7788
40.8875
40.6295
39.7956
38.9328
37.9226
36.658
34.4973
33.2731
32.5752
32.5625
32.4622
32.0486
31.9124
32.1167
31.3084
31.4098
32.0167
31.5748
30.7678
30.716
31.0085
31.131
32.0919
29.9771
30.2652
31.119
31.5333
31.5282
31.6426
31.5245
31.3513
32.1967
31.9605
33.1418
32.892
34.0916
33.4879
32.5036
34.1211
32.7716
34.5001
33.2029
34.1014
33.5161
33.5602
31.8886
33.3042
32.9307
32.1743
32.0332
31.8969
31.4676
31.1738
31.7985
31.2387
30.8659
29.7365
29.889
29.0868
29.0303
28.8275
29.855
30.4852
31.3388
32.125
31.6035
31.9046
32.4445
32.6924
32.8505
34.1501
34.715
36.2752
38.9269
40.7796
39.8499
40.1926
40.2659
40.3955
41.0657
41.3804
42.0722
42.0502
42.12
42.0602
42.9266
42.3436
41.9505
42.3393
42.322
43.076
44.0611
43.301
42.8455
43.172
43.3814
43.1566
41.9989
41.9879
42.6246
41.5393
41.1864
40.4164
40.6147
39.7138
40.2889
41.2866
41.4906
42.7378
42.4037
41.8229
41.786
41.8552
42.4943
41.9561
42.5162
43.1033
43.0853
42.6102
42.0751
41.806
42.4534
42.5861
43.1287
43.3165
43.0317
43.0864
42.1571
42.1137
43.2836
43.04
44.0119
42.8583
42.6192
43.7095
42.5085
41.983
41.2536
39.558
40.1509
40.8412
40.5591
39.9412
40.1322
38.6817
38.5978
38.5719
37.4413
37.0025
37.5271
37.5591
35.8661
34.249
35.9215
36.1305
35.8767
34.8757
35.5243
34.2656
34.2959
33.1049
30.7534
31.4651
30.9885
31.1436
29.6128
28.9961
29.1925
29.4433
29.9179
30.5134
30.8974
30.531
31.6514
31.8532
31.4279
32.6956
33.1106
32.3685
32.775
34.0331
33.9582
34.4756
34.3531
34.0523
35.4002
36.5234
36.5592
37.4329
36.9068
37.1419
36.918
37.3825
38.4592
37.6352
37.4403
35.5369
35.1942
34.7866
33.5041
32.3896
30.5218
28.6984
28.7352
27.0755
25.8134
25.9374
24.7483
24.1051
21.693
22.3804
21.8905
22.6909
24.1254
23.8527
25.4174
27.2186
28.8443
29.9997
30.5657
30.7242
32.0081
31.7845
34.2695
34.9036
35.3699
36.5181
35.9379
35.9322
34.7884
35.1907
33.1313
33.4861
32.0526
30.8772
31.4921
29.8868
29.1149
29.4053
28.5427
28.411
29.9092
29.4069
29.8022
27.9507
27.2009
27.2831
25.774
26.8884
27.0256
26.523
28.1071
28.3003
27.6376
27.5197
29.0423
27.7381
27.9044
27.2507
26.3749
27.1487
27.2578
26.7927
26.2998
26.987
27.4056
28.7356
28.648
29.2313
29.3406
29.8736
29.9546
30.0846
31.2673
30.381
31.0892
30.9606
31.4695
30.276
29.966
30.6444
30.7233
30.6443
30.0501
30.498
29.3355
29.5924
29.1603
28.8051
28.0189
28.4232
28.9624
27.5161
28.6106
29.11
29.0543
29.6421
29.4758
28.5189
28.3191
28.9044
29.1193
27.5659
27.6714
26.6621
26.347
26.8853
27.2487
27.8847
28.4859
29.1177
31.0109
30.1491
31.4307
31.1088
32.7991
32.0951
32.0382
31.8922
33.4138
32.0458
31.3554
31.7433
30.1219
30.5731
31.6153
31.6858
30.4626
31.7494
30.8996
31.8749
31.9891
33.3187
31.8297
33.4496
32.6294
31.6318
31.1246
30.3413
30.3909
30.5461
30.623
30.7503
30.4842
30.0038
29.5592
29.2931
28.6477
29.1526
29.4049
29.6211
29.8044
30.0789
30.2262
30.6931
30.3923
30.9548
31.0022
33.0071
31.035
