35.2485
35.1149
35.2074
35.4055
34.8123
33.9335
35.224
35.0474
35.393
34.202
33.7604
33.9947
32.8627
33.0625
30.4878
30.532
30.3079
28.6521
28.2577
27.7181
27.6534
26.9461
26.6869
26.7772
27.0943
27.7612
28.302
28.9562
29.9238
31.5817
31.3144
32.6084
32.4959
32.4905
31.4997
33.4347
34.8835
35.9356
36.9174
37.7307
37.3129
36.8187
37.0415
36.2893
36.5617
36.3345
35.274
34.8594
33.3284
34.0187
34.2412
33.9223
33.8487
32.8155
33.2257
30.5979
30.4923
30.0205
31.4444
32.5743
32.7192
31.6482
30.7065
32.5738
32.8156
32.9783
33.3978
33.8359
32.1645
32.3532
32.8612
32.9164
33.2426
31.5064
30.7802
30.645
31.1401
31.1881
30.6956
31.0171
29.8494
31.2466
31.6766
31.3227
33.2092
33.9091
35.6395
38.3712
41.8393
40.8721
39.9443
40.3695
42.274
41.6609
43.7775
44.1283
44.1836
43.3325
42.9552
41.457
41.991
41.0368
42.4951
42.6795
43.2363
42.8619
41.5104
40.3993
39.6003
38.8199
39.0131
38.7848
38.7775
37.7556
37.5033
35.4052
33.2231
32.5499
31.1317
29.8078
29.4608
28.4555
29.8762
31.0875
32.6868
34.1274
37.3326
38.7631
40.047
39.6706
39.0347
38.9794
38.5038
38.5291
40.0325
41.073
41.1101
41.4789
40.0359
39.2306
37.6192
38.9019
39.6741
39.8782
38.4529
39.6181
41.247
41.0501
41.4774
39.3084
38.9759
38.7025
40.0384
38.6089
37.2187
39.4486
40.8779
40.0851
39.8254
40.3562
40.4852
40.3102
39.3382
39.3502
40.4555
40.8573
40.649
38.7223
38.7884
37.024
36.699
36.8311
37.0249
37.4355
36.5908
35.6795
36.6749
36.4871
36.0515
36.659
36.5219
36.6818
35.4884
37.0515
36.3117
38.185
36.6923
38.1705
37.5194
38.9933
38.0258
39.7671
39.1527
40.0127
40.7451
40.8339
41.6997
42.4034
41.2466
42.5818
43.2983
42.1832
43.2122
43.6691
44.481
42.7986
44.9701
44.1985
45.5289
45.9508
45.1108
45.2233
45.2387
45.7721
46.2766
46.4339
48.0096
47.2265
48.4329
46.6813
47.6291
46.9824
47.6241
46.7976
48.476
47.2326
47.9267
46.7116
47.58
46.3138
47.1991
47.1326
48.0661
47.2769
47.4642
47.7553
47.1866
47.8966
46.9132
46.7691
47.8773
46.8614
47.8294
47.5031
45.8172
45.7887
47.853
46.3549
46.4227
47.9565
46.8341
47.8422
48.4344
48.6696
47.9907
48.6726
49.331
48.8728
48.0984
48.0816
48.8541
48.843
48.4115
49.1622
48.1081
49.5124
49.4527
49.4066
50.5576
49.6441
50.1995
49.881
50.2642
50.2384
49.7806
50.9073
51.5361
50.0989
51.2038
50.6268
50.4198
50.5988
51.8243
51.7484
51.6494
52.2118
52.2335
52.5049
52.2693
52.5603
52.5892
53.8197
52.9802
52.8579
51.8194
50.7348
52.0182
52.5904
52.16
52.5399
52.4552
51.8179
51.1565
50.3077
51.4062
49.8853
50.3892
50.1753
50.7647
49.8766
50.0737
48.8479
48.9462
48.7892
47.978
49.0628
49.4263
48.9413
49.0361
49.4654
49.5717
50.2217
49.6626
50.3817
51.2977
50.2933
50.5413
49.9477
49.6831
49.2908
49.6827
48.8676
49.6115
49.4233
49.3804
50.3496
50.0907
49.6139
50.2854
50.8824
51.6637
51.2275
50.9202
51.148
50.8304
51.7792
52.4047
51.9744
52.5829
52.9114
52.2504
52.474
51.0854
51.1984
51.488
52.1625
51.6001
51.8907
50.9967
52.7691
52.595
52.0375
53.1523
52.5498
52.8978
53.5437
52.4599
51.8626
51.4422
52.39
52.171
52.8848
52.5109
52.5894
52.4482
52.5602
52.3958
52.8463
51.2747
51.196
51.3983
51.4019
51.5881
51.0818
50.5929
50.6576
50.245
50.2157
50.5728
50.3714
50.4725
52.0623
50.5283
49.6314
49.0877
49.554
49.3048
48.1118
48.8502
47.8751
47.4795
47.8467
48.7838
49.2592
47.8043
47.4771
48.026
48.3365
47.4457
47.7483
48.024
48.5844
49.1963
48.895
48.4779
48.9849
48.484
48.0509
48.9229
48.1651
49.1267
48.5976
48.0048
47.8597
47.7082
47.2956
46.825
46.4738
47.1297
46.9033
45.9569
45.5408
47.0751
46.8843
47.2954
46.1804
46.6197
46.925
47.3785
47.558
47.5496
47.7713
47.9477
47.8886
49.4491
47.1203
47.1186
48.3423
48.2408
47.9311
47.446
49.6083
50.1785
49.2698
48.8846
49.1023
48.4431
46.5666
47.8796
47.5487
48.1113
46.4016
47.1545
46.9116
47.4724
46.9317
45.8949
46.669
45.4963
45.5355
46.7213
46.2263
47.5679
46.348
47.2472
46.1228
47.1051
45.854
46.9701
45.6892
45.3308
44.6065
44.5092
43.4789
43.739
43.3527
43.5911
41.7288
42.1005
43.349
41.6816
42.3451
41.9323
41.6516
42.1042
43.4445
43.1689
43.7096
42.2317
43.2808
42.5666
41.7777
41.9037
41.5087
41.6506
41.7041
41.9445
41.3139
41.184
41.1611
41.4042
41.4366
41.6448
41.0561
40.9214
39.3273
40.1415
38.8152
38.8656
38.4863
39.6693
38.8544
39.0219
39.0466
38.8898
37.9579
37.3784
37.1638
37.3555
35.9432
36.7848
36.8748
37.6532
36.2064
35.8041
35.8906
36.2961
35.8207
36.463
36.1058
36.598
36.1753
37.0327
36.9498
37.2966
38.5569
36.1836
36.6877
38.5118
36.507
37.109
36.594
36.6782
37.1292
37.298
36.9943
35.8663
36.6263
36.3559
36.6406
35.9398
36.5195
36.1879
36.2138
34.8761
36.104
35.589
35.4953
35.183
35.3405
34.897
34.6325
34.9137
33.7498
34.2889
35.831
34.6902
33.4615
33.8665
33.8483
34.2655
33.2142
33.3578
35.7734
34.7851
34.8074
34.2467
33.5935
35.0557
33.8944
34.6131
35.2198
33.3367
33.3113
32.6017
34.1612
32.4114
35.0117
34.4634
34.219
