49.4663
50.5484
50.2097
48.7197
49.5601
49.1007
49.6499
50.4367
50.584
50.9392
50.4887
51.0084
51.4555
52.0003
51.9236
52.4543
52.4285
53.2101
51.6356
51.2723
51.449
50.3722
50.6411
50.3648
49.7392
49.829
48.0342
46.7021
45.5877
44.3784
42.9725
45.2123
42.6164
43.6997
45.0336
46.3061
47.177
48.376
48.5369
48.0675
47.9725
47.9164
47.9696
48.3607
48.8687
49.3243
48.2566
49.1209
48.9823
50.3085
51.8383
51.694
51.2352
51.0029
50.6656
50.2698
48.4505
49.6651
49.0435
48.3476
47.6829
48.0671
47.6644
48.5321
45.2862
46.4409
44.4796
42.1724
42.462
42.6153
40.4451
42.451
42.2092
42.8662
43.817
43.7288
42.3661
44.2928
45.6255
43.4898
43.1383
44.288
45.3728
45.7302
45.2871
44.6995
45.1897
44.7988
44.5637
45.8149
44.9826
45.6251
44.9497
44.7505
44.564
44.3779
44.5915
45.9322
46.0529
47.6002
49.886
49.2754
50.2607
49.1037
49.1885
50.0136
50.7167
50.8423
51.292
51.3445
51.0338
50.8674
49.138
49.1455
48.4674
47.7519
46.7097
46.0552
44.9283
45.8294
45.1483
44.1408
44.9375
46.6847
49.2043
49.6502
50.0887
49.7826
48.9735
50.6831
50.7879
50.8679
51.1249
51.1891
51.3172
50.6876
50.0075
49.6629
49.8953
49.219
48.9964
48.2037
47.4756
46.0843
45.9221
45.008
44.2045
43.8696
43.0286
43.5894
41.8327
40.8867
40.8973
38.6973
37.4827
37.488
40.8548
39.8318
40.1122
39.4584
40.1605
39.5079
40.2929
38.6607
38.7761
37.9662
39.8651
40.8559
41.7007
40.7399
38.7298
39.7812
40.4541
40.7592
41.9948
41.6826
42.7408
39.603
43.4617
41.2061
44.9307
40.0278
40.6287
39.3213
40.8605
38.1523
40.8567
41.1769
41.8071
40.3923
39.8491
38.7908
40.2588
39.3097
39.2271
37.0884
39.1196
38.4482
37.4236
39.7882
40.0054
39.9495
38.837
39.6497
41.3717
40.7888
40.4228
41.7866
42.3727
42.8364
44.12
45.1429
45.8183
47.2054
47.6126
47.155
47.5591
47.8418
48.5025
49.1633
49.3742
50.5943
50.3598
51.2577
50.1829
51.0861
50.191
50.8306
51.9266
51.8008
51.7636
51.5583
51.9734
51.7146
52.0129
51.4872
49.8606
49.4949
48.9025
49.618
49.3055
49.5714
49.3365
49.696
49.7735
50.8447
50.8015
50.4902
49.9662
50.0729
49.4197
49.8628
50.7739
51.2669
51.3307
51.8739
50.0173
50.754
50.8702
51.2319
50.8985
50.9011
50.9994
50.761
50.7111
50.47
51.0661
50.3663
51.291
50.5743
51.5556
52.7694
51.5128
51.4061
52.2501
51.6137
49.4202
49.0609
47.1427
47.1171
47.4706
47.4794
47.3233
47.3269
46.6802
44.1671
44.0334
41.3156
41.8039
42.1617
41.5639
41.8925
39.2078
39.571
39.9116
40.0508
41.4378
42.1987
41.9318
42.3802
42.5475
38.2549
42.2451
40.2453
42.7173
42.0211
41.4932
41.8121
42.4529
43.5913
43.6635
43.0545
41.9827
41.711
42.1407
40.3449
43.1883
43.5406
45.4108
43.6191
46.3901
45.9866
46.0337
44.5697
44.6288
44.4086
45.8725
44.425
44.1078
43.6046
44.0839
42.6764
42.0729
41.2095
39.3372
38.7902
36.1959
36.3234
36.1637
35.9444
34.1722
34.8973
31.8747
32.8954
30.4601
30.4986
31.0086
31.4665
29.2774
28.8632
26.7445
26.8219
25.8411
28.004
27.856
29.6435
28.9977
30.8751
31.7687
31.0932
28.8506
32.3383
34.1725
35.3034
35.6195
35.6153
36.3646
36.0531
36.7986
36.4054
35.0394
34.1065
35.1534
33.1959
31.0875
32.21
32.4435
32.2239
32.0126
30.8847
31.214
31.5101
33.2717
32.3528
33.2157
30.1809
29.7432
29.6822
30.6204
30.1624
28.7299
30.5845
31.7249
29.9465
29.888
31.8588
29.9199
30.0162
29.2628
30.3989
30.4655
29.1007
29.6626
28.4238
29.4353
30.8896
29.6806
31.1935
31.7803
31.0426
32.114
31.8898
33.8422
33.2713
34.1047
35.4027
35.3085
36.2518
35.9372
35.0026
36.6874
34.7548
35.8108
36.2714
35.7912
34.3861
35.349
34.7164
34.0522
32.2491
35.3108
34.5508
34.2063
33.2645
34.6529
34.1174
35.1426
35.5083
35.4894
35.3717
35.1444
35.6997
35.9921
35.3675
35.7961
35.7898
36.0044
35.6301
36.1188
38.4227
37.3965
40.6077
39.7816
40.4675
38.7044
41.3033
37.8517
39.1111
38.8407
41.7242
39.0734
39.2795
40.3709
37.1784
38.8211
39.0307
40.2867
39.319
40.1106
39.4917
38.4957
39.9431
41.4687
40.2195
42.4761
42.1211
40.4912
42.191
42.2582
42.1836
42.817
41.9179
43.9181
42.567
42.6691
41.6243
41.7895
41.8245
42.0129
42.5682
42.2051
42.4408
43.8905
42.4051
42.3951
41.5765
42.8047
43.2303
43.7929
43.6057
