22.544
22.19
22.0424
20.9673
22.0062
21.3177
21.015
21.0166
21.6605
22.2892
22.1576
22.5312
21.7214
22.5702
23.1167
22.8925
22.1383
22.8646
22.0692
22.4569
22.1553
21.6913
22.2556
22.691
20.8788
22.4318
21.4598
21.4843
22.2389
23.071
21.8867
21.6716
22.7634
21.5614
21.6073
21.0307
21.0307
21.1335
21.5734
20.603
20.4331
21.8004
21.5533
21.0807
20.7458
19.7261
19.224
19.4518
18.477
19.508
19.5364
19.6902
19.9069
19.5587
19.7719
19.2414
19.1421
17.7098
17.465
16.7732
16.5003
16.6958
16.3041
16.3675
16.9796
17.5247
17.138
17.7498
17.925
17.8452
17.4312
18.7798
16.3531
16.806
16.9575
17.0729
16.9637
16.4578
16.3361
16.7765
15.4077
16.4382
15.8118
15.1733
13.8269
15.8339
15.2618
16.1678
16.7496
17.0491
15.931
16.8486
16.7514
16.2065
15.955
14.7087
14.5025
16.2599
16.197
16.1987
16.6091
15.4835
16.5568
16.0829
16.3373
16.0299
17.2629
16.7015
16.4073
17.1647
16.7185
17.0135
17.7744
17.2343
16.9561
16.6124
16.2717
16.7514
17.6337
18.6811
17.3481
19.212
18.5704
19.0671
19.4449
19.6902
18.7726
19.0407
20.2534
19.2032
19.3943
19.1802
18.3041
19.7971
19.0596
20.2293
20.6062
20.1673
20.9593
22.3125
22.1257
21.025
22.1251
21.6367
20.8711
21.6057
21.6531
22.299
22.3016
22.8864
22.6759
22.536
23.1306
22.576
22.2304
23.5734
22.8017
22.4499
23.1593
21.9165
21.9196
22.0053
22.646
22.471
22.8203
21.8189
22.1528
21.1876
20.1144
19.5893
19.5373
18.8318
19.7685
19.7571
19.4167
20.4801
20.9447
20.452
21.3183
22.2361
21.8512
22.4717
22.7878
22.3364
22.1446
21.6198
21.8824
21.9953
22.3331
22.2138
22.7357
23.6947
21.6448
22.6112
23.0848
22.7098
22.5996
22.576
22.1321
22.8803
22.2965
22.1383
22.2369
23.0343
22.0405
22.9353
21.5911
21.7683
21.1414
22.0037
20.787
21.7333
21.0827
20.7812
21.5333
20.3074
19.8003
21.1938
21.4822
21.6288
21.3476
20.8272
20.2261
19.7801
20.1778
19.6222
19.5499
18.7392
18.262
19.2729
19.5997
19.9597
20.1002
19.0916
17.9207
18.9034
19.4732
18.5059
17.9889
17.7702
16.7942
19.0032
18.6132
18.5362
19.4205
18.2112
17.4063
17.8149
17.5735
18.235
17.1853
17.8954
14.7578
16.6622
16.1548
16.1933
16.5323
16.6793
16.3166
16.3854
16.5808
16.1457
17.8655
17.466
16.3549
17.7383
18.7869
17.6006
18.5525
18.7784
18.3046
18.8806
19.5171
18.5734
18.9046
18.3871
18.0755
18.7636
17.613
17.4543
18.3284
18.7818
18.3764
18.5739
18.3173
19.6822
20.7388
20.1687
20.1864
21.1018
21.5101
22.0057
21.3304
21.3266
20.7913
21.6064
21.0478
20.7643
21.4662
21.7229
21.2409
21.533
21.5134
20.5644
20.9579
21.3727
21.1698
21.7585
21.4726
21.3557
21.1013
21.2318
21.9698
22.2294
22.8561
21.5617
21.106
21.9475
21.8824
21.2409
20.9411
20.866
19.8764
19.6001
18.1073
19.2883
18.6496
19.2345
19.8614
19.3833
18.5641
18.9459
20.1203
19.5141
19.1541
17.7784
16.8355
18.945
18.5896
18.6614
19.2593
19.8035
19.6093
19.5709
18.906
18.6713
19.0162
19.6998
17.2943
18.0296
17.6006
17.4493
18.3279
18.6035
18.1337
18.8209
18.737
18.1588
18.4835
19.0046
17.2085
19.0668
17.5709
18.5628
18.4214
18.1912
17.3517
17.4285
17.9197
17.0696
17.7065
16.5678
16.4191
17.0478
16.6055
17.3952
16.6255
16.3104
16.4783
16.1385
16.0761
16.0841
15.589
15.3052
13.1947
13.7767
13.995
13.5546
13.3286
13.255
12.9843
12.0223
11.0908
11.1783
10.3914
11.0958
11.3235
11.437
11.4316
11.7754
11.8352
11.7326
11.7811
12.0574
10.8065
11.4306
12.2048
12.4735
12.5776
11.9952
12.7231
13.2296
14.2053
12.9734
13.6159
14.1084
15.2043
13.7084
14.5202
14.509
13.8049
15.6316
15.8006
15.1766
16.3127
17.0321
16.2627
17.1481
17.0783
17.6951
17.7033
17.7304
16.8899
18.063
18.1102
18.4212
18.9033
18.365
18.7692
19.5666
19.7313
19.0176
19.9407
19.0393
17.9297
18.4514
18.6064
19.3643
19.5086
19.318
18.9264
19.7891
20.5707
20.4199
20.8009
19.5002
18.5881
19.8959
19.5792
19.6993
20.0277
20.1956
19.1753
20.0173
19.9828
19.8201
20.8052
20.888
21.2156
21.129
21.0638
21.4611
20.7942
20.3701
20.6754
20.8712
21.1113
20.6407
21.3833
21.163
19.6681
21.4485
20.6357
21.366
21.5121
20.901
21.4401
20.8613
20.4966
20.3426
21.7655
21.7762
21.0186
22.0075
21.6262
21.6393
21.7794
21.4752
19.7121
20.2214
