26.245
32.0012
32.1795
36.5708
35.0846
34.759
34.029
30.5864
29.5209
34.2658
32.051
32.3178
32.6635
33.5005
33.0673
37.4983
35.3103
33.4478
35.3397
34.4654
33.3613
35.219
34.3891
34.2696
37.5393
34.1396
34.1121
36.5238
33.7435
33.7184
36.1376
33.4452
33.8778
36.3193
34.7401
34.0658
36.3992
33.9045
33.9765
34.9599
33.5751
32.6699
34.8853
32.5278
33.5986
34.2036
33.7993
32.888
35.6827
33.4304
31.2226
34.6831
32.0886
31.8232
33.6841
31.1352
30.5052
33.3652
31.5835
32.4393
36.1694
31.9833
31.6416
34.0714
32.7646
30.6705
34.2386
32.6604
31.1878
33.5307
32.7297
33.3819
35.9669
32.0346
32.3263
34.2518
33.0095
32.0349
34.3296
32.7868
32.6837
33.6929
32.8169
32.1554
34.7985
32.9237
32.3897
33.0787
32.1046
32.4867
32.0636
31.8263
32.7852
33.3258
32.0234
30.9808
32.9961
30.9341
31.4768
32.9186
30.859
31.8458
31.4992
31.3326
31.7902
32.2937
32.0271
32.7816
32.684
32.8297
31.8349
31.3056
31.5938
31.8402
30.9381
31.4081
31.7442
31.5332
31.5778
32.215
30.4333
31.8389
30.801
30.2759
31.1268
29.942
29.5563
30.1922
32.1213
29.8877
32.1502
31.0456
30.4969
31.297
31.7461
31.2853
31.8553
32.2994
30.1582
31.8537
30.6074
29.8322
31.5447
31.4032
31.4114
30.2667
30.1955
29.4402
30.879
30.3462
29.8403
31.7353
31.0844
29.9977
31.1299
32.1675
30.442
30.2321
30.0002
29.85
31.348
31.3375
30.8392
31.5683
32.0755
30.4558
32.2425
31.7603
31.2663
31.1472
31.6481
29.9848
31.3449
30.8927
30.029
31.8395
31.2201
30.2434
32.6793
32.357
30.3438
31.8337
32.4298
31.1416
32.811
32.8099
31.8696
33.1132
32.9253
31.2399
33.8959
33.32
31.3224
32.0166
33.6876
32.2011
33.5244
32.1294
31.1601
31.9489
32.2362
31.4468
34.2505
34.9389
32.4719
33.9076
33.1172
32.0217
33.4622
34.1042
33.1473
34.3432
32.7001
31.5951
35.1457
32.3743
30.3799
31.9809
32.6454
31.8621
33.6709
33.4443
32.0445
33.9486
33.6472
33.7364
35.3317
35.7316
34.9983
35.5942
35.4489
33.6849
34.8241
34.3231
33.0705
35.2934
34.7782
32.8506
35.6645
35.855
34.2456
34.5382
34.1707
33.648
34.5025
34.3014
33.367
33.923
34.8419
32.7545
33.1961
32.8639
31.8378
32.7184
32.499
30.6138
32.3417
32.6925
31.656
33.8516
33.0915
31.5864
34.2722
33.2967
32.0889
32.1028
34.6211
31.7075
33.0544
32.6079
30.4733
34.1617
33.062
31.5628
32.284
31.9448
31.4443
32.6929
33.5835
31.7796
33.2434
31.8194
33.2392
32.6975
32.1334
30.6527
30.9631
31.3116
31.5548
29.9536
31.136
31.0141
30.9755
30.3989
31.3916
31.3664
31.3172
29.7028
29.832
29.6322
27.7145
28.7333
28.7506
28.7054
28.5331
27.9947
28.3685
28.308
28.3487
27.5292
28.444
27.8511
27.7173
26.4311
29.5563
27.3544
27.698
28.1909
26.6952
27.7463
26.6766
26.86
27.4383
26.4548
26.7596
26.1256
26.1941
25.7259
26.9933
27.0878
27.5189
25.9318
26.4516
27.0283
27.5325
26.853
29.3946
28.0282
28.14
28.1631
27.3801
26.8411
28.9785
28.7613
27.3183
27.0889
28.3889
27.9726
30.8729
27.7347
27.3493
27.7676
26.9804
27.1745
27.5384
26.6774
27.2897
26.839
27.0201
27.504
26.9806
26.2402
27.4251
27.1065
26.3243
26.5834
27.2127
25.8826
25.4901
26.6923
25.9442
26.1021
27.182
25.7632
26.2392
27.4385
26.3355
25.4392
26.9194
25.2929
24.744
25.2242
26.1005
25.2993
26.724
25.6504
26.3067
25.8293
25.8736
27.2193
26.8224
26.013
26.0422
26.8705
27.3786
27.0063
29.9219
27.015
27.1866
26.4491
27.0164
27.2595
26.8916
27.064
26.5615
27.6822
27.6935
28.4749
29.8638
27.6179
26.3026
27.086
27.0662
28.2436
26.7264
26.8135
26.6458
27.1114
28.2907
29.0159
30.7913
28.0734
27.329
27.3426
27.6677
27.1395
26.8805
26.8274
26.7834
26.6833
27.3215
27.5273
26.3186
26.3553
26.2165
26.5907
27.1135
26.7776
26.5364
26.2108
26.3553
24.885
27.7331
27.4906
29.2771
28.1534
27.956
26.3164
26.262
25.7276
25.5436
26.4221
26.8772
26.64
28.4268
28.8805
29.6174
28.9087
28.6243
27.8709
28.1449
27.665
28.4151
27.2483
27.029
26.6267
29.0977
28.4644
29.6382
28.3355
28.1259
27.5316
27.5201
26.7735
26.4982
26.4421
26.5493
26.3788
28.4521
28.6035
29.2261
28.7513
28.6169
27.4697
26.9577
26.7371
26.9779
26.3574
26.2578
26.3728
27.3891
27.2615
25.9384
25.6951
25.6022
25.0755
25.4428
25.5807
25.005
24.7201
24.9761
24.9877
27.1965
27.9607
27.5514
27.1803
27.1741
26.2853
26.2342
26.3665
25.6199
25.2955
25.4541
25.4758
26.5204
26.1459
26.1231
26.0862
25.8948
25.8636
26.0527
26.5284
26.499
26.6512
26.6975
26.1877
27.4665
27.3585
26.3533
26.0656
26.1431
26.1997
25.7156
25.7317
26.4828
26.3497
26.328
25.8203
28.4246
28.4679
29.3682
28.5664
29.1587
27.4244
27.5963
27.6038
27.4815
27.2105
27.4405
26.8674
29.1542
29.0362
29.5618
28.7586
28.096
27.2097
27.2315
27.2851
27.3331
27.5555
27.6654
27.2192
28.3752
28.5532
28.8671
28.3134
27.9839
27.2456
27.8273
27.7514
26.9574
27.0614
27.2347
27.1897
28.6746
28.9263
29.5298
28.522
28.5664
28.1445
28.0495
28.4943
28.2305
27.7216
27.5784
27.9341
30.0089
29.9369
30.7044
30.245
29.461
28.9028
29.169
29.1069
28.2066
27.82
27.9953
27.4322
29.5229
30.0182
