54.9527
55.9249
54.8235
54.5158
53.4645
55.3317
53.8371
55.2056
55.4939
54.2949
53.1188
55.7565
53.1118
55.5061
54.5575
54.4763
53.8971
53.8418
54.7901
54.5018
53.9859
53.4761
53.6666
53.837
53.2987
53.4342
53.9602
53.479
51.2571
52.7356
55.931
53.9613
53.4781
54.1839
54.387
54.1827
52.2956
52.9132
52.9549
53.3079
52.4071
53.2208
52.6089
53.5021
54.1581
54.1502
54.4586
53.6964
54.0064
53.5209
53.2452
53.6661
53.8853
52.767
53.7789
54.0351
53.7958
53.2442
54.5261
55.0361
53.6618
54.0633
53.6886
55.3784
56.5445
56.0519
56.9623
56.2108
56.9626
57.2122
57.2007
57.1879
57.6356
58.4521
60.0487
58.9255
58.7869
58.4843
59.176
58.5309
59.1273
58.6477
58.2306
57.6085
58.7199
58.8239
59.4411
60.0543
58.7951
57.0936
57.3994
56.87
55.6684
56.082
56.6012
57.0161
56.8432
56.9235
57.4796
56.5329
57.6498
56.7481
56.828
58.9396
59.3482
57.8195
59.4612
58.1839
58.5127
58.697
57.7216
59.1592
58.8939
59.1991
59.6825
59.3769
58.5964
59.5688
58.981
59.7421
59.054
58.6246
58.8051
59.9225
59.9091
58.9632
58.9352
59.3378
59.4962
58.8742
59.9121
60.0284
59.3708
60.0547
60.2026
60.9689
60.996
60.3741
60.0441
59.9601
59.0754
58.8723
59.5099
59.1419
57.8033
58.5008
58.6705
58.7843
59.253
59.5241
58.9286
59.4913
59.4339
59.228
59.8695
59.4395
58.0329
58.7777
60.553
60.1483
60.0742
59.422
59.4392
61.8571
61.1077
61.7169
60.6044
61.6046
61.5944
61.2132
60.6374
62.0157
62.0371
61.5948
60.0872
59.8744
60.0879
60.2536
59.7674
60.1
59.6873
60.4492
60.2148
60.0767
59.9167
59.6503
59.6311
60.1021
60.2274
60.406
59.6029
59.4883
59.536
59.2432
60.2241
60.6684
59.6492
59.0631
59.6244
57.6205
59.3695
60.7243
59.1623
60.2368
58.674
58.2497
58.6207
59.327
59.0804
58.2402
57.8418
58.6006
58.7351
57.4788
57.9023
58.0161
58.5335
58.6989
58.0329
59.2252
58.674
59.2893
57.7212
59.3431
58.4499
58.4642
59.9902
59.4025
58.9782
59.4436
59.3869
59.5043
59.3952
59.6202
59.9204
58.7769
59.5271
59.6491
60.1947
59.2101
59.1913
59.2661
59.4936
59.3855
59.6859
59.8012
59.7117
60.074
60.2513
60.6187
60.4443
59.6334
59.6595
60.4236
60.7446
60.6173
60.5308
61.2434
61.4458
61.1993
61.6608
61.3826
61.229
61.204
61.4021
61.2096
61.1392
62.3006
60.0564
60.7407
59.9098
60.3597
60.2198
59.6982
60.7772
60.3466
60.1045
60.4084
60.3668
59.7796
61.1042
59.7761
59.3434
60.1532
60.2652
59.8251
60.5053
60.5806
59.9007
59.9563
60.7856
59.7785
59.8463
61.212
60.3702
60.5256
59.6323
60.0642
60.2105
59.5778
