50.4781
50.0436
48.9019
49.1332
48.6016
48.3867
49.0144
48.0588
48.7836
48.3491
48.7304
49.872
49.9747
49.8419
49.7929
49.3888
50.6684
51.6723
49.9242
50.043
49.0039
50.2732
49.4791
51.2116
52.2743
53.2723
51.9922
51.5047
50.5763
49.941
50.1483
50.3227
50.8142
50.1105
50.1762
50.2682
50.2821
49.8671
50.3734
51.0501
49.9125
49.0243
48.9297
49.5791
51.3543
50.3335
51.2718
50.1719
49.9888
50.6352
50.1191
50.1494
50.9563
49.6761
50.7553
51.4749
52.2811
51.7458
51.0859
51.1703
49.9089
50.404
50.5723
51.5589
51.5502
54.0921
51.8288
52.4838
53.4661
53.07
51.3928
51.6356
51.6581
52.829
53.0808
53.5541
52.4826
53.0459
52.4278
52.8351
51.8416
51.503
51.1843
52.4662
52.6753
52.4967
53.9475
54.2965
54.2166
53.9842
53.6533
53.6183
51.8703
52.3247
51.4583
51.2941
52.1537
52.4485
52.2634
51.704
51.6957
52.6071
54.4851
53.8545
52.7783
50.3852
51.0753
52.2653
51.7832
52.8531
53.0644
53.6276
52.2104
52.3748
50.9482
50.5029
50.5904
51.1861
51.6441
51.9261
51.7728
52.0403
49.9556
49.8068
50.0831
50.6249
50.1372
49.2343
48.9733
50.1658
51.4734
49.1762
47.7063
47.9192
48.7899
47.5956
48.1393
48.549
47.7801
48.953
48.5997
47.9556
47.3876
47.3954
47.4461
47.6765
47.3459
47.7251
47.805
47.1551
46.2944
47.5231
48.3507
46.4024
45.768
45.977
45.7188
46.3992
46.6131
46.305
46.5779
46.4533
46.0208
45.7779
46.2999
47.5062
48.252
47.6488
47.5206
46.6665
46.1469
45.5168
46.6479
48.4318
46.6854
46.6074
47.4868
46.6335
46.5855
46.5169
47.6019
46.8999
47.067
46.8379
46.9
47.0316
46.5478
46.8077
47.7487
46.0525
45.7652
45.5205
46.7808
45.3398
45.3724
45.6698
44.5618
45.2428
44.1694
45.3647
45.2799
45.5579
44.8232
45.1625
45.2857
45.5974
45.6312
45.6707
45.1773
45.3137
45.0807
45.384
45.8125
45.9237
45.771
45.7469
44.5726
44.4221
45.2862
44.4176
44.4375
43.2183
43.562
43.3745
43.1094
43.4966
44.7482
45.2625
44.9007
45.064
43.8572
44.6233
44.8404
43.7566
43.894
43.1068
44.1133
44.1932
43.5522
43.7437
43.8139
45.1883
44.4341
43.6942
44.2617
43.9426
43.515
43.8055
45.3407
44.9411
45.886
44.7478
45.866
45.5289
44.2912
44.695
45.5059
45.4501
45.5888
45.2593
44.8044
44.9091
45.5174
44.4786
44.653
43.3193
44.5015
43.7006
43.1465
42.8326
43.5634
43.2522
43.7048
43.5242
43.1047
43.212
44.4693
43.6475
43.8027
43.7285
43.5134
42.988
43.7096
44.4604
45.0506
44.8429
44.3156
43.9029
43.8932
43.87
43.0114
43.0965
43.1175
43.6701
43.1535
44.4476
43.9136
44.3533
44.8418
44.3479
