19.6733
19.2966
19.1729
18.7779
19.2151
19.2562
19.0329
18.3862
19.2551
20.2876
19.2565
19.686
19.7427
19.8205
19.7742
20.088
19.5899
19.3517
19.3415
19.2502
18.5428
18.6836
18.986
19.8696
19.0458
19.8753
19.1496
18.7935
19.2094
20.4071
19.8566
19.2369
19.3778
18.7306
18.4844
19.0066
19.1133
19.2581
19.1303
17.9156
18.1334
18.5546
19.1025
19.0271
18.0751
17.0522
16.9643
17.189
17.1521
17.4698
17.6527
17.0408
16.1945
16.4121
17.214
15.6466
16.1085
15.7901
14.9697
14.4458
14.3867
14.7027
13.7983
13.5447
14.5322
15.0493
14.5452
14.7923
14.9462
15.3555
15.0393
15.1154
14.5732
14.4775
14.5304
14.0341
13.7057
13.7374
13.9538
14.2447
13.2835
14.1554
14.0473
13.7165
13.1636
12.7087
13.8636
13.1624
13.2844
13.0014
12.915
13.9732
13.6183
13.3308
13.1309
13.1362
13.1815
13.8776
14.3606
14.0376
13.6174
12.8822
13.8105
13.4863
13.9136
13.9325
14.9739
13.4749
14.4878
15.0836
15.0554
14.8702
15.2145
14.2026
15.3628
14.479
14.5036
15.1498
14.8431
15.7764
16.2082
16.8421
16.4074
17.2665
16.7027
17.4394
16.2996
16.7036
17.2298
16.9342
16.8706
16.6606
16.761
17.0831
17.4903
18.077
18.1226
17.6684
18.971
19.4804
19.1918
19.0846
19.5805
18.766
19.0676
18.7395
18.6672
19.271
19.8167
19.7848
19.3919
20.1045
20.3317
20.6672
19.6253
20.6755
20.6121
20.4052
19.7882
18.9884
20.0598
20.3673
21.1741
20.547
21.0518
20.3796
20.2917
19.2585
18.9746
18.4916
17.8869
17.8033
17.6632
17.2713
18.0786
19.0491
18.6338
18.9685
18.7012
19.8931
19.6864
20.3607
19.4245
19.8389
19.2217
20.0236
19.6974
20.1446
19.873
19.809
19.9205
20.4048
19.8718
19.6651
20.2852
19.5516
20.2132
19.837
19.5139
20.1865
19.7902
19.5874
19.9121
19.7157
19.5744
20.4875
18.9131
19.6783
18.9755
19.88
19.0153
18.6302
18.9772
18.1431
18.5697
18.3005
18.3408
18.0608
18.1313
18.9727
18.7713
17.8641
17.1642
16.604
17.122
17.1674
16.744
16.3827
16.4831
16.4351
16.4884
16.2579
16.5154
16.123
15.5081
15.0535
15.6291
15.1392
14.6313
14.5518
14.343
15.2111
14.7644
14.5202
14.993
14.9118
14.6608
14.1191
14.5001
15.0446
13.7405
14.6206
13.0721
14.5034
13.8055
13.4425
13.5377
14.2836
13.8352
13.3788
14.8168
14.0877
15.251
15.1108
14.0806
15.0358
16.1295
14.727
15.3962
15.0904
15.0149
15.3279
16.2454
16.3573
16.0153
14.9708
15.8772
15.8207
15.2659
14.5524
15.5492
16.1869
16.0734
15.8348
16.1069
17.3815
17.5265
17.2234
17.8948
17.8835
18.6318
19.4159
18.0469
18.018
18.0643
18.5176
17.9645
18.7358
18.4406
18.9901
18.8698
18.8082
19.7997
17.7007
18.711
18.8355
18.8309
18.7611
18.5284
19.2172
18.8963
18.0277
18.63
18.8365
19.0141
18.6414
18.6648
18.8416
18.9034
18.8386
18.3504
17.9404
18.4058
17.7274
17.2053
17.6815
16.9684
16.9479
17.2557
17.9896
17.0703
17.3021
17.8832
17.4243
17.1056
16.0889
16.2837
17.2908
16.0023
15.6861
16.513
17.2563
17.1502
16.6398
16.2998
16.1056
16.0863
16.4466
16.0176
16.7745
15.3195
15.6519
15.9913
15.6259
15.6797
15.8689
16.6133
16.3175
16.0699
16.4567
16.1077
16.7799
15.6947
15.9499
14.5829
15.3511
14.8215
14.8958
15.3465
15.0675
16.0676
15.2508
14.8112
14.6865
14.2594
15.3626
14.3099
14.3242
14.3354
14.021
13.2693
12.6154
13.4182
13.1465
12.4756
12.3631
12.0522
11.0077
11.2361
10.9738
10.7721
9.84833
8.64992
8.82899
9.17651
8.62909
9.54922
9.5154
9.43383
9.60401
9.98546
9.66128
9.63907
9.2338
8.8577
9.63792
9.54922
9.96579
10.7577
9.81784
10.2612
11.3706
11.6717
10.3734
9.8577
10.6035
11.3491
10.7333
11.914
11.6709
11.699
12.6686
13.1345
13.3373
13.2938
12.9563
13.0295
13.7365
14.1892
14.7257
14.9202
14.7448
14.9979
14.4847
16.1157
15.7544
15.1977
15.6231
16.5038
17.1201
16.739
16.5664
16.6067
16.7132
16.2098
16.3454
15.8407
16.139
16.4408
16.893
17.0687
17.1875
17.6658
17.2263
17.4245
17.0758
16.7408
17.37
17.0835
17.0956
17.6648
17.8405
17.0524
17.2106
17.7589
17.7524
17.6575
17.725
18.419
18.5777
18.1339
18.9993
18.0307
17.6481
17.7292
17.5425
18.0658
18.1217
18.705
18.3359
18.2477
18.4458
18.1064
18.7007
18.8037
18.7454
19.1116
18.6214
17.8075
18.1469
18.2562
18.4422
18.8818
19.3624
19.4572
19.6105
18.7637
18.3146
17.413
17.7684
