33.0175
32.0914
31.922
32.5323
31.7844
31.9802
32.4736
31.5417
31.1165
29.8492
29.4813
29.8335
28.6264
27.2609
25.783
24.7434
23.3077
21.7396
21.0392
20.6247
19.6779
19.0854
19.3748
19.0635
20.9067
20.1161
20.6326
20.7666
22.9787
23.4075
24.4389
24.0197
23.4202
23.8443
24.7295
26.0119
27.8253
27.3851
26.9569
27.6466
25.6938
23.8479
24.6163
22.8434
21.5194
21.5197
22.0533
21.7114
24.2722
21.6502
20.8709
21.366
21.3897
20.8962
22.2207
20.4697
20.8841
22.4133
21.4606
20.3759
22.9411
21.1324
20.7167
22.3135
21.1162
20.4222
21.5844
20.5677
19.8262
20.3494
19.6914
21.0179
22.6487
21.2614
19.4296
20.1339
19.2175
18.8901
19.8984
18.6692
17.8837
19.2329
20.1936
22.5626
24.69
24.5794
25.1862
25.1556
26.8524
30.8759
31.2677
31.8909
32.1188
33.3484
33.4696
33.7485
33.1924
32.0122
30.1151
29.8726
29.0531
28.7277
29.9687
29.2505
28.8402
28.9758
31.0205
30.5957
30.8049
30.2875
30.2223
28.9281
28.583
27.6131
27.9385
26.0947
24.2722
24.1239
22.3147
22.5497
22.4115
21.4466
21.0845
21.3199
21.4977
24.6283
25.31
27.3865
27.6787
28.7801
28.6069
28.3902
29.6818
28.2087
29.0251
28.3251
28.6664
28.7033
28.3642
26.5523
26.7069
27.4474
27.0831
28.7986
30.141
28.9088
29.644
30.5962
31.5493
32.183
30.9261
31.5833
32.4264
32.0902
32.1718
32.9805
36.4149
34.2834
32.9825
32.8002
33.8063
34.581
33.6715
34.3793
35.015
35.3164
33.6079
33.0688
35.2015
31.422
29.7553
30.6042
30.9467
30.2713
30.5839
29.6108
30.319
30.9424
31.9209
32.0855
32.503
31.0122
29.5226
30.4499
29.1366
29.4665
28.8437
29.3911
28.1627
29.9696
29.5099
32.2741
34.9454
32.552
32.81
32.699
33.7685
32.9353
32.882
33.6042
32.2323
32.5093
32.9015
34.109
34.6544
32.6484
33.184
33.9912
33.5131
34.3776
33.5172
33.22
33.669
33.2139
33.0909
34.8076
38.0457
35.6546
35.6616
36.1419
35.4522
35.5739
35.8283
35.5156
35.7488
35.8239
34.6083
35.6158
38.9888
34.3297
34.3109
34.4769
34.9643
33.9005
34.8992
34.4969
34.0411
33.4457
33.4464
34.2387
38.6737
35.9142
35.3237
35.6832
34.3529
33.8584
33.9629
34.4066
35.6473
34.8313
35.5399
35.7543
39.9933
36.183
36.8197
36.9064
35.8399
36.7762
36.6875
37.0685
36.4793
37.1324
36.1849
38.2916
41.2792
38.4836
37.5955
37.7288
36.7249
37.9253
37.4096
35.7581
38.1383
37.783
37.9762
40.1719
42.1426
38.7686
38.5614
39.1048
37.5531
38.3659
39.2395
39.6845
37.7923
39.3295
40.9424
42.0739
43.3921
41.0277
41.4133
42.3101
42.0178
41.1008
40.0278
40.0664
40.8453
41.1487
41.1488
41.4171
43.274
40.9891
40.0312
40.2143
38.7614
38.4948
39.2895
38.0751
37.623
37.0902
37.5697
39.099
40.7178
38.1468
38.0316
38.3644
38.6126
38.6326
39.0853
38.4387
37.3598
38.2521
37.5309
39.4994
40.86
37.8919
37.4821
38.4634
38.0353
38.2746
39.1791
37.8431
37.1094
38.0153
39.0023
41.9244
43.466
40.8657
39.826
40.2631
40.2933
40.3854
40.7842
39.6725
40.4757
40.7948
40.5653
43.2755
46.187
42.6673
41.8762
42.2099
41.6891
41.3746
41.8387
41.6922
41.0152
41.7551
41.9583
43.619
45.8813
43.5712
42.0983
43.2728
42.6648
43.2919
43.2121
42.0781
41.895
42.6774
42.2029
43.8582
44.9943
43.6769
43.5246
43.1594
42.5934
42.0461
42.4108
41.7197
41.5484
42.2792
43.0148
43.0214
44.6232
42.8687
42.0822
41.5701
42.1106
41.8603
42.738
41.5169
40.9516
41.8459
42.644
42.7106
43.9503
43.0326
40.5456
40.8445
39.9122
40.7542
40.9008
40.8596
39.6965
39.9011
40.0046
41.6109
42.7084
41.2829
41.734
41.5898
40.9503
40.7775
41.1185
40.814
41.1404
40.9863
41.6142
42.9639
45.0116
42.8861
41.5543
41.5071
40.8986
39.8875
40.4443
40.7333
39.7693
39.9693
39.2658
41.1198
42.627
41.1565
40.1828
41.0331
41.1182
40.8402
41.7609
41.264
41.8502
42.8126
41.7133
44.4099
45.7283
43.8688
44.089
43.9558
43.2778
44.9604
44.0056
45.421
45.277
44.4679
45.5119
44.8031
46.3387
45.0571
44.8123
44.9754
45.3646
43.0003
43.668
42.4771
43.1348
43.2802
43.1306
42.6985
44.5246
44.5548
43.8196
43.8603
44.2881
43.4145
44.6874
42.9452
42.6113
42.9653
43.2512
43.3903
46.3166
44.467
42.2404
41.9704
41.2177
40.3459
41.718
39.7751
40.262
40.7683
40.1259
41.8194
42.5335
41.6201
41.9782
41.5064
41.1142
40.6078
41.7159
40.705
40.5169
40.6479
41.427
43.0525
42.6853
41.5109
41.8807
42.9098
42.0362
41.2459
41.2414
40.9526
40.8457
40.8663
39.9466
39.4236
41.6269
40.614
40.1693
40.0497
39.2028
38.7341
38.6691
37.4583
36.9706
37.7898
37.0124
37.2582
38.8503
37.6895
37.6724
37.0277
36.9155
36.3406
36.2722
35.773
35.5981
35.2089
36.0863
36.5154
39.2963
36.3121
36.1959
36.1697
36.7432
36.9879
37.3404
36.0229
35.1779
35.3655
35.4073
36.3922
38.1112
37.0408
35.9483
35.5354
35.5357
34.7773
35.4595
35.1365
34.9532
35.502
35.9873
35.7427
37.0009
35.2632
34.6639
35.8646
35.6622
35.7053
36.1842
35.1121
34.664
35.6846
34.7848
36.7502
38.7901
35.6926
34.8431
35.9375
34.002
34.3503
35.9262
33.6079
34.01
36.0492
35.5848
36.9338
39.0298
36.4648
37.1009
36.5757
35.7578
35.7721
36.2419
35.4163
36.0718
36.6547
35.4496
40.3374
