33.487
32.2541
32.4421
32.5866
32.1216
32.4673
32.3043
31.6456
32.37
32.1321
31.333
33.1458
35.2247
33.9579
34.4964
34.7579
34.3989
34.8675
34.9311
34.7572
34.5856
33.821
34.5842
35.6004
35.256
35.1459
34.0714
35.5379
35.3414
35.3067
34.5751
33.9941
34.3425
34.4736
34.9054
34.057
35.6806
34.5696
34.0639
34.753
34.787
35.4069
34.9201
35.1406
34.0473
32.7342
32.4956
33.4586
34.0089
34.7779
33.429
33.2643
32.9179
32.7866
32.5233
32.1673
32.4484
32.1942
31.5776
30.8305
30.231
30.1446
29.9316
30.2056
30.7158
30.2836
30.4472
31.2372
30.3319
30.7359
29.4327
31.2116
31.3011
30.9575
30.7867
31.6269
30.9824
30.666
30.7716
30.806
31.4982
30.9135
31.2692
31.8569
34.4639
33.1157
33.308
32.3014
32.7422
32.7508
31.2204
32.8206
32.1311
31.7269
30.1239
30.3645
33.0697
32.4608
31.5891
32.9932
33.2558
32.4023
31.7316
33.1256
33.0021
32.0517
32.8832
32.2895
32.3917
32.9464
33.282
32.505
33.2624
31.2432
31.409
31.1141
31.5955
31.2678
31.992
32.3567
34.3729
33.951
34.435
34.2713
34.1774
34.4382
34.6132
35.1184
34.8241
34.9264
35.6641
36.1905
37.1488
37.3564
36.9387
36.6515
36.9759
36.7963
37.3762
37.3062
36.8937
36.8203
36.7109
37.4636
39.6225
37.4514
37.6429
38.5902
37.6721
36.9797
37.1146
36.5035
35.5577
36.2944
35.7479
37.0385
36.2749
37.3606
37.0225
36.9235
37.4039
36.9299
37.2614
36.8843
36.93
36.8901
38.0733
37.8566
39.128
38.0008
37.1863
36.3028
36.1684
36.5119
35.6864
36.1988
35.6154
35.0369
34.7202
36.9647
37.3893
36.8284
36.7545
36.9421
36.7292
36.2515
36.952
36.4693
37.3324
37.5905
38.7104
39.6283
41.9947
40.7441
41.1847
39.677
39.4425
39.1751
38.87
38.9216
38.542
38.6738
38.2679
38.4395
38.9798
39.1117
38.2227
38.2767
38.3108
37.9453
38.7529
38.2191
37.7835
38.035
37.2507
38.5214
41.9011
39.2057
37.9732
37.173
37.476
37.2989
35.9271
35.5972
35.7626
34.9831
37.0359
36.7053
39.5597
36.6746
36.8369
37.4486
37.0591
36.7858
36.7294
36.7995
36.8078
37.3903
35.9039
36.3611
35.2768
35.239
35.8391
36.4528
35.036
35.5112
34.8565
34.803
35.7167
34.6458
34.8306
36.0285
37.5735
35.7144
35.2119
36.1118
35.6044
35.8076
35.6807
36.8018
35.7802
34.6093
36.0682
36.2365
35.9118
35.6366
35.5905
35.3577
34.5127
34.5872
35.9062
34.3145
34.6941
34.2986
34.8925
34.2403
36.4908
34.9845
34.6956
34.1742
34.1627
33.6225
32.5309
33.4524
33.9348
33.3174
34.3777
34.5691
37.6478
35.7783
34.9322
37.1424
36.3786
35.1547
36.9539
35.9767
36.0759
35.6995
37.3998
38.6554
41.3644
38.8697
38.8078
38.2902
36.9645
36.939
36.8022
37.0622
36.9127
37.0092
37.2505
38.4584
41.157
38.1361
38.6921
38.7622
37.1746
37.6348
38.5798
37.0197
37.6882
38.1211
37.902
38.2614
40.6109
38.3707
39.1051
38.2798
36.9515
36.899
37.0278
36.5136
36.4708
36.8887
35.2141
35.812
36.9672
35.9538
34.3389
33.828
33.9865
33.6366
33.5808
34.0965
34.4655
33.9917
33.2196
32.8936
33.9768
33.5362
32.8888
32.8996
31.8733
32.7319
33.4196
32.8271
32.3659
33.3291
34.1432
34.6271
37.8986
34.3701
35.4871
34.2972
33.2013
33.5809
33.3118
33.4331
33.097
33.4582
34.8182
35.1115
37.2488
36.5097
36.1984
34.7801
34.5399
34.8143
34.3581
33.8059
33.9767
32.2105
34.2315
33.7349
36.9546
34.6224
32.9454
33.1009
33.6753
33.7012
33.1838
33.3557
33.1358
30.8292
34.9918
35.2778
41.7776
36.9441
37.0842
34.6795
35.2186
34.1702
34.305
34.7858
34.0181
34.1014
37.3408
36.7222
37.6996
36.3307
36.006
35.022
35.6196
34.7622
34.8793
36.1799
36.7479
34.6554
37.9154
37.1663
40.176
37.7276
36.7942
36.16
36.329
35.8221
35.6259
36.3835
36.568
35.8147
35.968
37.9495
38.689
38.632
37.4801
36.6544
36.2719
36.3389
35.826
34.7909
35.6804
35.0212
36.8875
38.5046
40.7419
37.8135
37.2317
35.5276
35.8772
35.2943
35.0398
35.7878
35.7613
36.1904
36.7935
37.0665
39.5204
37.3597
37.7719
37.5454
37.6899
37.396
37.7634
38.5494
37.0936
37.3305
38.7041
39.6378
43.0128
39.7538
38.905
37.777
37.9711
37.4968
37.5568
36.4739
36.922
36.577
38.8257
39.3355
42.7988
40.346
40.3082
39.2795
39.5996
38.7923
38.8615
38.8311
38.4681
38.8015
40.1887
40.6292
42.54
41.9791
42.6756
41.302
40.3064
40.3062
39.4643
39.6988
