50.4672
49.4299
49.065
48.0588
47.2809
47.4672
47.7212
47.0114
45.7973
47.3122
47.9332
46.7682
47.2636
46.4313
45.8374
44.2925
44.7851
43.7441
44.1992
42.9379
42.8607
41.8514
41.7139
41.9887
39.6852
38.8269
39.4187
38.9868
38.8059
39.7368
38.978
38.3354
36.6492
36.7913
35.1051
36.007
35.1578
34.5082
34.7434
33.7412
33.4829
32.6938
33.4548
33.8729
33.9985
34.1345
33.9967
33.9894
33.4666
32.9479
30.7948
31.2641
31.746
31.6765
31.6277
31.8138
30.6828
31.0827
30.9526
31.3031
29.474
29.904
30.4432
30.732
30.0323
30.6199
30.3874
30.7286
30.3361
29.4626
28.1245
26.8403
26.8823
26.9421
27.2889
27.5783
26.8081
26.7949
26.9405
28.1627
26.7767
28.4453
28.1901
27.7598
27.7058
29.2675
29.7559
29.6303
29.9221
30.1301
29.8205
30.6055
30.2516
30.8733
31.3807
32.7005
31.8042
32.7457
31.9973
34.1977
34.274
35.2753
34.4727
35.6804
34.762
36.1482
35.4253
37.174
36.8809
38.4734
38.3077
38.0869
39.1728
40.49
39.3674
40.569
41.1301
41.1962
42.8207
43.2278
43.738
44.6627
44.7169
45.0186
45.0967
44.8179
46.1086
46.4564
47.2409
46.9591
48.1236
48.2073
48.6246
50.3426
49.7587
50.3649
50.3326
49.6163
49.8357
49.7606
51.3528
49.827
50.7891
49.1731
50.7142
51.4907
51.6277
52.5415
53.306
54.3862
54.3111
55.6001
56.4032
55.326
56.1519
55.4464
56.2441
56.93
55.9446
57.4269
56.9098
55.5247
56.8215
56.7621
57.2676
56.5126
57.1089
57.7036
58.661
58.7325
57.7563
57.7617
58.1588
57.2144
59.0913
58.2928
58.5652
57.982
58.3709
57.3736
57.5785
58.1168
57.6781
58.57
59.1156
60.4757
59.8768
60.4492
59.9599
58.7564
59.5054
58.6503
59.0679
57.5242
57.7534
59.0156
58.1582
58.1042
58.7416
58.0739
58.1577
58.9544
57.7676
58.6277
56.8719
58.8601
59.2104
58.2497
58.6163
58.1881
58.169
56.7209
57.5901
56.7257
56.0349
56.9936
56.8166
57.1777
56.6344
56.9035
57.817
57.5888
56.1712
57.9339
56.1512
56.2765
56.3413
55.6426
55.0239
55.0544
54.9862
56.0069
54.8832
56.1234
55.6441
54.9789
53.6112
54.0125
53.4452
53.4045
53.1944
52.2935
52.53
52.0795
51.7568
50.9493
50.9687
51.4173
50.8458
50.7267
49.3359
49.2977
49.2099
48.7001
47.5305
47.253
47.8625
46.8321
46.082
46.1441
46.7556
44.8284
44.1938
43.9669
42.5424
42.3886
42.8543
42.1283
41.0015
39.4939
40.2651
38.16
39.099
38.637
38.4938
37.6374
38.1746
37.8592
37.0699
36.7169
35.9472
35.0883
35.0721
33.6275
33.4313
32.6393
33.4717
32.2888
31.7992
32.2086
32.1325
31.3702
30.8376
31.0607
30.1694
29.8238
29.1271
29.7258
28.8026
28.6539
27.7659
26.7422
27.1653
28.1876
28.009
27.0431
27.9998
27.3847
26.388
27.4639
26.6179
25.6832
26.9826
26.3238
26.1347
26.6859
26.8861
27.1917
26.6628
27.1196
27.2005
26.6796
26.0008
26.8529
27.1477
27.6238
28.206
27.4251
28.4184
27.6344
28.7829
29.046
27.734
28.2494
28.843
28.7817
29.6377
29.0734
29.232
29.3441
29.0682
29.2046
30.1299
29.5315
30.5436
30.4128
31.1946
31.9001
31.6312
31.8739
31.2822
31.8093
32.9424
32.5109
34.1488
33.8707
34.3901
34.3483
34.6676
34.7859
35.6332
36.2003
35.9981
37.2994
37.4036
39.1113
38.5863
38.2889
39.7747
40.0527
40.75
41.9317
41.3079
41.7081
42.944
42.8986
43.729
43.7267
43.9156
44.7405
44.1259
45.7197
45.6546
46.9889
47.7365
47.5196
47.75
47.1438
47.3442
49.4158
49.5235
50.4221
50.4457
50.8311
50.4308
51.2288
51.9802
51.5368
52.6137
53.0302
52.4641
53.839
53.3147
54.0558
54.4581
53.7101
54.4832
54.2237
55.3893
55.2404
56.3968
55.6851
55.8198
57.0392
56.2731
56.5319
56.9828
55.3448
58.0519
57.1117
58.1303
59.3993
57.6371
58.2929
57.4348
57.7327
57.0248
57.9004
57.8933
58.8545
57.9326
58.0068
57.9137
58.28
59.4034
58.4592
58.4408
59.1764
59.5192
60.1024
59.9972
59.7405
59.8284
59.8295
59.9341
60.0338
59.0048
59.5314
58.9824
59.4731
58.998
57.5658
57.8488
57.7266
57.5123
58.7345
57.0907
57.9043
57.5052
56.6997
56.4182
56.5765
56.2182
56.6101
55.2092
55.8566
55.4799
55.4785
56.1395
55.7627
55.3992
54.9956
56.5312
55.9779
54.396
55.3089
53.2369
54.2551
53.8812
54.3835
53.9228
53.2795
53.661
53.0464
53.1403
51.7827
51.5165
52.4625
51.2825
51.6874
50.5854
51.6324
50.3621
49.7687
49.4358
49.1372
48.6806
49.7593
48.0803
48.5837
