44.8605
45.731
46.5969
46.0284
46.2245
46.067
46.2449
44.9223
45.7048
45.7435
47.7806
46.1847
45.9074
44.7837
44.4612
44.3334
44.5108
44.6483
44.7849
45.3414
45.6028
45.3084
45.6333
45.483
45.6478
45.4346
45.7715
45.7732
46.1276
46.0056
47.6908
48.5376
48.0982
46.7542
47.1185
46.5864
46.1794
45.6489
45.6188
46.5151
46.853
46.7298
46.8225
46.0895
46.1015
46.3374
47.0152
47.0036
47.0836
47.1745
47.5969
47.0691
47.4222
47.0362
46.8039
46.6635
47.0522
47.1405
47.3265
46.7423
46.8742
47.334
47.0057
47.3929
47.0139
47.1948
46.9861
46.3552
46.6551
47.3088
46.985
46.9795
46.4221
46.2992
46.8136
46.5071
46.007
45.3683
44.4948
44.1517
44.1649
44.2764
44.8775
44.3885
45.5287
46.0295
45.6417
46.0704
44.3432
44.8527
45.9768
45.3019
45.2453
44.9453
44.9316
43.6563
43.5231
42.7539
42.7374
44.7836
45.6296
47.2525
46.8746
48.6819
48.7804
47.1211
46.7028
46.608
45.9932
47.4144
46.0433
46.8756
46.1838
46.9016
46.7989
46.1422
46.6487
44.8113
45.9437
46.2184
46.4945
46.9516
45.793
45.0027
44.7646
44.7253
44.1752
43.8248
43.8942
43.7499
43.7292
43.4041
43.4371
43.5479
43.6015
43.7479
43.4871
43.7037
44.9891
45.5127
46.1803
46.9468
45.8958
45.4219
45.3694
44.8065
44.1012
44.7315
44.2242
45.7192
45.5858
45.3962
45.0766
44.2583
43.5375
43.7183
43.7724
43.5384
43.9572
43.9916
44.0976
43.9311
43.9941
44.2325
44.1258
43.9028
45.1574
45.604
45.589
45.7777
46.5115
46.4284
45.079
44.4245
44.7857
43.9392
43.9479
44.3585
44.6703
45.3152
45.714
45.5506
45.7501
54.2449
59.7045
54.8788
53.0292
47.1078
45.2424
44.9639
43.9702
43.9121
44.4447
45.1177
46.121
46.0701
45.5868
45.2202
45.0563
46.0101
45.0452
45.2179
44.7828
44.4906
44.2123
43.8486
43.4218
43.6151
42.7645
42.3086
42.4777
42.4887
43.1405
43.0975
43.5705
44.0484
43.3401
44.2182
44.6723
43.8752
43.8662
44.1005
43.6952
43.431
42.2981
42.8112
42.5151
41.9655
41.4572
41.9129
41.6318
41.3037
42.1283
41.401
41.7687
41.8902
41.4146
41.4673
42.0419
41.1011
