50.6869
50.6869
50.6869
50.8312
51.4287
49.8657
51.2313
50.3281
50.8257
50.3234
49.5224
49.4013
50.2682
49.996
49.4825
51.158
50.8378
50.6827
50.0335
49.0007
48.8348
48.1951
48.3719
48.9982
48.7172
48.6595
48.7232
49.4488
48.5404
48.2353
48.6473
48.9755
49.6215
48.6979
48.0926
49.0057
48.6407
49.2768
48.4482
49.3597
48.8135
49.8347
49.2194
49.2064
49.5293
50.0802
49.4358
50.8924
50.524
49.7047
50.6267
51.2973
50.756
50.5739
50.8989
50.4457
51.1658
51.1127
51.3252
51.8264
51.6032
50.5821
50.9924
51.054
51.5493
51.7505
50.8022
50.4215
50.3822
50.6544
50.7195
50.034
50.0256
49.31
49.9896
49.8203
49.1177
49.6966
49.7906
48.4996
48.7925
48.5775
49.0188
48.7723
49.097
49.2203
50.1982
50.8922
51.2976
51.6304
51.9293
50.7205
50.7146
49.3796
49.9523
50.2858
50.6133
50.3196
50.0402
50.3214
50.0574
50.2977
50.7442
51.2157
49.5026
49.1517
49.7366
50.0814
50.3995
50.6888
51.2835
50.5468
50.9548
51.8731
50.4398
50.9898
50.7007
51.6721
50.2488
50.1956
51.4233
51.2887
50.9428
51.8824
51.6486
51.8834
51.6233
51.2067
50.8645
50.4605
51.0674
51.5774
52.404
52.1177
52.5826
51.1681
51.2411
51.7867
52.1027
52.5698
52.2823
51.1664
52.3283
52.3876
52.3488
52.3874
52.2693
50.4436
50.5647
51.7975
50.9135
51.6388
50.8906
51.1321
51.9272
51.9099
51.9091
51.2426
52.7596
52.4979
51.5025
51.7376
51.1458
49.918
49.5971
49.105
49.5087
50.3088
49.7475
50.3082
49.832
51.0504
50.0532
49.9471
50.8866
50.1562
49.5797
50.5419
50.3375
49.2162
49.6391
50.2434
50.6404
51.1212
50.6637
50.8466
50.9533
50.0812
51.0505
51.5762
49.6932
50.3483
49.8867
50.7829
50.0737
49.3281
49.8174
50.0843
49.623
48.6327
49.3201
49.8237
50.94
50.5361
50.1768
50.6168
51.0488
50.6664
50.9696
50.2046
51.0725
51.0795
50.6834
49.9269
50.4434
51.3476
50.9823
51.6555
51.1305
51.9403
52.0038
51.8723
52.8386
53.104
52.4414
52.4761
52.786
52.3364
52.6363
52.3316
52.5915
54.2808
52.4406
52.1168
52.5228
53.5194
53.5724
53.8584
52.4085
53.223
53.8546
53.5776
54.9465
54.6162
54.2454
55.032
53.5023
52.6557
53.3032
53.328
52.8475
54.0355
54.1639
53.5432
55.1886
55.6082
54.5613
54.3178
55.4458
55.2275
55.5217
55.7041
54.0436
54.4769
53.4738
55.0839
55.6175
56.3671
55.1347
54.6138
53.3059
53.0462
54.9327
54.0398
54.1559
55.0328
54.227
55.3944
53.7786
55.031
55.7435
54.8435
55.6858
55.6529
54.4176
54.992
56.0711
55.0005
54.8794
55.21
54.6474
55.4638
55.3745
56.0236
55.3905
55.8693
54.8302
53.5081
54.4358
54.1688
54.7242
54.5617
53.7804
54.5248
55.4878
54.4514
54.4898
54.0904
53.6972
54.17
54.9385
55.3773
55.4552
55.2633
55.3289
56.9352
56.5698
56.8736
55.1672
55.826
55.6719
55.974
56.0111
54.7569
54.213
53.8396
54.1456
54.2608
55.5823
56.0326
56.4542
56.5235
55.4383
55.8054
57.2992
58.632
58.3585
56.9078
58.7832
57.8819
57.1511
56.7608
55.9928
55.9707
55.7626
55.7044
56.379
55.6587
55.7563
56.0313
55.2463
57.2913
56.8879
56.7448
56.2348
58.7387
58.95
57.8423
57.5307
57.4112
58.1451
57.6343
57.3243
57.5161
57.0885
57.0116
56.4404
57.3784
57.1692
57.5934
57.1627
56.756
56.5235
56.7466
57.4442
58.1082
56.7673
57.3099
57.9701
57.5783
57.4193
57.393
56.6289
56.293
56.1412
57.7195
57.5122
57.7948
57.6917
56.0292
57.674
57.1542
59.2554
60.0275
59.0949
57.8013
58.1845
57.3823
58.1506
58.6702
60.4478
60.246
59.2013
60.1497
61.2381
59.0718
60.0169
59.5492
58.9744
59.9893
61.0202
60.4726
60.5719
59.7378
59.9318
59.6026
59.742
58.9572
59.2132
58.8715
59.5098
58.2764
59.3132
60.3722
60.3496
60.2737
58.7292
59.2211
59.1227
59.0335
59.2111
58.8378
60.3632
62.0053
59.7288
59.7591
60.3214
59.2042
60.5384
60.6826
60.6371
60.486
59.9963
59.9655
60.4628
60.5024
59.3119
59.6337
59.984
60.5173
60.0284
59.81
59.2659
60.0667
60.4874
60.6329
60.2991
60.7992
59.8953
58.9798
59.6822
60.0955
59.2083
59.904
59.9244
59.566
58.6677
59.1153
59.7468
59.4551
58.3557
58.6264
58.9539
59.7059
60.4178
60.2934
60.1922
61.6522
60.526
60.8866
59.3612
59.4922
60.3058
60.6179
60.6254
60.286
60.6921
61.0052
61.2452
60.6383
60.7065
60.6337
61.7596
61.9231
60.796
60.0328
59.4586
60.4828
60.5458
61.9684
