66.8388
67.2075
67.3648
67.6333
68.0671
69.1978
66.357
66.4455
65.2414
66.9417
64.7495
64.9101
64.1833
62.1327
62.55
63.9116
63.1908
62.9257
61.4838
61.0432
61.983
62.2231
62.926
61.9918
62.1197
62.4021
62.5364
62.2963
62.7239
60.0342
61.3729
60.3158
58.9666
59.8717
60.2346
62.0181
63.083
61.928
62.7677
62.5687
62.6226
63.1184
61.7714
60.7018
59.8873
61.5688
59.1322
58.6966
59.3796
59.9039
59.854
61.9074
64.069
64.5301
65.8601
64.6833
65.5598
66.2221
65.1311
66.7553
64.1799
62.8246
62.895
62.3993
60.1673
59.5603
59.4919
59.1819
60.4018
61.3455
61.4266
61.1297
62.3402
63.7109
63.9709
65.5569
67.3334
67.0163
66.5108
66.6289
65.979
66.0745
66.7259
66.3107
66.5575
66.6123
64.3992
65.0712
63.8336
64.5668
64.59
63.5076
64.5492
64.4896
62.4646
61.8216
60.0366
61.9848
59.6474
58.935
58.6437
58.7891
58.2078
57.675
58.2977
60.8329
60.3166
62.0195
61.9457
60.9868
62.5371
61.2218
62.5891
62.9075
61.731
61.881
61.6648
62.1789
61.9835
61.6244
63.4604
63.8207
63.5809
63.6422
64.2179
63.5508
64.4517
63.9787
66.8267
68.3797
68.3236
68.6843
70.5543
70.6804
71.175
72.1679
72.5601
70.5525
69.8402
69.5374
70.0187
66.98
66.7828
66.3658
65.0982
64.217
64.5792
62.9559
64.0901
64.5042
63.7467
62.5929
63.1178
62.606
63.7042
62.8542
60.9873
62.0291
61.2344
59.7278
58.3916
58.1767
58.5361
57.415
57.0205
57.5129
58.3407
60.1721
59.6846
59.0561
61.3664
61.3995
64.1267
64.6062
65.3182
66.994
65.6583
63.5683
65.2788
64.0445
62.8712
62.8619
65.3568
65.499
62.1079
64.9244
64.5001
64.5012
65.5097
64.783
62.7761
62.2952
63.8072
63.5401
62.6072
61.9988
63.4527
63.7399
65.4912
62.9889
66.0535
63.8789
63.7853
64.4639
61.3578
61.0752
59.4246
60.478
59.5494
60.7327
60.9468
61.3719
61.3522
64.2739
64.193
64.6661
63.6558
60.8695
61.4961
60.4724
60.6216
62.0271
61.8851
61.4743
60.6428
61.6864
62.1633
63.23
64.4474
63.9514
66.3574
69.0525
67.9996
68.2077
66.4243
64.8695
64.0156
64.119
64.879
66.4388
68.8098
68.8677
70.2372
70.5061
68.8689
67.8223
64.8664
65.1643
64.8135
63.5444
64.653
64.9331
63.9653
64.8722
65.331
65.0965
65.9401
65.9806
66.6395
68.1599
69.6134
68.9383
67.4157
67.173
66.7108
65.397
65.6157
67.2875
66.0213
65.3301
66.2894
66.7886
66.239
65.3077
66.1802
66.3442
69.026
68.5614
67.6395
69.7095
68.3766
68.7101
69.1527
67.1718
67.9566
67.4165
65.4623
65.5637
65.3854
64.9842
66.2547
66.3396
67.9087
68.4829
69.3875
67.3686
69.4586
70.1652
68.5044
65.8241
