29.5693
29.1861
28.5281
29.235
28.5285
29.2019
28.9872
29.1607
28.211
29.1975
29.623
28.9828
28.6517
29.5494
29.751
31.1065
30.8856
30.7743
31.5487
28.8636
29.1625
30.0916
29.4279
28.375
29.0286
27.771
27.929
28.4775
27.944
26.7859
28.225
27.9098
27.3097
28.3449
28.5611
29.3903
28.7322
28.581
28.3408
28.044
27.5699
28.1812
28.7341
29.6169
28.7561
29.367
29.2399
30.3421
29.254
30.3635
28.717
30.5279
29.3491
31.6223
30.964
32.0327
30.0913
32.0786
30.9354
31.9342
29.7792
32.2451
32.6855
31.7868
32.4073
33.4989
32.3153
32.288
32.3456
31.9624
33.2607
33.3521
32.9982
32.8491
33.0515
33.9311
32.2888
32.7315
33.6851
32.8016
30.7442
33.1683
32.4328
32.0818
31.2406
31.5431
31.6295
31.7294
31.3842
31.1173
30.4268
29.569
29.6978
28.565
27.1279
26.4634
25.9803
25.589
25.0645
25.2353
24.6774
24.6977
23.6705
24.2879
25.2317
23.2308
23.7537
22.7216
21.9018
24.5161
21.4994
23.4239
22.3591
23.1324
24.5169
23.1412
22.3633
23.5641
21.9767
22.8556
20.739
20.8105
21.4021
20.3861
21.8396
20.6768
20.2167
22.2733
21.0937
20.4713
21.8294
20.8631
20.2205
21.6963
19.6515
21.9011
21.4594
20.6554
20.12
19.806
20.419
20.4357
21.4731
20.3796
21.6582
22.1269
21.5654
23.3581
21.5332
21.1314
21.3303
22.0377
21.4215
22.864
21.3231
21.2398
21.2072
22.6309
22.472
20.8991
23.6179
22.1019
22.1096
22.7459
22.7774
22.5973
22.9369
23.0554
22.9807
23.4663
21.0273
23.7923
22.4339
23.0596
22.0931
23.495
22.2783
23.4316
21.5287
22.6341
23.1246
23.2629
24.541
24.2811
24.9484
23.9687
23.105
25.9277
24.0889
23.8137
24.8252
24.0384
25.0282
25.5679
25.8157
24.9104
24.2077
25.4387
24.408
24.5122
26.8505
25.5783
25.6256
25.6635
25.9142
26.4158
24.7757
26.1442
26.3053
25.4685
26.0239
25.5202
25.5263
25.1862
24.4996
24.3339
25.4754
24.9936
25.3878
26.0882
26.219
26.8445
25.7753
26.1809
26.076
26.8051
26.3377
26.9846
26.8535
26.9797
26.2221
26.0355
26.769
26.0234
25.1255
27.2243
25.8188
26.3173
27.4065
26.5918
26.1419
26.3921
27.7901
27.896
26.9678
27.0313
26.3383
26.209
25.7132
26.8975
