35.1548
36.6244
36.3725
36.3764
36.2916
36.823
35.9297
36.7022
36.5264
36.1291
35.8982
36.9055
36.6328
37.4553
37.0095
37.0639
36.5537
38.3812
37.5961
38.33
37.8588
38.4224
37.7569
38.2278
36.0396
37.9702
37.7105
37.6935
36.3772
38.5072
37.4294
36.4123
35.3545
37.1259
37.3332
38.2715
37.1353
37.9291
37.1848
36.7617
35.264
36.3904
36.9174
36.8399
36.0447
36.1248
35.3258
35.2785
33.2586
35.5525
35.8037
36.1549
35.1644
35.0645
34.5764
34.0838
33.4181
33.5441
32.6744
32.0901
30.5486
31.5916
29.9057
30.874
29.897
31.6281
31.5281
33.2698
32.9807
33.3919
33.1676
33.551
33.5111
33.8656
32.9819
33.7525
32.978
32.4135
31.3569
31.943
30.1256
31.8465
32.1749
33.1481
31.781
33.3365
32.7365
32.51
31.9492
32.0684
30.8262
32.5042
31.1694
32.243
32.1428
32.8107
30.4143
32.7438
34.4009
35.5828
34.022
34.6902
34.1421
33.3755
33.6496
34.7492
34.6739
35.4954
34.787
34.2176
33.4878
33.0061
32.641
33.2548
33.3651
34.1097
33.0979
33.9334
33.5568
33.5217
31.9338
34.3805
34.67
35.7336
35.2704
37.8398
36.6293
37.7978
35.6949
37.2664
37.586
38.0732
37.8682
38.2689
37.9599
38.1456
37.1737
37.6874
38.1618
38.544
37.8945
38.6068
38.282
38.9181
38.3796
38.3644
38.3692
38.5829
37.9789
38.7621
38.0014
38.3188
37.6862
38.5368
37.2264
38.5786
37.6735
38.0489
37.4427
38.3102
37.6039
38.2157
38.7471
38.8255
38.0165
37.973
37.881
37.5534
35.9348
36.9893
36.664
37.0029
36.3524
37.3966
36.8637
37.5054
35.7608
37.6133
37.4086
39.2669
38.9152
38.4009
38.1442
37.9343
37.8888
39.2875
39.0116
39.2248
38.8723
39.6127
38.8045
39.8507
37.9049
40.4794
40.1076
41.2945
40.3065
40.954
39.6513
40.158
39.288
41.3756
41.2958
40.7448
40.188
40.4117
39.9166
39.8231
39.1793
40.035
41.1357
41.3507
40.1661
40.0747
38.8582
38.7187
36.1396
38.4733
37.9762
38.3653
36.4199
36.1149
34.8282
35.1535
33.4538
34.5997
34.4083
34.7169
33.9318
34.815
34.4053
33.7546
33.8517
35.2388
35.4134
36.8696
36.403
37.2598
36.0146
35.6443
33.5821
35.9695
35.6312
37.0267
36.6013
36.7007
36.1603
35.7015
34.6598
35.8793
34.3639
33.9846
32.5233
34.4293
33.1954
33.245
32.5472
34.2433
33.4691
34.0304
34.071
35.2318
34.7763
35.7975
34.5567
34.7977
34.6978
34.9301
35.2934
35.7476
35.0252
35.9045
35.0814
36.2406
35.0087
35.6046
34.8381
34.3182
33.1679
33.6304
31.2777
33.4933
33.4441
34.1235
32.1809
35.0946
35.1008
35.0078
35.069
35.5429
36.5736
37.0617
36.8796
36.6096
36.3551
36.6933
35.0833
36.1912
35.8603
37.4005
36.3254
37.778
37.9895
37.4405
36.4582
37.5357
36.9399
36.9506
36.632
37.8746
37.6717
37.4781
37.2457
37.8133
36.9228
37.412
37.4753
37.8301
37.7929
37.2057
36.0594
36.8662
36.8838
37.6453
36.8921
38.4967
36.9936
37.6925
35.0285
36.2715
35.2279
35.7477
34.7214
35.8587
34.5593
34.0527
33.157
34.3474
34.3273
34.7076
34.6716
36.2845
35.5121
34.3494
33.6969
34.6602
34.1228
34.0573
33.2106
34.706
33.8136
33.2939
32.6525
33.3504
33.4801
34.7833
33.9496
34.136
33.249
33.6189
32.6793
32.6531
33.0967
33.638
31.6189
32.7017
31.6387
31.1461
29.5333
29.5118
31.0682
31.1344
29.4684
31.0582
30.5211
30.6673
29.2904
29.6796
30.2322
30.2012
29.3118
30.718
30.4477
30.4415
29.0519
29.1468
28.4638
28.8824
26.5341
26.3801
25.9935
26.3101
24.2602
26.2223
25.0861
26.039
25.9727
26.9107
26.1497
26.6612
26.3692
26.9811
27.7134
27.7256
26.8942
27.7358
26.6418
27.7042
26.9926
27.8599
27.5998
28.29
27.7475
28.6645
28.9541
29.194
28.0711
28.7845
29.0422
28.3037
29.5562
30.857
29.3602
31.0249
30.3289
31.4308
32.0235
34.0875
32.607
33.6508
33.1794
33.5947
32.7129
34.3716
35.3514
35.5917
34.8942
35.1528
34.6666
34.5792
32.8976
33.9577
33.726
32.8788
32.9439
32.786
32.7142
33.1321
32.8943
33.9546
34.7349
36.0346
36.2732
37.1025
36.3608
36.1614
34.2046
37.2001
37.4383
37.9513
37.1141
38.6829
38.0481
38.1347
36.2857
37.2062
36.8384
38.9082
37.3699
38.7086
37.1926
37.5239
36.8053
38.8938
37.8511
39.2462
38.7915
39.739
38.7283
38.3935
36.2029
38.4069
38.1807
39.7553
38.9702
39.1008
39.4217
39.9215
38.0983
39.3816
38.5018
39.5398
38.7531
39.8393
39.4229
39.6015
38.4328
38.8425
37.4761
38.6646
