53.9482
54.9588
53.4868
52.4142
53.9919
53.4653
53.6914
52.582
51.6191
53.0745
52.0783
53.6492
53.3265
54.4603
54.6517
54.9558
54.6881
53.8329
54.5726
53.6767
54.1078
55.0645
54.6
54.8859
54.8619
53.5103
53.9484
54.2583
54.079
53.9058
53.5498
52.4109
52.7318
52.6997
53.8968
52.7887
53.145
54.2372
53.513
53.7956
53.3148
54.2006
54.2483
54.2858
54.3687
54.4079
52.6969
52.9134
53.6749
54.1728
54.0187
53.2642
53.3596
53.8821
53.584
52.3084
53.3734
52.1132
52.2874
51.9098
49.6124
51.2114
50.1165
49.6634
50.2441
50.4096
50.6979
50.9778
51.4075
50.9374
51.6852
52.6226
52.581
51.5342
51.7215
52.3962
51.4576
49.7562
50.9419
51.4418
50.4768
51.9617
52.0159
51.8087
52.0658
51.9055
52.5313
52.4078
51.6173
52.2587
52.7798
52.1949
51.0448
51.2834
52.8389
52.5906
52.0094
52.1498
51.2984
52.5522
51.8755
52.5228
53.8679
52.9773
52.9713
53.1554
53.3581
52.5527
53.1179
52.849
51.9227
52.2862
52.0058
52.4565
51.8233
52.2062
52.445
51.2465
51.4557
52.6698
52.2419
52.9928
53.5567
54.1157
53.7181
54.2361
54.0439
55.117
55.5571
53.1848
54.4089
54.1716
54.3563
53.79
54.1026
54.1089
54.423
53.5902
55.3536
55.1248
54.3813
53.5666
52.8578
54.1997
54.3148
53.2801
53.8628
53.4745
54.6439
53.1421
53.3734
53.9439
53.8665
53.9044
53.7127
53.1217
52.9794
52.0584
52.7122
52.381
52.9716
53.0333
53.4424
54.0199
52.9545
52.1589
53.4792
52.8829
51.9082
51.8391
51.279
50.8367
50.6615
52.3045
51.6556
52.0068
51.8393
51.2961
52.6104
52.5648
54.6267
53.4682
53.3103
53.0823
54.3566
55.0457
54.5786
53.2533
55.1094
55.5278
56.1119
56.2599
55.4097
55.4192
56.1399
55.0523
55.7626
55.1995
55.4202
55.2054
53.988
55.9866
55.8238
55.6847
56.472
55.2964
54.0354
56.3075
54.794
55.4259
55.8826
55.381
55.0853
54.6566
53.6161
53.396
54.9219
55.1119
52.9893
51.9362
53.94
54.4225
53.3223
51.373
52.5224
53.2737
53.4368
52.8675
52.6238
52.9128
52.4255
52.3033
54.2219
54.277
53.8567
54.5527
54.3659
53.4917
52.9882
53.3434
53.5834
52.5174
52.9307
52.1939
52.9168
50.5809
52.2915
51.9403
51.8474
52.6827
52.3591
51.5112
51.0579
51.8591
50.6142
50.3899
51.5195
51.5996
51.2867
51.3249
51.2666
51.8948
52.0533
52.593
51.9444
51.1695
51.1584
51.3294
51.3862
51.2941
52.445
51.8927
51.441
51.4356
50.8324
50.8213
50.4485
50.137
49.2821
49.9221
49.0719
50.1913
49.3911
49.6686
50.1173
51.9331
52.4519
51.8682
52.5919
52.8061
53.7999
54.6797
53.3843
53.7044
54.6329
53.7009
52.8469
53.1262
54.7465
53.9637
55.0121
54.4928
55.0325
54.7489
54.1903
54.3659
53.7519
52.6792
53.1648
54.0792
54.2741
52.7862
52.4694
54.9734
54.956
54.7997
55.4936
55.586
54.5508
52.829
53.3769
53.81
54.765
54.0209
53.2041
51.6252
54.1508
53.633
52.9544
52.2618
52.4538
52.3448
52.6132
51.8898
51.6131
51.5326
52.2536
52.4604
52.0968
50.2067
51.6675
51.1143
51.6163
51.372
53.1571
52.0268
52.0833
53.1474
53.3146
53.1455
53.7007
53.1608
53.339
52.7913
52.4489
51.8923
53.3339
53.0551
52.5189
53.4473
53.5238
53.0426
52.7264
52.5378
51.5875
51.5017
52.5257
52.5804
52.3193
51.8082
51.1525
51.5398
51.1974
50.4956
50.8607
49.3934
48.7376
49.4856
49.8989
49.4325
49.578
50.6248
49.9228
49.7884
50.2893
49.1299
48.7763
48.1923
46.9344
47.9286
47.5418
47.4204
45.582
47.5226
47.7295
47.8429
46.4066
46.5373
47.6084
47.5796
49.4232
48.0961
49.1983
47.957
49.0621
48.9473
49.0881
48.9947
48.0342
49.29
48.7071
50.6762
50.0055
48.8737
51.1627
50.084
51.0536
50.1505
49.5937
49.4253
49.9992
50.505
49.543
51.0593
50.9988
50.3402
51.1815
51.2994
51.939
51.0243
51.4311
51.7763
52.1006
51.4131
51.6062
51.7847
52.2808
52.8148
52.2669
52.1737
51.7732
51.7726
51.086
51.1515
50.1983
49.6649
49.599
50.3024
50.5398
50.202
50.1783
51.8883
51.5667
52.5272
51.6726
50.9903
51.5728
51.8297
52.5945
50.5198
51.0351
51.4432
53.0007
51.7789
52.5079
52.0997
52.7127
52.7323
52.9043
52.7966
52.4225
52.8742
52.3477
52.9623
52.5451
51.8663
53.7489
53.5863
52.6551
52.4982
53.5408
52.533
52.3218
53.4575
53.0916
52.6211
53.4398
53.2021
52.4329
52.5719
51.8568
52.9112
53.9194
53.5484
52.1845
52.7823
51.4083
52.6061
51.161
52.4053
