29.2071
28.229
27.3556
28.4071
29.4731
29.1776
29.0763
28.2639
28.0386
27.7059
29.4973
28.5266
27.4669
28.8613
30.1787
28.3691
28.0885
28.8395
28.243
27.9076
28.3777
29.3401
29.8848
28.981
29.445
28.2627
27.5945
28.2245
29.6069
30.2743
28.6195
28.4367
27.3391
26.8729
27.3061
28.3118
27.4552
28.5529
29.7209
28.7028
28.1253
28.6435
29.8891
29.5072
29.1358
28.9414
30.7206
30.1392
29.5684
29.9747
30.2164
29.6458
30.604
30.7631
31.2812
31.3486
29.5424
29.9793
28.4418
29.5497
30.5042
32.4289
31.7367
31.1085
32.3883
29.5384
30.9867
29.7844
30.705
31.3404
29.932
30.097
31.5539
30.4938
30.2704
30.5704
31.2251
29.6162
30.1432
29.1917
28.4811
30.8457
30.4872
30.3429
30.4902
30.8388
30.3428
31.125
30.8362
31.2883
29.9723
31.3829
29.4001
31.1822
31.4889
31.8591
32.9879
31.0902
30.0421
31.9995
31.9412
31.549
29.4366
30.8907
31.4664
31.4723
29.593
30.0839
29.8437
30.4654
30.0221
29.7477
30.655
30.0098
29.868
29.6811
30.5311
30.8289
30.6676
30.0875
31.9008
31.031
30.6087
29.6504
30.911
30.3252
30.2149
28.8738
31.3685
31.4937
31.6023
30.0712
30.1348
31.1791
30.3667
32.1386
32.0674
32.9972
31.6649
31.8125
33.1143
31.9979
31.2844
32.6494
31.7927
32.9683
31.7192
30.7517
31.6465
32.9012
31.1267
31.514
32.722
29.8345
30.9909
30.3428
29.7137
31.0837
32.4295
31.8747
30.8696
32.9419
32.9878
34.643
33.2449
33.6367
32.3452
33.2023
34.0191
33.1454
33.2772
33.9965
33.8074
33.935
31.7832
31.661
31.7712
32.9262
32.6663
32.5338
31.7623
32.9702
33.5169
33.1253
33.4674
31.7074
33.3852
32.824
33.4371
33.2437
32.8407
33.1309
33.2555
34.7561
32.7938
32.9867
32.979
32.539
32.3614
32.1565
31.7724
32.6352
32.0572
32.1891
33.2772
33.6126
32.6928
32.4769
33.3005
32.0925
33.4361
33.6334
34.3635
33.3248
31.8887
33.01
32.8632
33.1962
33.605
33.159
32.7143
32.0335
31.2198
31.5484
31.5305
32.4062
34.2113
33.2283
32.6632
32.9722
32.9209
33.3845
33.4581
32.6627
32.8635
33.1294
33.947
32.4846
32.6738
32.8043
