37.1648
36.5212
36.5212
34.3583
30.1207
29.9646
32.5786
28.0537
27.4841
31.1534
30.4005
30.6375
36.3393
30.4167
29.2532
31.8521
28.1959
28.0278
29.2719
25.8508
25.1548
27.5183
27.2993
27.1538
31.6628
26.4111
26.0269
28.1952
25.4984
25.9627
26.5663
23.8619
23.9014
25.5626
25.1295
25.4435
29.5623
24.6456
24.2368
26.0202
25.1633
25.6719
27.2866
25.3463
26.0651
27.4122
26.5126
27.4377
31.354
26.2495
24.6888
26.4286
24.2806
25.6013
26.5774
25.149
25.1124
27.0642
26.9352
27.6417
32.1639
27.1785
26.3471
27.365
26.1714
27.5496
27.7147
25.9795
26.02
25.8192
27.188
26.8072
30.6595
25.8551
25.4583
26.0594
23.9428
24.2771
26.0409
24.6001
24.604
26.2854
26.5505
25.5956
29.8708
26.9415
27.3136
27.7063
26.1631
26.0749
26.8289
25.7213
25.3934
26.1436
26.8712
27.7222
32.7421
29.3354
29.0632
29.2295
27.118
27.1299
27.9902
26.8006
25.9224
26.3086
26.8436
28.4539
33.914
28.7223
29.1375
29.015
27.7905
27.8085
28.9858
28.6867
29.3104
29.9113
30.9195
31.0767
35.4949
31.6744
31.711
31.5439
29.4636
29.1093
30.4905
29.3587
29.5799
29.664
30.0726
31.5379
34.6568
30.8571
30.8231
30.1452
28.491
28.7621
29.601
28.4964
27.0006
26.9999
27.6862
27.282
31.4296
27.1116
26.2905
25.7442
24.6501
25.527
26.174
26.2275
26.5958
27.5618
27.263
28.466
32.8541
27.7658
26.7836
27.9454
27.6522
26.8078
26.5275
25.5557
24.8237
24.0758
24.8245
26.2799
29.6784
25.0964
25.0889
25.2892
24.3544
24.4461
24.5576
23.8537
24.3909
25.5515
26.2487
27.2784
30.2436
25.8256
25.3351
26.217
26.8049
26.8949
27.6695
27.7461
26.8258
27.0999
27.5446
26.2537
28.0672
25.2733
24.9734
24.8692
24.0412
23.8922
24.3951
24.3565
23.4516
24.2494
24.9648
25.086
27.927
25.0266
25.3186
24.7264
24.9317
24.9399
25.3743
25.0146
24.7586
25.1895
24.6441
26.1268
31.054
28.7401
27.7212
27.9519
27.7832
28.545
30.4558
29.4567
28.9905
29.3966
30.6953
31.6835
35.2171
31.2531
29.9222
32.1131
30.9052
30.4311
31.2707
32.4374
30.6601
31.1297
31.5105
32.2992
35.741
31.8245
32.2221
32.8518
31.2656
30.8079
32.0411
32.0373
31.6739
29.957
30.637
31.79
36.0159
30.9587
31.7662
32.9818
30.8203
29.492
31.9468
31.246
30.9505
30.0851
30.0247
31.4675
33.4862
30.479
29.9187
30.2296
29.6011
29.4731
29.3515
28.4314
28.8835
29.7887
29.0384
30.3692
34.2843
32.2314
29.9726
30.8896
30.6767
29.0659
29.8026
28.7604
28.3517
28.7536
30.6369
30.92
33.9021
30.6811
30.1261
29.4206
29.2512
28.6478
29.5261
28.8208
28.0596
28.7828
28.7369
29.5356
32.5715
28.8959
28.547
29.267
28.6354
28.1534
28.2912
28.1692
27.6607
29.0078
28.2932
28.1683
32.18
29.7866
29.3596
28.6078
28.3507
29.7095
29.2058
27.6208
28.2258
28.9174
28.9433
29.3942
33.4183
28.9781
28.2378
29.6309
28.9834
29.1408
29.9786
28.7586
27.7474
27.6824
28.7439
29.4826
32.0916
28.3464
28.1544
27.9336
26.6371
28.8838
29.0277
28.5787
27.9624
29.2524
29.2365
29.1086
32.0116
28.595
28.2432
29.0439
28.5894
27.8071
28.3328
28.9871
29.5601
28.6476
30.4513
31.0239
35.6749
29.9366
29.0074
29.2009
28.7319
28.7142
27.9153
28.8655
27.6623
27.7474
27.7027
28.1133
32.2717
28.1741
27.8707
28.8238
28.063
27.6069
27.9385
27.1732
26.6969
27.4861
27.5506
26.8089
30.4659
26.9077
27.0286
28.3008
26.754
27.1998
27.7701
27.0185
27.2553
27.1907
27.9076
27.9618
31.5747
28.1167
27.0997
29.3038
28.0197
29.7748
28.4501
26.8258
27.3606
27.4246
28.695
28.6941
31.5588
27.5576
28.6241
28.0239
26.2719
27.2039
27.6136
27.1701
27.724
28.154
26.4035
26.2828
31.2579
26.8489
26.4999
26.5796
25.4188
26.4661
25.4287
25.3411
26.2734
26.1034
26.3892
25.6022
29.9242
26.9051
26.9819
26.4515
26.5961
26.4366
25.8568
26.2829
26.0772
25.3498
26.9779
28.3027
31.3945
27.3341
27.0534
27.1172
26.9705
27.5703
26.4971
26.4398
25.6619
26.1059
28.4895
28.4422
32.0726
28.5013
27.1235
25.8863
25.5761
25.6022
25.7393
25.3944
25.1469
25.0242
24.8543
28.0836
32.9188
26.9225
26.0835
26.3473
26.7007
26.402
28.274
26.806
27.2859
27.9338
29.3767
31.1292
35.7149
31.9438
32.7591
31.3056
31.2653
30.831
30.35
30.984
29.6747
29.7537
28.9602
29.2645
33.3462
30.9095
29.2016
28.3891
27.1392
26.9669
27.1582
28.4158
