42.065
41.3344
40.4816
39.894
40.4377
39.5349
39.3694
39.9339
41.023
40.894
40.2328
40.2485
41.6818
41.4173
40.9411
41.8091
41.5945
41.3622
41.1819
41.5767
40.0946
40.3887
41.1802
41.8137
40.5228
40.8236
41.555
40.8521
41.0871
39.6744
40.3497
39.0821
39.2874
39.4887
39.5791
38.9664
39.9806
40.0947
37.9695
38.9166
39.9029
39.509
41.9875
40.5912
39.1461
38.2744
38.0339
37.7478
38.0101
39.3021
38.644
38.368
36.7869
37.372
38.2022
37.4387
37.4829
37.3598
36.2247
35.7772
34.7075
34.3832
34.0318
34.6861
35.8439
36.3413
37.3241
35.4526
36.6485
37.6096
37.2948
36.8404
36.462
37.4534
35.5212
36.7555
36.4786
35.5527
36.341
37.5898
36.4078
37.5634
37.9593
36.7828
36.8982
37.2897
37.7581
37.4736
37.8049
37.8909
37.7215
37.2288
37.086
37.2744
36.7123
38.359
37.3583
39.2218
38.162
38.3871
37.9178
38.1507
38.3399
37.0718
38.6625
38.7717
39.6074
38.5696
39.6727
38.9802
39.4355
38.8572
38.8223
37.3633
37.9617
37.0254
38.4945
39.1067
39.5831
39.5769
38.4441
40.0758
40.2796
41.3516
39.8178
40.6105
40.7148
41.2789
41.6791
40.9704
40.0611
40.4155
40.5802
41.2092
41.1825
41.7577
42.3758
42.2873
42.5458
41.6832
42.3223
41.3214
41.2795
41.6415
41.6639
42.1143
41.0186
41.4627
42.2135
40.8602
42.5759
41.6095
42.0984
41.6939
42.4378
41.3167
41.0654
40.6713
40.2538
40.7072
41.2898
40.3177
40.6529
41.3881
41.2994
41.0651
40.1969
40.1727
39.1008
38.0748
37.8966
38.4535
37.2498
38.1039
38.0165
39.8598
38.7297
39.5517
40.631
40.6556
40.7813
41.9578
40.3029
41.3635
41.6339
41.35
41.9625
41.0664
42.2948
41.9932
43.5228
42.9075
41.8891
42.0093
43.0263
43.3905
43.6806
43.8224
43.731
43.773
43.8481
42.4892
42.8142
42.7031
43.3356
44.4655
42.8465
43.1208
44.2041
43.7869
43.6678
42.4125
44.4293
41.595
41.9843
41.6524
43.0415
42.0064
42.1188
40.4256
41.4488
41.68
40.7049
39.2679
40.4579
40.4786
40.1207
39.253
39.6874
40.0892
40.4825
40.8632
41.0703
40.2988
41.189
40.3376
40.8713
40.4429
41.8567
40.1942
40.187
39.2896
40.1079
39.1965
40.8819
39.0861
39.6733
39.3213
40.0262
39.9938
39.6199
38.6178
38.657
37.6902
37.9434
38.5241
38.837
37.9652
38.9097
38.0785
39.0295
39.8947
40.1791
39.2712
38.6588
39.4538
39.0457
38.5496
37.6919
39.3505
38.812
37.9277
40.1725
38.9264
39.0188
37.8411
38.6657
39.074
38.5728
38.6569
37.4849
37.3143
37.0868
37.3008
37.5221
40.0087
40.8639
39.5312
40.5897
41.1178
40.9209
42.1559
41.1854
41.8424
41.91
41.3937
41.2169
41.6271
41.77
42.7612
42.938
42.4081
43.073
42.2232
41.7381
42.7574
40.8554
41.9201
41.1508
41.2683
40.1655
39.8933
39.1512
41.7774
42.1924
42.2924
41.2824
40.3438
41.2686
41.1436
39.7117
39.8877
40.4862
39.7331
39.1844
40.3207
40.3932
39.6563
39.2657
38.9137
38.2551
37.4936
38.2979
39.0444
38.1248
36.6556
38.0759
39.02
36.7178
36.8643
36.0916
37.2389
37.363
37.6486
37.8916
36.9483
37.4262
39.2933
37.9863
37.3882
36.8221
37.5285
37.6253
37.1175
36.9716
38.2306
37.6482
38.1741
37.8156
38.0021
36.6926
36.9032
36.6316
37.7222
36.5226
38.5793
36.5093
36.1224
36.7534
36.6347
36.8512
36.87
36.8616
37.8901
36.2147
36.9183
36.6314
34.9072
35.603
35.7101
35.3444
36.6888
35.3188
35.0322
35.6036
35.0276
34.6553
33.9663
34.3124
33.6472
32.8888
31.8638
32.2972
31.9891
32.554
33.4239
33.2282
32.9051
33.0061
34.0365
34.0742
34.1785
34.0458
34.4474
34.1988
33.4353
33.771
34.5183
35.7602
34.5637
36.1371
35.7096
35.9423
35.7327
35.8635
35.8251
36.9234
36.4703
36.7555
37.295
36.0665
36.4637
37.3177
38.2864
37.7144
36.4152
37.943
38.5202
39.0054
38.076
38.8344
37.8648
39.8163
37.9748
38.3683
39.8512
39.6542
38.4474
38.925
39.1479
39.5352
39.4095
38.9477
38.4649
38.1041
37.9561
38.1878
38.6006
37.5145
37.8291
38.1567
38.9944
38.7665
38.6254
39.0985
38.4636
37.4159
38.9055
38.4707
38.6714
39.158
39.7756
39.7563
39.0215
39.8875
40.3168
40.0659
39.6381
40.9094
40.155
40.2518
39.4691
39.5877
39.1877
40.1102
40.913
40.2866
40.1995
40.5672
40.2804
39.8968
40.1637
41.1479
40.7016
41.7407
41.1464
41.4687
40.3982
39.0329
40.3742
40.489
39.1577
41.4858
42.2499
41.0023
41.8658
40.3643
40.2252
39.5498
39.4823
