36.5109
36.3465
37.647
38.3503
37.7954
37.3227
37.4603
38.3152
37.3335
37.3489
37.3681
35.9056
35.8464
36.7528
36.6428
37.2441
37.2166
36.4603
35.9271
36.5901
37.2238
36.8473
36.6599
37.923
37.7619
37.0084
37.7523
36.453
37.7217
37.8101
38.4169
37.4733
37.0701
37.7749
37.3435
37.3729
38.4536
38.9865
38.0178
38.7091
37.7059
37.7125
38.057
38.9918
38.9504
38.2103
38.2515
38.5162
40.1122
39.6923
39.163
39.9988
39.8721
39.7391
39.8912
40.4119
40.6129
40.4334
39.7504
39.6095
39.6804
41.081
41.0273
41.2922
40.6412
39.4302
40.9396
40.7679
40.3772
41.486
40.4788
42.5831
41.7913
41.3723
43.5283
43.738
43.6999
42.4955
44.8897
43.4119
43.6151
42.6678
43.4402
44.128
44.6817
44.5539
43.9201
43.4822
43.7997
44.911
45.0813
45.4998
45.2751
44.2172
45.5274
46.4777
45.2842
44.7253
44.8118
45.126
45.489
45.3265
43.5661
45.0591
45.3012
45.3672
45.7131
45.3742
45.4907
46.1492
45.9365
45.9901
45.4739
45.6786
45.4792
45.5247
45.4156
46.0904
46.445
45.7281
45.4064
46.7695
45.117
45.8868
45.8061
45.9823
46.0231
47.1711
45.1369
44.6886
46.2198
47.6768
46.964
46.877
44.5966
46.0799
45.8009
45.7267
46.9039
46.6601
45.9321
45.7646
47.2243
47.402
47.4506
48.0967
48.6604
46.8078
45.7129
46.9233
47.3583
47.8226
48.8443
46.226
46.8319
47.1059
48.4544
47.8552
47.1196
47.2132
47.3571
47.3767
48.4275
49.0634
47.6668
48.5109
48.1016
47.1263
47.2806
46.9969
46.4968
46.8974
47.5325
48.0862
45.9271
46.5424
47.2375
46.9673
47.5608
48.3746
47.3984
47.079
45.9175
45.7164
47.1207
47.6341
47.5748
46.7349
47.0913
46.6681
47.0037
47.0891
47.3319
46.0713
46.0564
46.434
47.4351
46.4714
44.798
44.9187
45.4647
45.2702
44.6833
46.6846
46.7983
45.7844
45.2084
45.4289
45.6841
46.8982
46.221
45.5924
43.9273
44.2036
44.6386
45.4879
44.5326
43.1869
43.7857
43.671
44.2796
44.1537
44.0656
43.4699
44.7091
44.849
44.0447
43.9405
45.9733
46.1214
44.9748
44.6933
44.801
44.378
43.8795
43.801
44.9062
44.5506
43.9345
45.0556
43.9818
43.9035
43.4174
43.8654
43.8924
44.3044
44.0286
43.0207
43.8991
42.0891
42.262
41.7749
42.8079
41.7387
41.4917
41.6206
40.6724
41.5789
41.3807
41.3891
41.6668
42.252
41.6808
40.6644
40.6394
40.589
41.9543
40.6067
40.6947
41.0154
40.2513
41.2184
40.1239
40.5576
39.2817
39.1294
39.3747
38.4923
38.6222
39.08
39.4109
38.785
39.9173
39.072
38.9192
39.272
39.3353
38.4346
38.6521
38.1072
38.5078
39.4696
39.0783
38.1852
38.7363
38.3014
37.8002
39.0168
36.7577
36.7716
36.4429
36.3793
36.5956
36.4644
35.9139
36.1946
35.651
37.1595
35.6307
36.1117
35.8385
36.7246
36.8832
35.5585
35.7374
36.1156
35.9853
36.2038
35.6182
34.9574
35.4088
34.8656
35.3658
34.7526
35.8633
34.757
34.8261
34.5682
35.0141
35.6669
35.8244
34.1374
34.9687
35.6438
35.5155
34.4128
35.6161
35.4111
36.7722
36.2624
35.8199
35.7419
35.9888
36.1505
35.183
34.8755
35.2282
35.695
35.5944
36.8184
35.816
35.6404
36.0846
35.8294
35.7573
35.1592
35.4281
35.4268
35.0057
35.9215
34.3275
35.1847
35.2902
35.941
35.4712
34.4162
35.355
34.93
34.6782
35.495
35.2932
35.4884
34.6794
34.9619
36.1131
35.0308
35.4807
35.979
34.364
35.1302
34.0803
34.7784
34.6501
34.927
34.4999
35.1611
34.986
35.1981
35.7526
36.4515
35.6632
35.3791
34.9497
34.7553
35.0826
34.5508
35.3294
34.2922
34.8486
35.0726
35.2
35.1104
34.7312
33.8999
35.7942
34.9636
35.0482
34.9625
34.9028
34.7564
34.7238
35.2712
35.497
35.2416
35.417
34.0743
35.5111
35.2958
34.7052
34.6994
35.0748
34.309
35.0004
34.9844
35.3169
34.7931
34.3288
35.3127
34.5378
34.7966
34.9515
34.4848
34.8331
35.0088
34.5174
34.4545
34.1967
34.0997
33.7643
33.9438
33.813
33.7934
34.2272
33.9824
34.7889
34.0379
34.9887
33.9067
34.4389
35.0671
35.151
34.7178
34.9474
34.7206
34.3268
34.5208
34.2662
33.9527
34.0868
33.6402
34.3892
34.4098
34.2723
34.5487
34.7656
34.0605
34.912
34.1599
34.2408
33.3619
34.1466
33.7597
34.5782
33.6234
33.6196
34.5607
34.1587
34.4929
34.6717
34.6428
34.6708
35.1273
34.677
34.4316
33.9282
34.2252
35.338
34.0471
34.5718
34.5916
33.7423
33.6195
33.6851
34.142
32.9366
32.7537
33.4807
33.6477
32.9206
33.1653
32.9826
33.4392
32.6686
33.2903
32.9597
32.5885
32.8734
32.94
33.5173
32.7972
33.0675
32.7559
33.9212
34.1096
33.983
34.2019
34.0696
34.787
34.9642
34.7986
34.9866
35.147
34.3422
35.4455
35.0177
34.4451
35.2742
35.4236
34.9171
34.7914
34.8015
34.8909
34.4197
34.7534
34.3979
34.3055
34.5314
33.9887
33.8577
34.1046
34.3738
34.1443
33.707
33.3795
33.3131
32.955
33.6742
33.0409
33.417
33.2311
32.9138
32.8288
32.7555
33.4936
32.8989
33.2384
33.2774
32.6491
33.3716
33.4113
33.1231
33.3938
33.3433
33.2415
33.1295
33.4402
33.7046
33.5771
34.1457
33.9679
33.5591
33.2695
34.3699
34.5648
33.9745
33.531
33.8655
34.0828
34.0638
34.1022
33.8077
34.2531
34.6437
34.6403
33.8605
34.124
33.76
34.8807
33.9186
34.1813
33.8758
33.577
34.6034
33.6259
33.1578
33.2866
33.6892
33.8038
32.8906
33.0725
