51.1819
48.5571
48.6849
48.9422
49.8468
50.4933
48.8866
47.1238
48.616
45.3994
46.6951
45.4471
46.0694
42.1331
43.6923
42.9878
43.5735
41.98
40.9744
42.0549
42.4753
43.4928
42.5628
43.3904
42.9267
44.291
44.7607
44.4081
43.8574
43.9981
41.5903
42.4275
41.67
43.4546
45.4772
48.4667
49.2012
50.2077
49.4665
48.2662
49.7195
46.173
48.5054
51.2969
53.707
54.2113
51.8119
51.5334
49.6474
52.9227
52.838
55.9271
61.1952
60.129
61.9217
62.4094
61.8821
61.8155
59.9985
59.3947
60.0129
55.8302
53.2517
53.6114
50.7765
48.9941
50.0234
49.8042
49.9614
51.9997
50.6126
50.8428
49.4737
52.3264
55.1996
57.3874
58.6203
57.6334
56.6346
57.2111
54.8039
54.2137
54.2674
52.8178
53.5233
49.9513
48.194
49.7734
48.6533
48.0232
45.4988
46.2398
48.2359
47.0261
47.0835
46.1768
49.1573
48.3509
47.5116
48.0937
48.7959
48.2764
46.9012
46.7834
46.7765
49.7837
49.1559
50.6444
53.1339
51.8137
53.2426
51.7666
52.6945
53.4108
53.2201
54.9593
52.9863
55.1096
53.7652
56.7436
58.1756
61.2621
60.1628
62.0556
61.7342
60.6126
60.6698
61.4087
65.7053
67.2443
67.3715
70.8974
72.7666
70.5004
69.9976
69.4394
69.9265
67.6313
70.5924
70.6455
68.7972
62.9123
59.1042
55.0496
53.4723
52.064
50.3309
48.6014
48.1026
49.0494
51.3497
49.1196
48.6559
49.1084
51.4914
49.8522
52.2184
47.9604
50.0333
51.0773
47.5235
46.629
50.8025
50.8022
53.2239
56.5734
57.0125
57.4458
58.8742
61.0493
64.1436
63.2428
65.6453
66.5862
67.1081
68.2772
65.8594
66.8483
68.4411
67.6847
65.8466
61.9897
60.394
58.6219
54.4917
57.7473
57.7272
57.7242
55.8386
55.7014
52.9304
52.3557
51.8754
50.0212
47.5227
49.0909
47.997
46.3436
46.1582
47.6199
45.5791
43.6679
43.6977
44.6538
43.4059
42.1484
40.8208
43.9453
40.3176
45.0489
42.9714
44.2669
48.938
44.3584
44.0975
43.6846
44.2813
42.2876
43.7073
44.038
48.9234
45.4592
48.9382
48.9289
50.1076
49.3786
49.1203
50.6328
52.1572
48.2388
49.4672
52.7247
53.2511
55.0119
54.6634
57.0674
59.2485
58.3116
57.8671
61.9715
64.3596
63.3454
63.9089
62.2728
60.8001
58.6839
56.565
55.9613
55.1614
54.7838
57.4898
56.6462
57.3358
60.6098
59.7808
60.7921
58.0566
56.687
55.9637
57.9671
59.2565
59.5031
57.3885
58.2298
57.3695
57.2149
56.6757
57.7309
55.5956
55.7618
55.9305
59.5706
57.3017
55.3188
56.5026
57.1588
61.2605
61.3461
62.0782
64.2148
62.2481
63.0827
63.856
64.1539
64.0497
62.1463
59.9021
57.6572
56.9452
55.4263
56.4509
57.804
59.0318
60.0429
60.4855
59.8466
62.6439
60.4842
60.3813
57.3846
