57.0889
57.2692
56.6406
57.1953
56.4147
57.5237
56.5136
56.1809
53.8338
55.9878
56.0518
57.731
57.458
58.5344
58.0647
58.7052
56.9303
58.4681
57.5999
58.6632
56.8556
57.7634
57.2206
58.0264
55.7583
58.3293
57.2599
57.5746
54.3312
56.1018
55.2409
55.9875
53.7001
55.6441
54.1769
55.5907
53.8551
55.524
53.8243
54.9063
52.0362
54.1153
53.3406
54.2663
53.0725
53.5387
53.0704
53.117
51.0705
52.0833
51.0191
51.4052
50.6369
50.6162
49.2607
50.8959
49.68
51.137
50.2186
50.6387
48.9077
48.9708
47.7332
49.3967
49.2353
51.1286
50.6177
50.8694
49.1809
50.4734
48.3048
48.611
46.6821
48.481
47.7446
49.1367
48.16
47.068
46.5349
46.2557
45.1272
45.7365
46.8017
46.9085
46.5079
47.0151
46.2167
46.1268
45.4063
47.1031
45.7799
44.5141
43.6989
44.0479
42.0275
41.9404
42.5352
42.3411
41.9986
42.6447
42.7054
42.9886
41.9593
41.4849
40.8703
41.9036
40.7473
41.4227
40.8197
41.1406
39.5385
40.3559
39.369
40.2896
40.4427
37.1081
38.8519
39.6977
39.2127
39.2563
37.8045
38.5804
37.0273
38.8375
38.2692
38.8826
37.8127
37.5734
38.0483
37.5954
37.865
36.6452
35.0436
35.7503
35.1372
35.7528
35.7063
35.2472
34.8974
35.5517
34.4668
35.9066
36.133
36.4411
35.7141
36.3854
35.9637
34.3769
34.369
35.252
35.2918
35.4976
35.0346
34.5969
32.5034
33.0609
33.1534
32.6876
33.2085
33.6643
34.7355
35.733
34.521
32.1733
33.7329
34.1611
34.0048
33.5239
34.7638
32.8132
33.079
33.3416
32.5592
32.8185
33.7521
33.5054
33.6954
32.8173
33.3208
33.1716
32.561
32.2628
31.6558
32.4601
33.2623
32.8316
31.7379
31.3122
31.3084
30.7161
32.1526
32.2431
34.5446
33.1325
32.1313
31.5988
30.4999
29.8232
29.0826
30.1968
30.8281
30.8248
30.0608
28.3598
29.2802
30.3731
30.0126
31.1414
30.1002
28.7424
29.8109
28.1572
29.345
29.0004
29.3222
29.2964
30.2525
28.3582
29.8141
29.2446
28.7122
28.1236
28.5426
31.4535
33.1369
31.6713
31.4417
32.3855
32.1121
32.2183
32.6279
32.5467
33.1043
33.2429
32.4563
33.1966
32.2585
33.3394
33.0471
32.7483
32.8117
33.9804
33.7342
34.2252
34.4633
33.8933
34.5289
33.1072
34.4361
34.9648
35.1624
34.1939
34.7062
35.2072
35.8249
35.0358
38.404
34.5411
35.7486
35.2575
35.6362
35.0591
35.5888
35.6053
35.4546
34.325
35.4083
34.7854
34.9004
33.4265
33.6309
33.5724
35.5399
34.8942
34.881
35.3109
35.0482
34.9004
35.2369
34.9301
33.7154
35.4452
35.6275
34.2727
35.8098
35.893
36.1025
37.6431
38.2654
37.2545
37.4917
36.2236
36.4656
35.9285
35.4063
35.8544
36.0566
35.2062
35.0308
35.3313
