31.3391
32.246
32.3442
32.0014
32.4688
32.5683
30.1388
29.0178
29.7618
29.3903
29.7351
29.5151
29.8763
29.0246
28.4315
28.3356
29.5453
28.9384
29.2725
27.6525
28.1208
27.5852
29.375
29.1477
28.7246
29.0833
27.9739
27.5378
28.0573
26.9651
27.0485
27.1838
27.3653
26.7722
27.6074
28.1529
28.1567
27.3723
27.6156
26.4007
26.7985
27.05
26.2268
26.898
26.7231
25.7693
25.8155
26.2328
27.1871
26.399
25.8675
26.7674
26.099
26.8583
26.1021
27.8555
26.9548
26.9153
27.5355
28.0395
30.2606
29.7991
28.6788
29.4865
29.291
28.8795
29.983
29.3264
30.1069
30.5824
30.8614
31.1292
34.7452
31.8007
31.44
32.4399
30.9987
30.8813
32.4359
31.2654
31.2078
31.9099
32.3381
36.6862
38.9871
35.7634
33.8518
34.1244
32.972
33.6723
34.4639
33.2587
32.886
34.6702
35.3813
37.4836
44.0713
38.2989
36.5863
34.7397
33.8721
33.664
34.7468
33.8444
34.9726
34.7047
36.4284
39.6838
44.6182
36.0195
36.9991
36.6164
35.8639
35.7104
36.1277
35.3556
35.4468
36.0364
36.7616
38.3917
43.5942
38.0777
37.6789
36.8414
34.9981
35.5745
35.8096
34.9166
35.3206
37.7126
36.1442
36.5021
42.6422
37.0001
38.7293
38.1715
35.1154
36.4406
37.0683
34.8163
34.3003
35.7286
35.5575
36.2327
39.8759
36.6961
35.9174
36.0788
35.1878
35.4745
35.374
34.2558
33.7872
35.7714
34.422
36.5628
40.2764
36.3791
36.0785
36.1687
34.3704
34.8299
36.4478
34.4981
34.7441
35.4434
35.1461
38.1117
40.2464
35.8471
36.1539
35.9548
35.9641
35.3714
36.8013
34.1043
34.3701
35.6907
34.7418
36.7257
38.9236
34.7019
35.1756
36.4835
34.4119
34.8565
36.8277
34.9198
34.5287
36.607
36.0455
37.1688
39.7023
36.9091
36.4863
38.2128
34.8264
34.6984
36.4516
34.8048
34.864
37.3462
36.4718
38.0225
41.7605
37.8689
36.6109
36.5231
35.8968
36.4991
38.2602
36.4707
36.8548
36.1815
36.7929
36.186
41.1748
37.2257
36.5047
38.5451
37.0207
35.8991
37.1493
36.5884
36.3472
37.1092
36.434
38.625
40.4967
36.6907
37.1209
37.5654
36.2844
37.0037
37.4672
34.2952
35.3931
36.8528
37.7423
37.8898
41.2806
37.6599
36.542
38.1401
37.5656
36.7129
36.8332
36.8047
36.9107
36.8146
