50.913
51.8988
51.3029
49.451
49.6848
49.9384
49.8286
50.3071
51.0871
51.0976
51.1992
51.6819
52.4074
52.4748
52.2164
52.7007
51.8944
51.9103
52.3457
51.7551
51.8279
50.876
51.4161
50.5683
50.0748
49.9058
48.6878
47.9049
45.8937
45.6963
44.9219
45.461
45.4452
46.1571
46.6795
48.7628
48.7032
48.9149
49.542
48.9106
48.7992
49.3352
50.2696
49.2664
49.7012
48.7853
47.3383
49.1068
49.8442
50.6041
51.3854
52.8455
50.5732
51.2741
50.9416
49.5927
49.954
49.5058
49.8597
49.6699
47.102
47.1263
46.7138
46.9295
45.9754
46.6786
45.4126
42.9005
41.3602
41.3446
42.521
42.5833
41.9946
43.6014
42.963
42.3206
42.8202
46.3502
46.4884
46.1274
44.8279
45.3071
46.0693
46.641
46.4377
46.4969
46.3028
45.9284
46.0931
47.358
46.7058
45.6499
45.946
45.4508
46.4906
45.6128
47.1953
49.0336
47.7121
48.8543
50.6322
49.9856
51.0122
51.319
51.1417
51.2966
51.4033
52.2758
51.3711
51.3153
52.3311
51.5842
49.7762
50.1601
48.4573
47.539
48.149
47.5004
45.7961
46.2396
45.7579
44.9599
44.3171
46.6821
47.4108
50.7381
50.4367
50.4429
50.1966
50.8308
50.6211
50.996
51.0497
50.5207
50.9279
50.3806
49.6034
49.6206
48.7493
47.9329
48.5236
47.9057
47.637
47.0875
45.7506
45.2983
44.6514
44.4038
43.4512
44.0688
43.2696
41.8483
42.25
39.9086
40.95
40.3456
42.3206
43.4837
43.6816
42.9992
43.7813
42.38
42.6973
42.7947
42.09
40.9871
42.4959
43.1457
42.7066
42.9852
43.4787
43.1593
43.2103
43.0348
44.2316
44.2098
44.4222
43.44
45.8669
46.2193
45.431
43.3438
43.648
42.7575
42.8082
41.9166
41.8141
42.8345
42.5819
44.494
43.9887
41.7246
42.0891
42.1216
42.1449
40.4864
40.0052
40.5043
41.0759
42.4402
42.3195
42.15
42.9302
42.3585
42.9638
43.4192
43.3151
42.5246
43.1613
44.8286
44.8312
47.5818
45.6295
46.1238
46.7567
46.992
46.741
48.0974
47.7793
46.4777
47.3667
50.2024
50.3005
50.1056
48.988
50.2217
50.1469
50.2021
51.803
51.4688
52.3564
51.8465
52.3202
51.8375
52.0744
51.9619
50.5694
49.9724
50.0747
49.9258
49.8785
50.1901
49.6859
49.4787
50.3106
51.074
50.8135
50.9767
51.0746
50.4808
50.0954
49.7004
50.4362
51.0252
51.73
50.6869
51.3248
51.1755
51.147
51.1288
50.6127
50.49
51.6268
52.3944
51.5977
51.7847
52.1157
51.3289
50.3246
51.1166
51.8238
54.4575
53.411
53.7357
54.5222
53.0664
52.306
51.143
49.3443
48.1224
49.3534
48.9108
49.2216
47.353
48.2741
45.63
46.3998
42.964
44.186
44.1107
41.4328
42.9095
40.9691
40.186
40.6992
40.0427
42.2733
43.5117
43.8166
44.6623
45.8645
42.5755
45.4733
44.15
44.9621
45.0029
44.3475
43.824
44.24
44.8001
45.2548
44.9594
44.9673
45.5127
45.5482
45.1236
44.6743
45.8886
44.7644
46.9967
46.8802
47.1245
47.3724
47.0482
47.9216
47.717
46.9585
45.7879
46.5954
46.4903
45.5705
44.8977
44.3871
44.675
42.3533
43.1989
42.5408
42.1422
41.4041
39.7743
39.3934
40.3131
38.7395
38.1705
38.646
37.7701
37.0353
36.9156
35.4941
33.7404
32.8984
31.4128
33.4475
32.7168
32.5172
31.6458
33.483
34.9552
34.8044
34.9829
34.4439
35.0884
36.7112
38.3976
37.4297
38.3183
39.1069
40.3681
40.4268
39.9532
39.1908
36.9926
36.9343
35.4139
34.6722
35.5796
33.4816
33.9919
33.2155
33.2398
33.513
33.7899
33.7507
33.6795
31.791
31.5605
32.1868
31.0679
32.3814
32.2848
31.9665
31.7926
32.9231
32.512
33.0429
33.9156
33.2551
32.4344
32.1803
31.7592
33.0453
33.6829
30.9456
31.6071
32.2311
33.3962
33.9325
33.4103
33.9487
33.6213
34.3484
34.9071
35.0788
36.0634
35.3408
35.5357
35.9214
35.9952
36.3722
36.6533
37.3167
36.6978
36.5229
38.1215
37.9306
37.7892
37.5526
36.0787
36.6035
36.0719
36.447
37.2053
36.8001
36.9103
37.3711
37.341
38.4796
37.2894
38.501
36.57
37.5053
38.3694
36.6756
36.9108
36.8032
36.4898
37.6301
38.069
37.7245
39.6472
38.5734
40.9527
39.1663
39.9031
40.8632
41.6733
40.0165
41.2507
40.504
40.885
39.5465
39.5429
41.548
39.7826
39.8693
41.4487
40.5807
40.9345
41.4721
41.3157
42.6824
42.9954
43.3898
42.4348
43.6851
43.5986
43.1074
42.9323
43.5788
44.2552
43.59
45.2964
44.7757
44.3492
44.5555
44.4631
45.0208
43.9061
44.1331
44.8134
44.3394
45.045
44.1889
45.3357
45.8151
45.2827
45.2127
45.1063
45.8605
45.1745
