33.6922
32.3806
32.259
30.8623
31.5357
30.325
32.5859
31.0268
31.2828
30.2538
30.0905
32.0075
31.5685
31.32
29.6186
31.8026
28.5004
28.2795
29.4831
28.6072
28.3439
27.764
28.8222
27.9599
29.7346
28.393
27.815
27.866
28.4757
28.0776
29.1264
29.4275
29.3578
29.6958
29.0254
29.8451
29.8079
29.6905
28.7958
28.8503
29.4593
27.8595
28.7189
29.3597
28.6131
29.4178
29.6304
30.2684
31.799
32.5878
31.1449
31.1789
31.4256
30.5897
29.941
31.2727
30.1183
30.083
31.8154
32.1901
33.0909
33.41
32.3935
33.5379
33.4572
34.25
34.5118
33.0001
33.876
33.5552
34.5107
35.9476
38.3436
38.9817
38.0854
38.0141
37.9014
37.6375
38.5039
38.0693
37.7845
38.4903
38.6429
39.4176
40.3182
38.8908
37.302
37.0164
36.8199
34.7299
35.3946
33.3458
32.6891
33.0478
31.6792
32.272
33.292
32.791
32.0346
31.3556
31.6589
30.3382
30.9152
29.8325
31.2317
31.0185
32.3592
32.1352
33.4388
32.554
31.9391
31.957
32.4619
31.4172
32.4472
32.7407
31.7811
32.3148
32.1847
32.4225
32.8258
31.9486
31.3427
31.9368
31.272
30.5221
31.9538
31.1687
29.157
31.216
32.0786
33.4297
34.3594
33.0912
33.0663
31.7906
32.2175
31.671
31.6618
31.576
30.8598
31.8859
30.6249
32.2552
34.271
32.9362
32.6372
33.4754
32.3053
30.5403
31.4724
32.1868
32.3075
31.8423
33.274
34.3797
35.345
33.7792
33.2594
34.4527
33.9593
33.7581
34.621
39.1402
39.534
40.5772
41.1615
41.9162
43.6948
43.2201
41.2156
41.978
41.7228
41.4467
42.0932
41.3411
40.1603
41.7898
40.4796
40.8579
41.4983
39.4584
40.1503
39.5766
39.7795
39.2089
39.4403
39.3989
38.8695
39.4498
39.1947
40.1665
40.7063
39.5114
39.6323
39.1532
38.1154
37.3579
38.7768
38.376
36.9097
37.0202
38.7134
38.8588
38.8958
38.7623
38.8847
37.1961
37.6647
36.7547
37.6286
37.3933
36.9187
38.5256
39.9172
40.1183
41.9013
40.2526
39.6155
40.49
38.8993
39.4979
39.3292
39.2409
37.983
38.4016
39.8745
41.1199
42.0471
41.216
40.941
39.6374
40.1035
39.9204
39.7157
40.5702
40.6884
40.244
40.7561
41.5562
42.6469
41.8999
40.6849
39.8792
39.2174
39.2371
39.7554
38.6763
38.5279
40.1212
41.1621
41.1913
42.7782
42.8301
41.6176
41.2912
41.0021
40.9324
40.6135
40.0346
40.5989
41.4234
41.4651
42.0572
43.0471
42.7155
42.0091
42.8611
42.1577
41.9043
42.0346
40.6586
40.4408
40.8901
42.2375
42.0428
41.8759
42.5594
40.7395
41.2682
41.6025
40.4468
41.2583
41.5727
40.0373
40.0933
40.7683
41.4432
42.7269
41.7945
42.3054
42.3478
40.7513
40.6497
41.4438
40.9868
40.1207
40.4453
41.9133
41.3221
