46.5095
45.6638
45.8262
46.4738
47.0618
47.1969
47.9539
48.1806
48.3705
49.0986
49.1645
48.9436
48.6651
50.0974
49.8662
50.996
50.1837
51.7666
51.8184
52.5196
52.256
53.3391
52.8619
52.7354
53.3888
54.3422
54.3979
54.2109
54.7632
55.0342
55.9189
55.1425
56.3815
55.7142
55.8597
55.8443
57.2083
56.6555
57.2943
56.3006
58.4672
59.062
58.9247
58.1489
57.645
58.371
58.3923
59.6834
59.3459
59.5098
59.2389
60.2522
59.2909
59.253
59.292
59.9331
59.3848
59.8572
59.7857
60.1329
61.3726
59.4232
59.7086
61.1726
59.5219
59.4324
59.8158
59.0816
59.0107
60.5733
59.3455
59.1642
59.6545
59.674
60.059
59.965
59.2114
59.1312
58.8156
59.2581
58.8188
58.2551
58.8198
58.0062
57.9974
57.9326
59.2918
57.8738
57.9325
57.2572
58.2691
57.6769
57.8022
58.0213
57.5357
57.5852
56.1965
57.613
57.0458
57.21
56.3024
56.7849
55.2499
55.6644
56.2603
54.4265
55.1733
56.2607
54.6884
55.3104
54.9007
55.345
54.8643
54.1379
53.4745
53.4621
53.2235
54.6047
53.7587
54.3576
53.3195
53.7039
53.3737
53.0442
53.1071
52.6991
53.146
52.8686
53.5426
52.5001
52.9793
52.2794
52.5098
52.932
53.2289
52.1511
52.6477
52.6149
53.5165
53.3357
53.366
53.8951
52.505
52.3993
53.9047
54.0414
53.6643
54.7782
54.8444
54.2117
54.2815
54.3704
55.3194
54.5179
54.9785
55.9852
55.752
55.4187
55.1675
55.3925
55.8212
56.1892
56.6782
55.5065
56.6042
57.0266
57.1516
58.4721
56.9435
59.1578
58.3091
58.9693
60.1367
60.039
57.9752
60.3628
58.888
60.1566
60.1217
59.088
59.9002
59.5889
60.2052
60.7293
60.895
61.391
61.814
61.3864
61.7965
61.2345
60.9479
62.2838
63.186
62.1838
61.7639
61.8001
61.8444
62.5679
62.692
62.0748
62.3
63.3488
62.3169
63.1155
62.5264
62.7466
63.0405
62.5237
63.1943
63.5157
63.3158
61.9136
62.6828
63.5905
62.7383
63.6623
62.7764
63.6988
62.8088
62.8978
62.592
63.226
62.2513
61.7077
63.0085
60.5922
62.5888
62.0412
61.2614
60.9462
61.876
62.1784
61.1413
61.8784
61.7894
61.6453
60.5554
60.9855
61.0466
60.8206
61.3437
60.3201
59.6049
60.1385
60.2991
60.6258
60.0644
59.2715
59.0706
59.4927
58.6487
59.5983
59.3326
58.9403
58.017
58.6308
57.9927
59.4671
59.067
57.9673
59.089
58.1612
58.1626
58.0922
57.7652
58.2129
58.4975
58.9908
57.72
58.347
57.417
57.931
57.0247
58.0312
58.2953
57.3131
57.8691
57.9086
57.4914
57.5254
58.3192
57.8886
58.6616
57.8455
59.1407
58.2364
58.8464
59.1404
59.3345
59.3307
59.0221
59.7155
60.6993
59.4126
60.1986
60.3597
61.1971
60.5681
60.4172
61.3606
