34.9832
35.1229
35.4885
36.1798
35.5374
35.362
35.3991
35.4122
36.0918
37.0492
36.1157
36.4383
35.7503
36.03
36.9239
37.2913
38.6123
36.0032
38.448
36.8909
37.2852
36.08
35.0805
36.0093
35.6892
36.3297
34.6741
35.6854
35.2553
34.8576
35.1441
35.5887
36.2282
36.2118
35.9373
35.9468
36.4468
34.7905
35.7307
36.4473
35.9821
36.7683
36.498
37.2074
36.8295
35.9766
36.9401
37.0436
37.4616
36.9228
35.1078
37.0606
35.6383
37.217
36.4628
37.3812
35.6268
37.5143
37.5542
37.7112
35.6827
38.4612
38.3742
36.7558
37.9845
38.4414
37.9701
36.6197
37.764
36.437
38.1892
37.2283
38.515
37.8507
36.1499
38.9504
36.5159
36.9266
37.8509
37.9276
36.3182
37.0635
37.0773
36.9934
35.3937
35.603
35.9271
35.8594
36.3601
35.5204
35.5561
35.2459
35.1722
34.5777
34.6593
33.4166
33.3371
32.9842
34.2502
31.6793
33.6546
32.7546
32.3316
32.3595
33.0064
32.141
32.1603
30.6545
30.093
30.9831
28.6347
29.9587
30.2618
29.4079
31.498
30.4042
29.3194
29.8051
28.2403
26.7566
26.8841
27.1613
28.1453
27.0843
27.6518
28.6768
27.956
29.0909
27.4523
28.8345
28.157
28.1956
27.3604
28.9687
27.3237
29.5876
28.9386
27.5656
27.5255
28.1394
27.5452
26.2749
28.5148
27.4812
27.0184
29.1204
28.8447
30.0265
29.0362
28.3241
28.9386
28.883
27.3786
30.0221
29.8633
27.7733
29.8101
30.2859
30.4087
28.722
30.0061
29.883
29.6159
31.762
29.7122
30.3114
31.6705
29.7996
28.9862
28.9483
28.2694
30.4072
30.0012
29.4364
28.8685
29.5208
28.4059
28.9617
28.7254
28.9126
29.8499
29.1437
30.8258
30.7115
30.0931
30.2679
31.2503
32.3649
31.9762
30.8188
33.1327
31.8636
32.3502
33.821
33.0164
32.9165
32.5557
33.3172
31.8556
32.0955
33.3209
32.8694
33.0082
32.887
32.6595
33.1432
33.3092
33.3774
32.3616
32.9161
33.1416
32.7061
31.5495
31.3852
31.4163
31.2838
32.1662
32.0995
32.6634
31.5959
33.1011
34.4959
33.7585
33.3341
33.0359
33.9351
33.198
32.8112
33.7756
33.6877
33.1623
33.4074
33.7076
33.226
32.6176
35.0515
34.189
34.4397
35.5626
35.5133
34.3945
35.1033
36.3223
36.7194
35.1355
34.4558
34.2122
34.0083
34.2855
35.585
