48.2048
49.8352
49.4751
47.8847
47.6461
48.8798
47.3547
44.86
45.3797
41.9078
43.7077
44.6003
44.2974
43.0248
42.255
39.4362
37.4064
35.9446
34.8871
34.7901
33.6271
31.1754
33.6373
33.2313
33.1846
34.2896
32.9802
31.8221
34.4139
33.9762
33.3819
35.2639
33.859
32.9772
34.2665
35.261
33.1864
35.6171
34.914
34.8807
36.3986
35.2202
33.2116
36.0163
35.6178
35.0024
36.4036
35.6019
34.566
35.8504
35.4939
34.651
35.6911
35.5442
33.958
35.0787
34.5826
34.2141
35.3672
35.3776
34.8714
36.2497
36.2214
36.6011
38.3711
38.3012
38.4531
39.1929
39.5186
37.8444
40.9148
40.4246
42.073
43.5409
43.5519
42.6478
43.812
43.5071
43.1693
43.4042
43.179
42.4882
45.0688
44.8864
45.5403
45.6953
44.7345
42.6853
44.0264
42.899
41.4502
40.2498
38.9165
38.7181
38.6297
38.6876
37.1888
38.1318
37.9599
36.1101
37.0629
35.8741
35.2412
36.1638
36.6348
35.1936
38.1139
37.2854
37.1565
38.188
36.9907
36.6723
37.4064
36.7794
36.4937
37.4225
37.1649
35.4963
36.9158
37.0053
36.4745
37.1075
36.2035
35.3819
36.6363
35.5006
35.5143
37.2786
36.1296
36.7415
38.1425
37.254
36.9214
37.5961
38.077
36.5209
38.0103
37.4167
36.5548
37.7764
37.6843
36.7295
36.9119
37.5821
37.6261
38.9136
39.0778
37.7261
38.1143
35.8848
34.9637
37.7703
38.323
37.7137
38.6131
37.7734
36.7383
36.9457
38.3294
37.906
39.0237
39.4091
39.7451
46.7061
47.8969
47.5769
48.202
48.2528
47.5416
47.756
47.2126
46.8503
47.2906
46.3303
47.2915
46.1796
46.6387
46.1046
46.2026
46.2358
45.3502
46.308
46.1988
45.6697
46.5134
46.9241
45.4234
46.6325
46.5862
45.7136
46.8634
46.6631
47.1953
46.6512
45.6515
45.5544
45.8893
45.9555
45.3398
45.5853
46.1939
45.2294
46.5419
45.929
45.8255
46.5711
45.1219
43.7733
46.0655
45.3801
45.0447
46.0438
45.8148
45.899
46.7487
46.804
46.9445
46.7556
46.8567
46.1586
46.8421
46.0331
45.7496
46.9587
46.6651
46.3145
48.2031
48.268
47.9166
48.7934
48.4388
46.6433
47.1457
46.9027
46.04
47.4057
46.953
46.8249
47.1791
47.2849
47.8952
46.9993
46.6062
46.0137
46.3205
45.4966
45.6093
46.0995
46.0302
45.8115
47.453
47.4283
47.096
48.148
47.9612
46.5039
47.3765
47.3638
47.0665
47.6543
47.3853
47.5402
48.346
47.8567
48.9552
48.7593
47.1504
48.2092
47.386
47.4103
46.9476
47.0911
47.1861
46.4293
47.485
46.6828
47.8036
48.581
47.1378
46.9641
47.8264
46.9112
46.1837
48.1772
47.3069
46.4287
48.2428
46.8964
48.19
47.8834
47.9853
47.2445
47.8166
47.3269
47.2233
47.9632
47.4935
47.0659
47.9152
49.3732
