49.4748
48.2341
48.0518
48.0421
48.4671
48.6425
48.4164
48.782
48.3593
47.698
47.8232
47.2696
46.4002
46.2012
45.5931
46.1046
45.371
45.9034
44.9613
44.5025
44.8284
45.8511
45.1618
44.7527
44.2925
46.1444
44.8556
45.8611
46.5905
46.0116
45.7615
46.2573
47.9537
47.2987
48.2292
48.9392
47.9711
49.034
49.7813
49.7831
50.5748
49.9325
51.6747
51.9039
52.5517
53.1975
54.6907
54.8788
54.3361
54.9682
55.7429
56.1557
56.8386
56.0522
57.6688
58.1972
58.2147
58.2597
58.1937
59.7178
60.639
59.7797
59.5923
60.4048
60.9222
61.7847
61.118
61.1992
61.9967
61.9138
62.0487
62.6671
63.0948
63.7666
63.5863
64.098
62.8152
63.174
63.1706
64.1061
64.0069
62.6653
62.604
63.6774
63.4952
63.3153
62.6466
64.1798
63.019
62.5656
63.8489
63.2251
62.6732
62.2821
63.403
63.1039
63.3091
64.4742
63.7523
64.3092
64.0925
64.5391
64.8302
65.8057
64.2048
64.9814
64.0975
63.3323
63.3308
64.0292
62.6288
62.9271
62.1394
61.8175
61.9808
60.8612
60.8869
61.0132
59.7821
60.7803
60.4242
59.8084
60.0233
59.1329
58.5364
58.8187
58.2141
58.0455
57.6382
58.0302
56.7555
56.5962
57.4391
56.2961
56.7564
56.9964
56.0297
55.543
56.178
56.6841
55.8972
55.8453
56.0693
55.7787
55.9683
55.6239
56.0869
55.9863
56.9705
57.5618
57.7806
57.0298
56.5146
56.2273
56.8347
57.1734
57.4291
57.6629
57.7133
56.7898
57.2352
57.4556
58.3638
59.3877
59.194
59.5151
61.0543
60.7542
61.7859
62.3132
61.9638
62.5689
62.593
62.9522
63.2437
64.0653
64.1743
64.5827
65.211
65.9019
66.4915
66.0054
66.3004
67.1663
65.463
66.5594
67.2971
67.454
66.638
67.7213
68.3439
67.3029
67.8191
67.5228
67.6462
67.8139
67.6366
67.9498
68.9471
67.64
69.1112
69.3587
67.4977
68.1949
67.6688
66.976
68.1015
67.4832
67.5719
67.5378
66.5843
67.1001
65.9611
66.951
66.5894
66.0932
67.5656
66.7543
65.597
65.6453
65.4749
65.3508
65.829
65.2806
64.2653
62.299
62.6083
63.0644
64.305
62.8003
62.6311
61.7932
61.7355
61.5041
60.3589
61.2727
59.5056
60.1146
60.3119
59.6551
