33.487
32.2541
32.4421
32.5866
31.9817
31.9753
32.6024
32.119
31.8954
31.7479
31.2015
31.5461
33.1204
31.4461
31.3941
31.3282
31.4435
31.3834
31.2677
31.7509
31.5833
30.7544
32.5506
33.2695
32.6606
32.7833
32.0765
31.866
31.501
31.8236
31.115
30.518
30.751
29.9516
31.0484
30.1473
30.5754
30.5254
30.0464
29.1884
30.0627
29.8955
29.8426
30.0941
29.0503
28.3999
29.3216
29.1033
29.9394
30.3223
29.1407
28.3142
28.1695
28.5174
27.5402
27.3404
27.1169
27.3638
26.0194
25.4483
25.4422
26.2473
25.238
23.6798
24.7627
24.9727
24.576
25.8229
25.0822
25.7837
25.8442
26.0994
26.358
25.8662
24.2248
24.9911
24.5373
23.6303
23.5651
24.8182
23.833
24.1178
25.2512
25.0485
26.034
25.1942
25.3043
24.7937
24.62
25.4486
23.9864
24.6012
25.0557
24.2433
26.0385
26.1702
25.929
26.4579
25.7169
24.5175
25.4007
25.2086
24.9086
24.9137
25.9828
25.5489
28.0354
26.1384
27.4524
26.8393
25.9511
24.7717
25.157
24.3672
24.7663
24.8512
25.5184
25.5823
26.7627
27.3685
27.9671
27.2427
27.0228
26.3918
27.2239
28.1645
26.699
28.0678
27.6954
27.0748
28.7669
29.7351
29.8394
30.436
30.201
29.7547
29.8921
29.8132
29.944
31.1694
31.3441
30.8725
31.9319
32.0325
33.5827
32.0282
30.8353
30.8903
31.3963
30.7973
30.2499
30.679
29.5857
30.3536
31.6289
32.9734
33.9502
33.2686
32.4794
32.603
33.0396
32.6725
34.0022
33.3655
33.228
33.3002
33.3341
31.6185
31.2083
31.2102
29.7544
29.0425
29.7979
29.4365
28.2785
30.5919
30.5587
30.0562
31.2297
31.9807
31.3664
32.8184
32.0409
32.075
31.8637
31.629
31.6331
31.2923
31.1549
31.0515
32.6642
33.9673
33.2698
33.3851
32.9367
31.7514
32.7818
32.1612
31.4161
32.2553
31.6177
31.6851
32.4895
33.2306
33.8388
33.295
32.0079
31.7129
32.3401
32.3759
31.2381
31.9058
31.2316
30.4024
31.2716
30.4843
31.7705
30.9531
30.6375
29.7097
29.1186
28.7714
27.8033
27.232
26.9714
27.1822
29.1067
28.8112
30.9329
28.8151
28.8573
27.9585
28.3671
28.4891
27.5761
28.842
28.9704
28.6765
29.9352
29.3663
29.2197
29.3935
29.1159
28.6055
29.9126
29.1205
29.4204
28.3576
29.609
29.5174
28.7414
29.0034
28.1565
28.8679
27.7528
26.7958
27.1695
26.8886
26.5618
25.8825
27.3214
27.4287
28.7597
28.9767
29.4079
29.146
28.8295
28.0752
27.5275
27.3372
28.7048
28.1868
27.3738
27.8636
28.1298
28.1271
29.9001
28.4891
27.2084
28.0158
26.9026
27.1191
27.5157
26.1428
26.9774
28.282
27.855
28.964
30.708
30.4926
30.6895
31.1615
30.767
29.9979
30.7943
29.806
30.0417
29.8456
30.5041
32.1691
33.51
32.025
31.8186
30.9093
30.4212
31.156
30.0977
31.3649
30.5509
31.2088
30.6234
30.8812
31.8746
30.7846
30.9792
30.7815
30.4809
29.5967
30.9285
30.3402
30.0881
29.8982
30.9217
31.2633
30.7806
31.175
29.8118
29.7139
29.7589
29.36
29.0842
29.3923
28.2445
28.9155
29.043
29.5053
30.8391
30.7978
29.3517
27.449
27.5961
27.6796
27.8466
28.4589
28.8893
27.2231
28.6111
27.9914
28.4682
28.2403
28.1181
27.7593
27.3174
28.1133
27.0372
27.876
27.3692
27.7534
27.3824
28.3969
27.0519
27.6347
26.9974
26.7379
26.383
26.8814
26.3886
26.2432
25.0015
24.7613
25.6825
25.6623
26.1897
25.8607
24.4905
25.1896
24.2215
23.596
24.4412
23.946
24.866
24.3738
23.2857
23.8467
26.2054
23.9394
22.4678
22.9884
21.5374
21.6922
21.8482
21.4553
20.0708
21.2722
20.0465
21.329
23.5931
22.0615
21.0009
22.4115
22.2632
21.4302
22.4177
21.9174
20.7073
21.4129
21.4245
22.694
25.5991
22.673
23.0303
24.1885
24.7663
23.8991
24.0811
23.6287
23.8416
22.6252
24.1647
25.4371
26.5216
26.8007
25.2591
27.089
27.597
25.432
27.0922
27.3255
27.3117
26.9277
27.2692
28.5103
32.4902
30.9158
30.6844
30.1195
30.1111
30.6542
30.0725
29.9013
28.9691
28.8149
30.0439
29.9326
29.1707
29.6369
29.1319
29.42
29.2856
28.1117
29.468
28.9786
29.0687
29.0194
29.0638
29.9765
29.6152
31.3589
31.1082
31.1814
31.6853
30.9495
31.3464
31.3774
32.1235
31.2901
30.8774
33.1306
34.4547
33.8914
32.8469
33.9136
33.7869
33.5499
34.252
33.358
33.1299
33.0806
33.6048
33.0216
33.4601
34.0816
33.66
33.6058
33.7275
32.9809
33.2821
33.9239
33.1243
32.8294
33.9645
34.063
35.1847
35.3613
34.1533
34.7396
33.9506
33.7114
33.533
32.8788
