46.1383
46.3592
45.9516
45.0866
44.7481
44.138
44.1086
44.4543
45.5421
44.3967
45.7855
43.958
43.2036
43.7012
45.3118
45.3258
44.0627
44.8989
45.2029
46.2435
45.8125
45.4245
46.4685
46.7479
46.625
45.6408
45.6127
48.5087
48.022
48.2828
46.9702
46.1958
45.6549
46.0865
45.1263
45.2756
45.6904
44.6142
44.807
44.5853
45.6249
44.7742
43.8626
45.2938
45.2909
45.5593
44.9718
45.1742
44.9963
44.9308
45.0749
43.6121
44.4388
44.3519
44.8866
44.223
43.8697
44.3238
44.5159
45.2912
45.1855
45.5036
45.1223
45.2416
45.1604
44.7598
44.4947
44.1692
45.3129
45.4667
44.7425
44.376
44.5056
44.4292
44.4463
44.6081
45.1002
45.0598
45.1508
45.2669
44.9038
44.6545
43.9502
44.6135
44.1002
43.8777
44.2158
43.1822
43.6958
43.9596
42.9624
43.9606
43.8238
45.1416
44.8781
44.2164
45.0895
45.5405
44.4641
44.5142
44.2076
43.966
43.2406
43.7337
43.7187
43.9303
43.6093
43.0341
42.8264
42.8516
42.9809
43.7793
43.0918
43.63
44.4809
43.8196
44.0688
42.9632
43.6446
44.545
43.6364
43.9682
44.7357
43.3132
44.7335
44.1557
43.3048
43.6906
43.2189
41.7612
41.71
43.5992
43.5632
42.9556
42.5426
43.6
42.4765
43.135
43.6079
43.2999
30.756
31.0626
30.0453
31.8829
31.8328
31.3445
31.3036
31.4011
31.3019
31.5888
30.8453
31.1301
30.5657
30.7335
31.0967
30.4595
32.4259
30.8295
31.2753
31.6542
31.2668
31.633
32.0642
31.8297
32.5889
32.1248
31.2037
31.628
31.4286
31.0683
32.4785
33.0789
34.5334
33.5685
32.3692
32.5948
33.691
33.2259
32.2319
32.1466
32.5923
32.8424
33.576
33.9114
33.3221
34.8159
33.9711
32.1084
32.6401
33.1951
34.551
34.7515
34.2424
32.4989
34.0741
32.8655
33.3484
34.3962
33.5081
32.6517
32.9493
33.5684
33.1078
33.1487
32.5007
32.8155
34.3344
34.65
34.319
34.8726
34.1255
33.17
33.5883
34.5221
34.7469
35.081
34.8222
33.7819
34.9896
35.9278
35.1605
34.6093
34.5607
34.5975
35.8221
34.8759
34.205
35.1185
36.0011
35.5032
35.8014
35.5861
35.6868
36.6233
35.1311
36.7206
37.754
35.2458
36.4801
35.975
