34.6517
35.3155
34.1557
35.194
34.8612
34.7761
34.0026
34.5369
34.123
34.3051
35.0908
34.7387
34.5543
34.7826
34.9112
36.4268
35.2057
34.7155
34.4672
35.6901
34.9597
35.0828
34.741
35.0474
35.0911
34.582
34.8549
33.8208
34.0997
35.2114
35.1617
34.1299
34.7022
34.7602
35.7342
35.2418
34.5861
35.3906
34.6369
34.3484
35.0845
33.3065
33.9625
34.8343
35.2308
34.6054
35.3225
33.7122
35.0849
35.2174
35.515
35.818
35.2593
37.1804
35.0756
36.2713
36.2454
36.2996
35.6938
35.998
34.9395
36.0022
36.4579
37.3375
36.4896
34.5816
36.9654
35.8509
36.5864
36.7121
35.5676
37.0507
36.2291
36.1382
37.5707
38.3293
38.3412
37.3286
39.4739
37.4332
37.6119
36.7699
38.6357
38.0581
38.486
38.0034
38.5897
37.7467
38.137
37.7651
38.3468
37.785
38.0336
37.868
38.4992
37.1278
38.6034
38.161
37.7672
38.0098
37.7814
38.6382
39.0286
39.3038
39.6964
39.4166
38.863
38.5322
38.7534
38.5628
38.202
37.9314
38.1637
38.4318
38.6477
38.0377
38.5195
38.2922
37.0823
37.4092
37.3555
38.3343
36.5462
37.0751
37.3187
37.8067
38.0788
36.9902
37.4501
37.6787
37.3414
39.0807
38.5586
39.1748
38.3825
39.0427
38.8236
38.5175
37.6816
38.0479
38.4404
37.3256
37.7329
38.996
38.5291
38.5378
38.5746
38.5745
39.033
38.3277
38.5752
38.9196
38.6776
39.4976
39.5437
38.6868
39.0978
39.8882
40.2785
39.845
40.8203
40.8193
41.3866
40.6724
39.7573
40.8596
40.4751
40.1037
40.4913
40.2313
39.7469
40.8294
40.6222
40.6389
40.8886
39.9098
40.6857
42.0035
40.9947
41.2336
42.8904
41.0072
42.1975
42.6293
42.0279
42.5615
43.1928
42.4637
42.6073
43.1325
43.1384
43.2155
42.7361
41.8786
42.0299
42.4646
43.5916
42.6619
41.4553
41.4384
43.2856
42.7012
42.3713
43.5773
43.5589
43.6359
42.9631
42.9791
42.6744
44.6014
42.9115
42.6908
42.1837
42.4517
44.1699
43.1654
42.4052
42.5926
43.0371
43.5667
44.5627
43.6258
44.0055
44.7685
43.4597
43.4375
43.9562
44.6307
45.9064
45.5786
43.6701
44.902
46.074
44.1089
43.4299
43.3214
43.9951
44.1917
43.7569
44.938
43.5875
43.3432
43.7898
44.6092
44.637
43.927
44.735
43.4915
43.6786
43.7478
42.9295
42.8861
42.6333
43.6352
42.7904
42.1009
42.8439
42.0378
41.4513
42.0494
41.7171
41.5272
40.8821
40.2272
40.8056
41.2442
41.9941
42.0346
40.2649
40.3409
39.7555
42.4568
40.5067
40.1456
39.5948
39.7963
40.6587
40.7447
41.7361
38.6751
40.5255
39.7597
41.5591
40.3798
39.9988
40.5124
40.4399
39.7169
39.8501
39.4318
40.0548
39.3693
39.8412
39.4724
38.8702
39.5885
38.7592
38.5273
38.8222
39.1254
37.5823
37.9536
38.186
38.361
37.4394
37.0062
38.4287
36.4238
38.0932
36.8286
37.9986
36.2659
38.0148
36.7197
38.0196
37.6501
38.3394
38.1714
37.9565
37.7366
36.8254
37.0334
37.4681
38.2476
37.8029
37.3194
37.6505
38.0131
38.7686
39.0511
38.9093
38.5157
37.9794
38.439
38.1593
36.8081
37.9127
39.106
39.3176
38.7423
39.4197
38.8512
39.2882
39.4488
39.1481
38.1347
37.9038
38.739
39.1106
38.2588
38.7022
39.424
39.0324
39.1466
37.9063
37.9306
37.2159
39.0953
39.5773
38.4345
37.6051
37.8625
38.829
40.0005
39.4973
39.5335
39.4893
39.2508
38.6217
38.8451
38.2146
37.2469
38.1442
37.8633
39.0576
39.7496
40.8916
38.7651
38.5406
39.8611
38.1031
38.2404
38.3775
38.7221
37.8223
39.0468
38.7205
39.4921
39.5582
39.844
39.9982
38.583
38.5019
38.6167
39.2075
38.3262
38.401
38.5983
39.2447
39.2552
39.293
38.8438
39.3422
40.0196
39.6504
39.751
39.264
39.5454
39.6931
38.9235
38.0865
38.4357
38.5773
39.4596
39.2003
38.2355
39.0952
39.7993
40.0777
39.4951
38.7522
38.6632
38.4784
38.2119
38.8285
37.3983
37.8633
38.6585
38.2923
38.8547
38.2379
38.4321
37.5688
37.5039
36.9035
38.0514
38.0484
38.1799
38.5241
38.0571
37.4437
37.5668
37.6027
38.1761
38.5443
38.2469
38.067
38.4664
38.0331
38.3351
38.0143
37.8567
37.5027
37.8318
38.0176
38.4906
38.242
38.3964
37.4877
39.3098
38.2814
38.4242
38.6673
38.3001
38.4355
37.6666
38.5615
37.372
38.0125
38.0851
38.6393
37.9257
38.2943
37.6329
38.0532
37.6566
37.6638
37.441
37.5393
37.6187
37.8568
36.8167
36.9269
37.1891
37.0039
36.5407
36.3353
36.5607
37.2524
37.0937
36.8445
37.4873
37.7031
36.7537
37.5031
36.38
37.2816
37.5246
37.3458
37.3696
37.4924
36.8196
36.9545
37.5675
36.0868
36.331
36.3996
36.804
36.3966
37.0341
36.9407
35.7165
36.4616
36.5724
37.5405
36.8915
37.3507
37.4758
37.2239
37.8302
38.0151
38.4863
37.8676
37.9023
38.748
38.5121
37.8687
38.2359
38.1287
37.3309
38.3919
38.8644
38.7282
38.8325
38.9113
38.0523
38.144
38.1254
37.6222
37.7924
38.0008
38.2546
38.0824
37.9857
37.9863
37.4843
38.4928
37.7509
37.6465
38.2903
38.1385
37.9207
37.83
38.3252
38.4551
37.76
37.3548
37.2538
37.6279
37.8525
37.6462
37.8727
38.0555
37.4377
38.0687
36.7301
37.3716
37.3503
37.6833
37.2499
37.3919
37.149
37.5966
37.8253
37.4373
37.4868
38.2028
37.4632
37.5915
37.323
36.9636
36.8766
37.0816
37.4267
37.4988
36.9739
37.2061
37.6641
37.0642
37.2305
37.693
37.862
37.3063
36.6686
36.6818
36.9555
37.3684
37.5289
37.089
36.7206
