67.6056
67.5
67.6848
67.9347
66.9375
67.7283
68.2636
66.0207
66.7005
68.3495
67.2238
68.034
68.3442
68.4636
67.5401
67.5676
68.2744
67.3005
68.7969
69.1153
68.951
67.0658
68.5177
68.588
68.6438
67.3952
67.0726
69.486
68.5032
68.8143
68.8397
67.8431
68.4328
67.7776
67.6511
68.0042
67.3135
68.5392
66.709
67.0576
66.9674
66.8503
67.7282
67.5581
67.5146
67.2367
67.2904
66.7907
66.9825
67.0344
66.7549
67.631
67.3986
66.1811
67.0331
68.3145
66.6864
66.8527
66.3377
66.0763
67.7376
65.8689
66.9859
66.8162
65.4869
66.7384
65.9395
66.9385
66.3613
67.1601
67.4314
65.0516
67.2617
66.7582
66.3627
64.3862
65.5321
65.1872
65.4071
66.4769
65.8024
64.9712
66.2788
66.1783
64.9382
64.8388
66.0394
64.2884
63.8817
65.2829
65.8208
65.0326
65.958
64.9654
64.7825
65.2801
64.9783
64.5282
64.9485
64.6913
66.0411
64.4425
63.7626
64.603
65.0415
64.8856
65.0877
62.9878
63.4072
64.981
64.0794
64.0893
63.6873
64.1407
65.2089
64.3667
65.6155
65.3554
64.8232
65.6168
65.9161
64.4477
65.4834
65.6489
64.8187
64.2759
65.4173
65.2944
65.0837
65.0109
64.7411
64.6749
64.636
65.3629
65.5107
65.4527
65.5257
65.4094
64.5771
64.0641
61.7348
61.1696
61.2185
61.888
61.8229
61.3041
61.5626
62.6975
61.7541
61.252
60.7609
61.2824
60.6344
60.3836
60.9192
61.3957
61.3465
60.8927
60.0514
60.7136
59.8386
60.5301
61.826
61.2196
61.1257
59.6284
58.3185
60.6494
60.1556
59.5719
58.6985
60.1509
61.0052
60.2381
60.6751
60.0499
60.516
60.9653
60.864
60.5282
60.9848
60.6462
61.8265
62.1837
62.025
61.5235
62.0387
60.568
61.6219
61.2915
61.7194
62.7856
61.6778
61.2717
60.733
61.2873
61.2466
61.2516
61.7055
60.3527
61.3829
61.2517
61.1374
61.5562
61.5247
60.8351
61.1233
60.8782
61.0742
61.2752
61.0105
60.9746
60.7908
61.8094
60.7634
61.6835
62.2626
61.1387
62.034
61.7764
62.8391
62.547
61.9727
62.4685
62.7836
62.1691
62.6253
62.5897
61.938
62.5454
62.5145
63.4374
62.4413
62.4533
62.036
62.561
62.3427
61.3629
61.7039
61.8778
