31.3946
28.9173
29.2729
30.4576
28.5896
27.8544
26.2731
22.0929
21.5611
18.7406
21.3858
22.706
24.0135
17.5361
16.4254
11.9256
11.5596
12.1351
7.65267
8.6116
8.51264
7.33469
10.8606
9.72124
6.46653
8.95605
8.83173
6.29722
10.1737
11.2696
8.22863
10.6767
9.72368
6.93889
9.75708
10.2956
6.64983
10.4758
11.5179
7.85085
13.2223
11.51
10.6136
13.1038
12.2133
10.0698
14.7006
13.8205
11.5696
13.2819
12.5007
11.4449
13.6359
13.6057
11.7774
13.95
13.1891
11.4524
12.8217
14.3411
10.8149
13.2537
13.8649
12.5213
15.087
14.0279
12.1615
14.5216
14.939
12.3225
14.7988
13.8683
11.7996
13.3424
13.9045
10.6115
14.7076
14.7417
11.9644
13.1803
13.8505
12.0064
13.5343
13.8583
11.3462
13.2149
13.2993
11.3301
14.2336
13.7749
12.152
14.3618
13.8612
12.0458
14.9083
15.3175
13.3177
13.7484
14.3747
12.7917
14.6235
14.2095
12.5539
14.3196
13.6376
11.8137
13.9205
13.6413
12.2742
14.1437
13.0863
11.41
13.9159
12.8053
11.9369
13.5731
13.8756
11.2743
12.5932
12.3226
12.4775
13.2753
13.747
11.0713
13.2448
11.9171
11.604
11.7926
13.21
11.6255
14.5733
12.9274
12.2465
14.6111
15.2818
11.5495
14.9168
13.7892
12.2145
14.1109
13.7855
11.2016
14.272
12.8091
10.1112
12.7222
11.2751
10.6416
12.4157
12.0472
9.48945
12.0134
12.2241
10.4908
12.7032
11.891
11.4039
12.0038
12.4218
12.0239
13.7466
13.367
12.0301
14.9028
14.5806
12.8814
15.3949
15.8791
16.0986
16.5395
16.5641
16.0702
17.3875
16.9987
15.4345
17.2145
16.317
15.1537
16.7655
15.8829
14.2286
16.295
16.4131
15.5759
16.8173
18.2093
15.2381
17.1686
16.8818
16.8097
17.3016
17.4932
15.7102
16.6233
16.3559
15.2582
16.7373
16.2203
15.3772
17.4247
17.471
16.0353
17.8159
17.0451
17.4239
17.7311
17.199
15.7768
18.4344
17.6267
16.0496
18.9867
18.7481
17.2434
17.2861
18.2565
16.2467
18.1681
18.3558
16.9435
18.6716
18.6178
16.3886
17.5364
17.7984
17.3997
18.1198
17.3301
15.1613
17.3604
17.5973
17.6292
18.2868
18.0752
17.1248
17.9769
18.369
17.4494
18.3158
16.9024
