53.0314
52.6522
52.686
52.0206
52.1833
52.2222
51.6772
51.7961
51.9238
52.5347
51.9108
51.3841
52.9108
52.1772
52.8969
53.6894
53.245
53.2269
53.0465
52.7714
51.3785
52.5175
52.9803
52.2108
52.402
52.3097
52.1144
51.1084
51.7235
51.5167
50.4189
51.1444
50.6984
50.2213
50.3714
50.5318
49.5546
50.3473
50.9204
50.0639
50.5497
49.4302
50.0842
49.1883
50.3899
49.6327
49.2814
48.6303
48.3364
48.2764
48.1907
47.7352
47.8136
47.1654
47.6674
48.5492
47.9678
48.7371
47.836
46.477
46.295
45.6107
45.453
46.2225
46.2983
45.8908
46.7756
46.4692
45.7861
45.8061
45.1374
44.5766
43.8309
45.3189
44.9685
45.3264
44.3636
44.3506
42.7909
43.0378
42.9754
42.7575
43.5827
42.054
44.4143
43.5618
44.1937
43.6458
42.6518
41.5203
41.4716
41.2364
40.9435
40.7727
39.4606
39.2155
40.0687
39.6532
38.8985
39.4808
39.2728
40.2997
39.1293
38.0607
38.1777
38.2038
38.6913
38.6593
37.1196
37.8558
36.9984
37.8113
37.0406
37.4173
36.0482
35.3853
36.174
35.6991
36.8537
34.849
34.004
33.7241
33.5803
34.6142
35.6401
35.5433
34.7117
34.0047
34.3061
32.4261
34.0473
34.1648
33.582
33.6207
33.1722
34.2911
33.7044
32.4904
32.1906
32.8898
33.0014
32.6057
34.7861
34.4836
32.0813
32.8157
32.518
32.7678
31.5939
32.7312
30.9118
32.7461
33.9289
32.4616
32.2235
31.5515
31.7004
30.7826
31.553
31.4028
31.9889
31.7813
32.4529
30.9667
31.1777
32.8676
33.5077
33.4586
31.534
31.5389
32.0444
31.6255
32.3946
32.634
31.0128
31.7657
31.6768
33.156
31.0352
32.0152
32.311
30.5671
31.0176
32.0251
33.0598
31.7712
30.8662
31.4074
32.3733
31.9454
31.5814
31.6211
30.5212
31.0951
32.0305
30.3792
31.0674
30.817
31.3716
31.7029
31.7467
31.6793
31.9883
32.2916
31.3274
32.7345
31.6468
31.2865
31.9857
31.0185
30.5195
31.6553
31.7645
33.0024
32.8309
32.2981
31.1586
31.245
31.6737
32.6396
31.4121
31.6232
31.5824
32.7445
32.05
31.153
32.2027
32.951
33.2041
33.3015
33.273
32.7447
33.3951
31.7717
32.3054
32.9044
31.8609
32.8198
31.4904
31.7789
32.0733
33.2594
32.8169
32.437
32.5811
32.3947
33.69
33.9406
32.2451
33.1309
34.2766
33.0685
32.9704
33.8918
33.7728
34.3609
34.688
34.7543
33.1725
34.773
34.5424
33.046
33.6437
33.8812
34.4939
33.2399
33.4381
33.5841
33.88
33.929
33.5585
32.5003
33.7687
33.6536
33.5404
33.3413
34.9318
34.4048
33.6112
33.3652
32.8265
33.1075
33.3767
33.1866
33.6599
33.2779
33.41
33.4597
32.4127
32.9593
33.0483
33.0788
32.5395
32.8554
33.4851
33.5308
33.2589
33.6437
32.8141
34.0807
