44.3079
43.4378
44.8009
45.2522
45.3448
44.5227
44.7439
40.8329
40.8412
40.9705
39.8237
37.8821
38.4327
37.5701
36.7188
37.4113
34.8708
36.0995
36.8718
37.6923
36.928
38.0089
35.7648
35.307
35.467
35.0191
35.6435
35.2815
35.5372
35.7158
33.9349
33.4176
33.0013
35.0657
35.8239
37.8612
40.7633
40.5447
40.4105
39.515
39.4567
36.8385
36.4538
36.674
37.5496
38.405
36.854
34.4009
34.461
35.2553
37.6215
39.9649
43.5192
45.1025
48.3516
48.7652
49.5302
50.3307
46.8815
46.5418
46.4011
43.764
40.5849
38.9952
37.3929
36.7588
35.3222
35.4787
35.8563
38.0006
37.9758
37.5575
36.8163
39.7965
41.3984
44.2124
46.1177
46.1178
45.9095
44.3836
42.7447
43.914
43.2074
42.4279
42.7101
41.0887
38.7833
40.9077
40.4357
40.0475
38.5822
37.5201
36.8925
37.2137
34.4912
35.3774
35.9595
34.9684
34.1834
34.4309
34.2696
33.1324
33.5069
31.4997
33.2849
32.9875
32.1506
33.4962
35.9478
35.44
37.5343
39.0528
37.9961
40.2157
38.7488
39.4738
37.8395
39.5798
38.1557
40.1792
40.2682
44.169
43.7427
42.6748
42.4968
41.4116
41.4561
42.0938
48.6748
49.4345
48.6987
53.3398
48.5903
49.5257
50.8351
50.3728
51.6474
49.3875
49.1372
48.9726
44.525
38.7116
38.526
34.1592
35.1619
33.2882
32.2797
29.1847
30.0422
29.5569
30.4427
27.7861
27.9058
28.7916
29.9068
30.7425
31.115
29.019
30.4247
31.5669
30.8241
30.0716
32.1018
29.9425
31.1789
32.5273
33.7336
37.9156
36.5798
38.5464
37.5019
33.7332
38.1989
38.4419
36.5916
40.3223
39.3246
37.1309
41.0573
41.8269
39.6494
36.69
37.1444
35.4027
34.0209
35.3517
36.7146
35.8918
34.8919
31.154
32.2634
33.0739
31.7617
32.4684
29.5593
29.0969
28.7579
27.5165
29.8069
29.2274
30.4532
30.2761
29.3949
31.5093
30.63
28.2157
28.6359
29.6448
26.0888
28.8063
30.0252
29.1231
30.8499
33.0766
33.0077
33.5493
32.048
32.7119
31.5285
31.5441
32.0672
34.2646
34.3543
34.6302
35.6056
34.5778
34.0489
35.2498
35.2839
33.1997
35.5163
39.418
38.086
38.1169
38.1821
38.2201
37.2757
40.8142
40.2942
44.3348
45.4649
45.9002
46.8493
41.8898
42.3597
39.9105
37.2444
37.543
35.9101
35.1212
36.6653
36.501
38.8122
38.9608
39.9034
39.0454
38.5809
35.734
38.2564
38.1257
37.1831
36.9156
36.0668
34.9815
37.4542
34.6019
35.6126
37.3446
35.4698
35.2052
35.9992
34.8378
35.8881
35.9913
35.7838
38.5111
41.3029
39.0274
40.4811
41.6323
41.8054
42.2331
44.1624
42.7697
43.8424
42.6411
40.4989
39.4041
39.7217
37.7454
42.6843
41.4911
40.3806
39.5591
40.978
38.1639
39.2187
39.1484
38.368
34.6266
