17.9305
19.8481
19.9559
19.1397
19.6759
19.6111
18.2275
19.8042
19.8546
17.4974
19.8029
19.9092
17.5985
18.8127
16.5724
15.6018
15.5246
14.1871
12.2134
12.6189
12.6552
10.3877
12.3875
12.2175
11.0275
11.9816
13.7633
12.3631
15.0586
16.2265
15.6744
16.0267
15.1156
12.2822
13.1709
13.4995
11.9497
13.5659
12.9219
10.6672
11.1064
10.2136
8.76743
9.07279
8.74193
7.34575
9.55975
8.80385
7.4338
9.88461
9.8177
9.48273
11.6619
11.9705
12.0723
12.5478
12.0727
12.5569
13.2389
13.337
12.0851
12.8938
12.5696
12.7198
13.3413
11.9938
10.4557
10.5767
10.3114
8.67116
9.05202
8.05951
5.68546
7.39913
6.81974
5.35385
6.49269
5.89707
5.3148
6.9937
5.9743
5.44314
7.72087
8.49364
7.92146
10.5023
11.3752
11.0165
15.1426
17.6133
18.3209
19.5205
19.1882
17.8236
19.0688
18.4845
16.8554
18.1192
17.2157
14.9468
16.1716
15.5913
14.5452
16.5391
16.567
13.7887
16.8632
16.6097
14.2106
16.0175
14.9416
13.2208
14.4672
14.1635
11.6634
12.2858
11.2959
9.23564
9.95518
8.82613
6.31532
7.68509
8.39308
8.13514
10.9651
11.8787
13.1014
16.3691
16.2685
15.7939
15.9557
15.5006
14.1787
16.1169
16.2665
15.8076
17.4661
17.658
16.2137
15.7236
15.1772
14.891
16.4282
17.5292
15.7354
16.8948
17.1466
17.2082
19.9305
19.6232
16.8698
20.5697
20.3065
19.3796
20.9542
21.2579
21.6208
22.1747
22.0956
21.0578
23.1817
22.2568
21.3979
22.0443
23.2791
21.2301
21.9937
21.2329
18.8746
19.9039
19.8508
17.1363
19.7418
18.9333
17.064
17.9491
17.4038
16.4492
18.2304
18.5277
15.9173
17.3928
17.7551
16.2169
19.6309
19.2755
18.2693
20.2688
20.4893
19.0774
20.9189
21.5667
22.5662
23.2334
22.7974
22.0607
24.0578
23.9019
22.2113
25.8728
24.5269
23.5277
25.6007
24.8309
22.2642
23.9843
24.0139
21.3747
21.9309
23.2734
20.5484
22.0974
23.1979
21.1657
23.7269
23.8646
23.5455
25.4228
25.4045
23.9534
25.8765
24.5531
23.1936
25.2047
26.8668
25.0769
27.4145
27.7737
25.0387
26.4154
25.9659
24.3234
25.8942
25.094
24.0054
24.9696
24.6196
22.8316
24.5178
24.6986
24.4001
25.3947
25.8431
23.9666
25.7598
25.213
23.683
26.2714
26.0104
24.7298
28.4092
26.695
26.3014
28.4075
28.5773
26.5189
28.3084
28.7295
26.0534
27.0158
27.5321
25.7377
27.7495
28.6836
26.7304
28.4645
27.6847
26.4985
27.1659
27.9706
25.676
26.7153
28.0516
25.9688
29.0823
30.5013
29.5612
30.2277
30.1904
28.4638
29.8226
30.0183
29.8992
32.3449
31.8846
30.479
34.8526
35.1029
32.7922
34.3568
35.8853
33.686
35.5964
35.6887
31.8855
34.1534
34.5119
32.0189
36.218
34.8102
32.3391
34.395
33.433
30.9328
32.1018
32.0453
30.5138
31.6752
32.4734
29.3341
32.6479
32.9663
31.2425
32.4119
32.4488
31.5776
33.3903
32.7844
31.3449
33.5166
32.5482
31.9231
33.9948
34.5346
32.3809
33.5459
32.9382
32.2339
33.127
33.3302
31.4203
33.8067
33.2795
32.4902
35.3684
35.5393
34.1461
34.6063
35.2685
32.9223
35.0965
35.8375
35.0053
35.8206
36.1459
34.9353
38.351
38.3857
37.32
38.1413
38.2467
36.332
38.1825
36.841
36.6923
37.466
37.1883
36.8478
38.9251
38.3661
36.5241
38.3539
37.5642
36.3699
37.5515
37.3044
36.0426
37.1728
37.3678
36.523
37.8364
38.3712
36.0227
36.6354
37.3299
35.3996
35.8696
36.1086
34.0825
35.5583
36.3508
34.2446
37.4807
36.6288
35.0673
36.1977
35.7332
33.4182
34.9188
34.7391
32.2525
33.1186
33.6579
31.9056
34.1863
34.3995
31.4001
31.5779
31.6858
29.4714
31.0182
30.8932
29.3709
30.2464
30.5351
28.6505
30.3679
30.5242
28.3572
29.1527
29.969
27.9953
29.4212
28.9735
27.1903
29.1073
28.6936
26.9559
28.6195
29.2762
27.5867
28.9499
29.1452
26.9049
27.9919
28.9052
26.9377
28.67
29.5877
27.3841
28.2898
28.9297
27.8962
29.145
27.8475
27.119
28.1153
27.3685
27.0556
27.8375
29.8201
27.2691
29.3413
29.9884
28.7924
29.239
29.2171
27.9453
30.4942
30.7532
28.192
30.6996
31.6272
29.9164
32.5125
31.6179
29.9071
30.6804
30.5102
28.7121
30.4213
29.509
27.5783
29.9945
29.4145
27.332
29.4905
28.8621
26.7513
28.0133
28.4904
26.3993
28.4903
28.2507
26.1758
27.5401
27.4007
25.7266
28.0179
26.7619
25.4208
26.5825
26.9218
24.361
25.9516
26.1687
23.6684
24.4372
26.1325
23.4191
25.4032
25.5481
23.1837
25.3245
24.2645
23.6103
25.6296
25.0753
23.6018
26.1173
25.6594
23.8605
26.2654
26.6809
23.729
25.729
25.421
23.5341
25.6125
25.6449
23.2465
25.7739
25.2813
23.7078
25.6076
25.1149
22.6363
24.3882
23.8347
22.074
23.6572
22.9454
21.969
22.8095
22.4486
20.7987
21.8217
22.3587
20.148
21.1698
21.4043
19.2801
21.7355
21.0459
19.3557
20.2536
19.8997
18.3893
19.9602
20.6808
18.7269
20.5091
20.824
19.1378
20.7251
22.3405
19.9257
19.9126
21.2122
19.3458
20.7333
21.1896
19.0854
21.1888
20.8545
19.2352
20.5737
21.2775
18.7571
20.3221
19.5912
18.527
20.607
20.8209
18.8054
20.8468
20.7864
18.7019
20.1716
21.0297
18.8361
19.6523
19.4575
18.5309
21.1316
21.1571
18.4282
20.0626
20.614
18.4005
19.4292
20.8574
18.7044
20.542
20.7159
19.8373
21.5895
21.4871
19.3444
20.372
21.205
19.5965
19.1925
19.4351
18.3476
18.3009
18.9218
19.4635
20.2941
18.213
