51.9052
52.5323
52.428
52.2902
51.4201
52.5812
51.9687
51.5402
49.91
51.0198
51.5626
51.7552
51.0987
51.1979
51.7162
51.543
51.1329
51.5552
51.5521
52.7983
51.283
51.3711
50.9136
52.2403
51.5331
53.0277
52.1786
51.3576
50
51.1331
49.4605
50.8611
49.9062
49.8921
50.0302
50.4823
48.9708
50.4382
49.429
49.4638
47.8841
49.2789
49.0585
49.5384
49.2766
49.9983
49.1178
48.6241
47.0249
47.4905
47.2652
48.2397
47.7813
46.342
45.9438
48.0616
47.1603
46.9012
46.038
46.163
45.414
44.4557
44.9058
45.6503
44.9964
44.9638
45.2575
45.7203
45.4896
45.0941
44.5909
44.4178
43.2762
44.0484
43.169
44.2802
43.6244
42.5118
41.8894
41.1918
40.7814
41.3025
42.6005
41.9427
41.8137
42.6443
42.579
42.2177
42.9524
42.1632
41.9003
41.6518
39.4237
39.3628
38.315
37.55
37.4897
38.1917
38.2385
38.5233
36.892
37.8469
37.6265
36.819
35.8698
36.6707
36.1908
37.4564
35.7716
36.9362
36.537
36.0036
35.6666
35.8152
35.9881
34.0599
34.6181
35.2493
35.5053
34.5768
34.1095
34.2253
32.9981
34.0533
35.006
34.5368
33.7938
33.6859
33.0635
31.4704
34.0477
32.9478
31.8368
31.4009
31.3622
32.1432
32.7717
31.9471
32.3089
32.3752
31.843
32.1442
31.8719
31.5935
31.6361
31.4591
32.2234
32.0297
31.4807
31.8856
31.6464
31.476
33.0062
31.9523
31.0896
30.6537
30.8993
29.5957
29.623
30.466
31.9833
31.0363
30.5278
29.97
30.6616
31.3804
31.4885
31.1269
31.6755
30.813
30.7029
29.7099
30.1161
29.6277
28.9953
29.3181
31.2542
29.9039
29.9617
30.377
30.8107
30.1975
30.0207
30.9444
31.5912
31.1262
30.2919
30.1353
30.8214
28.9533
30.0613
29.8633
32.14
30.705
28.9941
28.7023
28.1575
27.9933
28.6003
30.0521
30.9022
29.2798
29.3725
27.9325
28.4764
28.4161
29.0009
29.5598
28.6074
27.54
27.6204
27.2479
28.5659
27.6466
27.7955
27.7854
30.1993
28.2021
29.9541
27.8849
29.8422
27.9716
28.4773
30.2155
32.2045
30.6686
30.8839
31.0785
31.1388
30.8959
31.2735
31.9428
32.0599
31.5303
30.091
30.1519
30.3939
30.6408
31.2323
30.8262
32.8557
33.438
32.6312
31.3179
32.6228
31.9759
31.809
32.5316
34.6468
33.5655
34.0812
33.9957
34.3801
34.8837
33.5911
34.952
36.1909
34.4897
34.2975
34.4279
34.6921
33.9809
35.9018
35.4763
35.6974
33.8866
34.8734
35.4579
34.376
34.1968
33.595
33.4356
35.7218
34.9022
34.156
35.4255
36.3846
35.3843
34.3997
35.3641
35.5773
34.6902
35.0314
34.915
35.3588
35.0598
35.6269
36.176
36.4321
35.829
35.5591
35.1692
35.2398
35.2248
34.9915
35.6522
35.3891
35.1743
34.6144
35.0994
