33.487
32.2541
32.4421
32.5866
31.6556
31.5513
32.2311
30.1514
29.6018
29.2412
29.2668
31.7853
32.7241
29.7775
28.1731
27.8053
27.0243
26.1287
25.1515
25.6023
24.7689
22.3366
25.9975
26.986
25.2648
26.2614
25.281
24.4955
25.6971
26.1154
25.4047
25.2148
25.5381
24.817
24.7721
24.5124
23.5558
25.7122
24.3526
22.8744
23.6876
24.1667
23.4761
24.5245
23.355
22.1898
23.8314
24.0974
22.2971
23.6757
24.5571
22.2313
23.181
22.1309
21.401
22.4828
21.5332
20.0343
22.2413
21.2474
21.032
20.5789
19.6115
18.7508
19.9023
20.2791
18.8422
19.8569
20.2986
19.0007
20.6074
21.0885
19.4808
20.5959
19.335
18.8734
19.0346
18.2434
17.3624
19.2167
17.6207
18.146
19.4319
19.2547
17.4915
18.6683
18.7333
18.6819
19.5803
19.0873
18.661
20.3238
20.216
19.3472
19.8742
19.6287
17.7957
20.6289
19.7945
19.1412
20.032
19.3834
19.17
20.4544
20.045
19.5532
22.6461
21.5143
21.3119
22.4511
21.517
20.3179
21.6455
20.4553
20.8851
20.7923
20.9729
20.3422
21.8304
22.6667
21.946
23.564
22.9536
22.6245
23.5603
23.2182
21.7259
23.3035
22.746
22.709
23.4461
23.6492
21.7961
23.9566
24.3529
23.5871
24.6445
23.6966
24.1187
25.8283
25.5559
25.0999
26.2672
25.6736
24.2304
25.1634
24.5374
23.3337
25.0586
24.7361
24.3748
24.942
24.6567
24.0526
24.9534
25.9149
24.72
25.3078
25.5016
24.1121
25.5128
25.2649
25.6298
25.9612
26.5605
25.1576
26.3036
25.0691
24.0701
24.3951
23.5419
22.5103
23.5028
23.1265
22.5446
24.9436
24.3975
23.2482
25.8026
26.9885
25.0121
26.8772
26.4364
25.6363
26.1362
25.6335
25.6617
26.5212
25.6831
24.9989
26.8307
26.9267
24.8477
25.6154
26.0713
24.5995
26.062
25.4986
24.4755
25.7234
25.883
24.9694
26.7809
26.1466
25.4948
26.5288
25.1088
23.7022
25.2511
25.2883
24.3592
24.7038
24.9665
23.8728
24.5567
23.8238
22.4461
23.2956
23.1926
23.1849
23.7515
22.7353
22.1019
22.4104
22.2916
22.0245
22.9907
21.8085
20.7399
21.1632
21.4711
21.0744
22.1952
21.2718
20.0132
20.781
21.3804
21.0026
21.3552
20.4631
19.6395
20.8601
19.8143
18.6845
20.6785
20.2554
20.3008
20.0685
19.8214
20.0606
21.5363
21.3114
18.9424
20.6826
20.7789
19.1515
20.1848
20.0005
19.3035
19.6864
20.4674
19.9036
22.0004
22.2233
21.9905
21.5112
22.2069
20.8297
21.6152
21.6696
21.7489
22.1011
21.6735
21.3063
23.0401
22.0921
23.0913
22.8266
21.7545
20.0119
20.1772
21.5439
21.1082
21.3281
21.4363
22.3857
23.7122
24.1676
25.5701
25.0751
25.3035
24.7929
24.2125
24.4453
23.9902
24.2433
23.8829
23.4372
25.3611
25.0949
24.6492
24.0806
25.4795
23.2694
24.7143
24.2986
23.9144
24.4018
23.965
24.0278
25.9014
26.0356
26.7961
26.4744
26.3828
24.7998
24.8842
24.8553
24.2898
24.1085
23.3367
22.8765
25.1987
25.5175
22.6079
23.9155
23.4805
21.9376
23.3946
23.2366
22.3341
23.3495
23.7858
22.9551
23.2106
22.1597
22.6777
23.1237
22.5068
20.9797
22.2002
22.3693
21.4589
22.1728
22.0114
20.9089
22.5823
23.2083
23.4188
23.1128
22.3829
22.2693
22.299
21.9698
21.7064
22.2497
22.2592
21.7168
23.9295
24.1516
24.2592
24.1133
22.714
22.0629
22.0736
22.2213
20.8913
21.4143
21.1073
19.7065
21.9864
21.9688
21.8686
21.5282
21.0281
20.4898
19.909
19.9766
20.0274
19.9696
19.8385
18.9383
20.1417
19.9256
19.8127
19.1011
18.9451
17.3657
18.2147
16.116
16.243
15.2485
14.2919
13.8422
14.9124
15.9762
16.6025
15.4673
15.9385
15.3966
16.1732
15.9803
15.8369
15.7401
14.7424
14.849
16.626
16.1479
17.7266
16.0656
16.4927
16.6735
17.9521
16.6395
15.967
16.9442
17.8409
16.3392
18.6848
18.9622
19.603
21.4661
20.7349
20.2055
21.0829
20.3976
19.7986
21.4548
20.9911
21.0736
21.8466
22.3358
22.7694
23.1414
22.8435
22.3323
23.4192
23.2758
22.2313
24.0797
23.7351
23.1688
24.5062
23.9078
23.5413
23.1584
22.8075
22.438
23.8029
23.2323
22.7784
23.6192
23.6275
23.4101
24.7692
25.018
24.0721
24.9211
25.3764
24.7383
25.0883
25.1841
24.0321
25.0374
25.7274
24.5646
26.6183
26.5297
27.3079
27.3694
26.3564
25.9459
26.4966
26.0288
25.2929
26.3516
25.9136
24.9568
27.3889
26.9137
26.8186
26.7158
25.2407
25.987
26.7516
25.7704
26.2432
26.9517
25.7603
25.5911
28.0592
28.6417
30.2196
29.1916
28.5952
28.3443
27.7276
26.8981
26.6591
26.0486
