21.7888
22.1459
21.8414
22.0242
21.3365
20.6042
19.8772
20.5523
20.3061
19.3901
20.0027
20.6398
18.3142
20.6543
20.6684
20.5564
21.4121
21.0021
22.4565
20.7164
20.5759
19.9558
20.5168
20.3325
17.8217
19.2992
20.0031
20.002
20.3267
19.6088
19.7642
19.7668
20.1912
19.534
21.0468
20.3635
19.7427
20.4579
20.1701
19.2541
19.7347
20.4628
19.6392
20.688
20.913
19.5334
19.6313
21.1704
20.4774
22.4815
20.7399
21.5065
20.3647
23.18
21.5922
22.2421
22.0613
21.6762
24.358
23.7381
22.9706
25.9758
25.3938
23.9521
26.2164
25.2987
24.7992
23.6731
25.0105
23.1954
25.97
24.8873
25.4232
25.5487
24.5831
26.023
24.0807
24.7616
25.1377
25.1853
24.9441
25.2413
26.0627
26.1522
24.0671
24.1682
24.4433
24.349
24.0473
25.4281
23.3189
23.4145
24.1855
23.1103
21.5257
20.7947
19.7798
19.7272
20.1216
18.654
20.1215
20.1022
18.6198
20.2264
19.6064
18.1504
18.3331
18.4418
15.803
17.8545
16.666
16.6716
17.0142
17.8367
16.8227
17.4755
16.2409
15.7541
15.5407
15.2605
12.9327
14.3533
15.3017
12.6551
14.7953
15.1102
13.9639
14.2314
15.3333
13.2558
15.7332
15.3368
13.5233
15.3945
14.7846
14.7738
15.9218
15.7649
14.3142
14.8198
14.9671
13.5925
14.5191
14.2507
13.6176
15.3529
15.6457
15.9461
15.5149
14.8252
14.4946
15.3101
13.9901
15.1814
15.2208
13.3704
14.5353
16.0101
15.9158
14.3728
15.5931
14.6876
14.8856
15.8124
15.3324
14.3864
16
14.1782
13.1654
14.2378
13.4897
14.2971
13.7147
14.0655
13.2845
13.7513
13.4539
14.4229
13.8404
14.1963
13.9493
14.3082
15.4092
14.7502
15.8881
16.116
15.9283
18.0566
16.495
16.1393
17.2216
16.8577
16.4109
16.6556
16.8521
15.5992
16.9089
16.7082
15.6825
16.4938
17.3331
16.7014
17.6917
18.2921
17.4953
18.1604
18.1682
19.0819
18.8962
18.4701
18.9557
18.8484
18.4176
18.3187
18.4273
18.5754
18.0447
18.7487
19.4604
18.9587
18.3846
19.1301
17.394
17.9773
17.437
17.4313
18.3142
18.4456
18.4351
18.7419
17.9889
16.7465
17.713
17.6757
16.7596
18.5068
17.7223
17.475
18.1691
18.8497
16.666
17.7757
20.5405
18.7235
17.08
17.0704
16.5024
15.5099
15.5115
16.7816
