52.934
48.9008
50.489
51.899
51.8181
50.2771
51.0951
47.12
43.7682
48.5391
45.2635
44.1486
44.8387
41.3556
43.1862
44.8012
42.3405
44.0088
43.1787
42.908
40.6495
43.4903
42.502
43.2229
46.0161
45.4974
45.0757
44.7833
43.1303
43.5638
43.647
42.8205
42.0288
45.2373
45.0018
47.3449
49.1573
48.0303
48.2793
49.6139
48.9342
47.3916
48.2822
49.3134
50.1536
52.9565
49.6852
49.8238
53.5327
52.2082
53.2552
54.6009
55.4532
57.375
59.9054
58.5794
59.856
61.3881
57.6497
57.2871
58.0167
55.6999
52.893
53.8114
51.2271
48.0404
48.499
47.7206
47.8095
50.454
48.6522
48.1894
51.035
50.6868
53.6502
55.3943
55.5526
54.8709
55.0329
53.9492
52.8696
52.7824
50.5011
49.3168
49.0896
46.2022
44.8483
45.888
45.8731
44.8214
44.6471
43.5107
45.1017
45.882
44.6925
47.5647
47.9032
47.9316
47.022
48.9946
47.0994
46.2282
44.5565
44.463
44.3901
46.1546
46.6971
46.5904
48.8008
48.0418
48.3243
49.012
48.8487
49.7878
49.5672
47.4233
48.1511
50.0372
50.8975
54.8237
57.6795
55.9118
54.3194
56.7798
54.1505
53.5577
56.6775
55.1706
58.4228
64.3552
61.3559
65.4042
69.9873
63.4581
63.8849
68.1017
65.9826
63.7847
66.8003
63.748
60.9345
57.2307
52.4096
49.1795
47.3897
47.3157
45.9739
44.6285
45.3562
45.1766
48.9801
47.1306
45.6682
47.938
48.4548
50.6134
53.0273
50.6905
50.9079
49.7299
47.5423
48.6024
50.1133
49.6574
50.1887
53.2903
52.8333
56.025
59.4122
57.834
55.9068
56.4538
56.6268
62.1965
64.5474
63.6406
60.3805
61.8631
61.8561
65.6084
65.774
60.0873
56.1339
56.2858
52.135
53.2228
55.4767
55.3316
52.5306
50.3787
49.149
51.26
52.388
51.0788
48.7762
48.0293
45.8063
45.5387
45.6153
45.4994
47.9122
44.408
45.2962
45.2372
44.3972
45.0448
44.2473
45.0532
42.1826
44.6195
44.0551
44.4283
46.0292
47.1197
48.3074
46.5169
46.6238
43.8588
44.601
45.2692
44.3803
45.0031
48.3452
47.9111
46.3552
48.6415
46.2567
48.8962
49.5485
48.3475
48.5158
51.8559
51.6152
53.4091
55.069
54.819
54.0837
56.5223
56.5177
59.0069
62.9167
59.3786
58.6527
59.0643
56.065
54.0916
54.3087
51.4427
52.6832
52.6831
53.4369
53.7384
57.3645
57.7465
56.1137
56.916
53.8956
52.6664
54.2427
54.5607
54.3276
56.7795
53.3018
52.9174
54.8628
52.4456
53.0347
56.1961
53.4467
52.3588
55.3556
54.0806
51.6632
52.1891
50.7475
53.6498
58.2863
57.5646
58.2205
61.5197
60.3284
61.3553
61.8961
59.8856
59.8896
59.878
56.3731
54.7182
57.5415
51.8239
54.2297
55.3892
54.2732
54.8075
56.7573
53.8804
56.3398
57.0271
56.1571
55.296
