53.1452
53.7405
52.0219
52.8856
54.1345
53.751
52.4872
51.4625
51.1562
50.2177
50.5064
50.1233
49.0091
49.4111
48.0161
46.771
45.9255
46.7404
46.4425
46.7932
46.4059
46.3093
47.3351
45.5434
46.9898
47.9098
47.295
46.9795
47.2519
46.8334
44.5592
45.4517
46.5185
46.0627
48.2801
49.4627
50.8452
50.8959
51.5438
49.4801
51.0484
49.6296
49.7432
52.5377
52.6613
53.4151
52.9774
51.2974
51.4697
52.9297
53.6559
55.9552
57.323
58.4341
59.4176
60.755
61.2403
62.5621
59.7764
60.5263
58.3379
56.2217
55.0575
53.0007
52.3345
51.5798
50.1654
50.3953
50.0109
51.0914
51.2126
52.3757
52.568
53.6478
56.0005
57.1154
58.3364
58.3917
57.121
57.3215
55.1051
55.5141
53.712
54.3857
53.2462
52.7481
51.5943
52.5332
50.783
51.8671
49.5834
49.57
49.5603
49.773
47.5767
48.459
48.4973
49.2598
47.7089
49.3475
48.1406
47.1392
47.5877
45.8351
46.8552
46.6307
48.2879
48.3232
49.92
50.7278
50.6809
51.0403
52.331
52.2654
51.5432
50.8949
50.5368
52.1106
53.2904
54.1677
55.4775
58.5279
57.2267
57.2171
56.598
56.9148
59.1188
59.253
63.1483
65.3639
65.7728
69.2373
67.4716
67.8165
69.1464
68.6444
70.849
67.1729
69.2916
67.9169
64.8381
62.0228
59.6632
55.5625
54.9693
52.0297
52.6742
49.517
47.8774
49.8825
49.8483
49.9681
50.7592
50.5198
53.4834
52.5421
51.6835
49.7936
51.2876
51.0802
49.606
48.7218
51.727
50.0412
51.1853
52.9352
53.083
54.8066
56.266
55.2679
58.2444
55.7732
60.4135
62.9007
63.2471
64.883
61.9628
62.6188
63.7059
62.5252
61.3044
59.2434
57.8609
58.4228
54.101
55.5925
56.241
56.5872
55.7841
52.7385
52.9902
52.8074
52.0555
52.6131
48.9667
47.4663
47.0773
44.8451
46.6299
45.9911
46.4169
46.0707
45.38
47.8643
45.1599
45.7099
45.8409
46.8449
44.2703
45.4586
47.7603
45.9098
48.1664
48.2613
49.3349
50.1576
49.7715
47.2455
47.2661
47.7598
47.996
47.8981
50.3966
50.3125
51.9085
51.51
49.4727
51.0177
51.9333
49.8117
51.226
54.8801
54.6921
56.0554
56.7465
58.7223
56.5904
57.8444
57.507
60.216
60.9401
62.4822
62.7467
60.0835
59.4484
56.8045
55.1249
53.4696
53.7861
53.1209
55.0283
55.3756
55.4016
58.2101
59.1977
56.1643
57.2908
54.7152
56.5793
55.0788
56.9111
57.4962
54.7326
53.9407
55.7054
53.5824
56.0348
56.8004
56.6219
54.8429
55.0783
56.7887
56.0303
53.5644
56.1493
55.3717
58.1125
57.0066
57.9962
61.4975
60.5363
61.6968
64.2834
63.2013
63.2509
60.6402
58.8719
57.6527
55.9875
54.8981
57.5708
57.2491
56.1928
57.8837
59.1257
56.6999
59.3984
57.245
56.4734
53.5332
