32.7262
32.4281
32.6687
32.9948
32.8637
33.1245
33.8931
33.5228
33.069
33.8573
33.4044
33.113
31.9792
33.4951
33.8718
33.5323
33.7373
34.1104
33.4766
34.0004
33.9124
33.67
32.8231
33.5923
32.0866
32.6572
32.7947
33.0341
33.3965
33.2698
33.4388
32.2005
32.8679
33.1913
32.0772
32.1903
31.0473
32.3016
32.2024
31.5852
32.1197
31.4258
32.388
31.5411
31.128
31.4591
32.3685
31.462
30.843
32.1955
30.9707
33.1774
32.3691
32.2436
31.9685
31.8128
30.8741
31.6652
31.5203
32.1721
30.2638
31.5149
31.0151
31.046
31.1844
30.9983
31.4147
31.7209
31.375
31.2027
30.8187
31.5523
30.2705
30.8645
31.3167
32.1561
32.3669
31.2643
32.0541
31.6631
31.253
31.8541
32.2217
31.6344
29.8307
31.375
31.8772
31.168
31.1393
31.2318
30.9296
31.6976
32.483
32.4791
31.3379
30.552
28.6626
29.3989
30.5558
29.3493
28.3226
28.6604
28.1937
28.7321
28.1427
28.4889
28.8714
28.0212
26.3389
28.9067
28.596
27.1906
27.7309
28.4988
27.6114
27.4409
27.46
26.0057
26.4273
26.3235
24.6022
26.7166
26.0697
25.4541
26.1123
24.6491
25.3347
25.8907
26.4876
25.6263
26.9244
26.2723
24.4193
26.9203
25.9584
26.4889
26.3253
26.623
24.8031
27.2076
26.345
25.0513
26.9121
26.1615
24.0621
26.1912
26.158
24.9732
26.8459
26.3694
26.1123
27.3744
26.3285
24.6819
26.164
26.4903
24.323
26.1543
25.8457
24.7448
26.1272
26.3216
25.7183
26.4013
26.1559
25.8068
26.8463
26.0191
23.9027
26.2073
25.8917
25.4908
26.9576
26.873
25.8542
27.1427
27.0211
25.752
27.6214
27.4997
25.0767
27.3619
26.9176
26.6326
28.4858
28.4505
27.3539
28.0765
28.3863
27.4687
28.9246
29.8006
26.4123
28.297
28.8897
27.7629
28.8678
27.8832
25.6426
27.0666
27.8508
27.592
29.2553
29.5526
27.0832
30.0102
28.7985
28.179
29.1669
29.6544
28.3751
29.2242
27.8126
27.2933
30.6183
29.675
27.0095
28.3516
29.3248
27.634
29.346
30.0619
27.918
30.0677
28.7869
27.9639
30.3871
30.9299
28.4323
30.5586
30.385
28.517
29.8074
29.1297
27.6176
28.3701
28.7426
27.2096
29.8309
29.778
28.8329
28.7891
28.2962
27.6386
28.0767
28.1076
27.3396
28.4377
28.5263
26.497
27.0481
27.2841
26.7997
27.204
26.7206
24.9576
26.904
25.9328
25.082
26.1764
25.8184
24.8267
26.2658
25.611
24.486
26.316
27.1947
25.2898
26.2765
26.0155
25.0907
27.0509
26.0482
25.1395
25.9596
25.7187
24.7479
26.6721
27.0626
24.2852
27.1159
25.2518
26.1171
25.4498
25.7185
24.0404
26.0074
26.1693
24.9643
24.6295
25.5198
24.8972
26.4214
25.1753
25.0382
25.6841
24.6179
24.0555
23.8386
23.807
21.6195
24.0567
23.173
23.3653
23.0681
22.5953
22.6259
22.4354
22.6072
21.603
23.3922
22.8745
21.3044
21.853
22.9564
21.3905
21.5509
22.3066
20.8655
22.4835
21.5169
21.464
22.37
21.1901
21.088
21.7401
20.9792
20.6852
21.3824
21.9963
21.7035
22.1504
21.5728
21.6873
23.0598
22.0695
21.015
22.5954
22.569
21.6538
22.8199
22.3036
21.9794
22.3449
22.3531
21.3857
22.7186
22.1575
21.9585
22.175
22.1525
22.081
22.1869
22.4508
21.8823
21.5727
21.7738
21.3549
23.1523
23.0435
21.3927
22.7815
22.9072
22.362
22.2951
22.1673
22.5098
21.9828
22.6249
21.8882
22.1196
22.3827
21.4825
21.9417
23.0419
22.1002
22.6452
22.5067
22.3013
22.4218
22.0088
21.0317
21.6703
21.9456
20.8921
21.609
22.4047
21.8729
22.0064
22.8284
22.3215
22.0498
22.7273
22.0977
22.9765
22.7741
21.8089
22.8826
22.5785
22.0404
22.662
22.5721
22.2821
23.0749
22.449
21.4082
23.273
22.9582
21.5888
23.0878
21.5761
22.0662
22.3114
22.9574
22.1842
22.5632
22.5171
22.2063
23.5055
23.5289
22.0469
22.2618
22.3658
21.8062
22.6195
22.6011
21.468
22.2314
22.2713
21.5733
22.7857
22.2939
20.7092
22.0461
21.8741
21.1687
22.501
22.4577
21.6869
21.6755
21.7516
20.6489
21.9932
22.4953
20.6793
22.3658
22.8224
21.7836
21.6658
21.5217
20.9458
22.1868
22.2383
21.2836
22.367
22.4874
21.097
23.0773
22.8132
21.9487
22.9195
22.7009
22.4065
22.3853
22.9384
21.5499
22.9221
22.8225
21.3123
22.2943
22.7365
21.4237
22.2399
21.4368
20.9833
21.5076
21.6035
20.894
22.8716
22.5238
20.6904
22.803
22.6574
21.6711
22.234
21.7573
21.2848
21.9368
22.4172
21.3142
22.6226
22.936
20.6642
21.8314
21.7763
20.7044
21.6873
21.6685
20.7226
20.9601
21.2942
20.2886
21.8545
22.0916
19.5037
21.4514
21.656
20.9256
21.9555
21.2153
21.0068
20.6969
20.8009
19.8766
21.7771
21.3335
20.5391
21.8022
21.6473
20.693
21.7917
22.2606
21.4226
21.8379
22.1711
21.8677
23.2652
23.0469
21.0105
22.8683
22.4556
22.2553
22.8441
22.9988
22.265
22.9078
22.9385
22.1512
22.989
22.8695
21.0283
22.3641
22.7368
21.7845
21.9688
22.5038
21.7317
22.5348
22.3983
21.6192
22.3539
22.3251
19.9126
22.1963
21.3796
21.3521
21.6042
21.7973
21.4482
21.622
21.8491
21.7781
22.4287
23.1518
20.9265
22.8162
22.4339
21.3815
22.4892
22.0402
21.9259
22.1723
22.1205
21.6945
23.173
23.4941
21.8318
23.1779
22.7848
22.0876
22.84
22.8763
22.3346
22.5966
22.8843
22.3429
23.3589
22.9662
21.6009
22.6166
22.7515
22.1457
22.9816
22.3473
21.3752
22.0422
21.5283
20.8375
22.3883
20.3186
