44.5329
44.8334
43.5532
43.4065
43.124
43.0397
43.3894
44.2694
45.3134
44.5703
46.8192
45.4684
45.0309
45.711
45.7873
45.9095
46.1184
45.5225
44.2839
44.4632
45.173
43.2754
44.4463
44.4881
43.2287
43.2714
42.3941
41.0479
39.5588
38.9574
38.7123
39.7019
38.9286
39.4484
40.0534
41.0341
38.8112
39.5082
40.451
39.7116
41.6269
40.5038
40.6434
41.807
42.863
41.3615
41.0106
40.8005
40.373
41.1565
41.2162
40.3667
41.9264
40.1168
40.6145
39.5641
39.1946
39.3129
39.0364
38.295
39.2131
37.34
37.6425
38.4374
37.5164
36.4617
34.3172
34.0414
33.1796
32.2646
33.3066
34.2451
33.8622
34.1367
33.953
32.6758
32.7887
33.3403
32.6384
32.7935
32.9183
33.5641
36.2968
37.823
37.9694
38.8631
39.7419
39.246
38.3339
39.5885
38.4889
38.8206
38.2614
38.2576
40.2514
39.6171
39.8076
39.487
39.8877
40.5231
40.4119
39.5363
39.4048
39.7827
40.0026
40.4336
40.6626
40.7993
42.1578
41.9364
42.5352
43.229
43.421
42.8253
42.1274
41.7
41.155
40.8806
40.9037
40.8704
41.6913
40.2721
40.1817
41.1115
41.8229
42.1234
42.085
42.3674
41.4381
42.3824
43.6094
43.0461
43.4422
43.2691
43.2673
44.0097
43.6123
42.1615
41.8899
41.4445
41.372
40.8869
40.4622
39.8945
38.6839
37.9254
35.2181
34.5016
34.0023
33.7401
33.7849
33.0275
32.8906
33.3504
32.7658
33.821
35.3993
34.1491
32.9719
32.2772
32.587
32.8463
32.8558
31.8189
31.9071
32.2068
33.6736
34.8875
34.7065
34.0386
33.857
33.3054
33.1456
34.7479
33.8766
35.7481
34.3632
32.6778
35.5158
34.9956
36.6468
33.8305
35.8991
34.4374
34.0136
32.3307
34.1511
33.1885
33.3649
33.8899
34.2801
33.4101
34.1865
33.4451
33.1961
31.823
31.3265
31.6822
30.7672
31.2039
31.0674
31.3473
33.0702
33.205
34.8266
34.519
34.408
34.2161
33.694
34.2661
34.0037
35.7178
35.8537
37.4293
40.1865
39.4521
41.6544
41.4518
40.964
40.8299
41.239
42.5362
42.6117
42.6811
42.7903
42.5037
43.6564
43.2963
44.0181
44.1191
43.7754
43.9029
44.114
43.0342
43.8122
44.1918
43.7618
42.0396
42.7797
43.4905
42.0476
42.4563
41.1415
40.9544
40.4004
41.0638
41.045
41.1007
41.814
41.4554
42.7095
42.4648
43.0605
42.7141
42.4419
42.5839
43.5544
42.9569
42.6529
42.6908
42.3535
42.5501
43.9144
44.8336
44.4026
44.277
44.2004
42.6397
43.4831
43.6939
43.5035
45.2472
43.1783
43.3389
45.4942
45.3494
43.0929
43.4988
41.4842
41.2065
41.2658
40.9271
40.9453
40.9279
39.7974
38.4418
39.9205
37.6204
38.3625
37.4662
36.447
36.3004
35.1765
35.7491
35.1076
35.16
35.7884
36.8516
36.8548
37.0036
37.8006
34.0978
35.9033
34.8616
34.0805
33.1909
32.7415
33.0171
32.6707
32.74
35.3736
34.9165
34.5718
35.0566
35.7998
34.6952
36.2084
36.2964
35.1999
35.2049
36.7098
35.9258
38.1349
37.7404
38.2551
38.172
38.6838
37.7661
38.6693
37.7723
37.0779
37.853
37.3712
37.6686
37.238
36.5472
35.2236
34.8971
34.6347
33.5929
31.6867
30.6004
28.3776
28.8184
26.8736
24.8429
25.1452
23.7227
22.449
20.8447
22.046
21.3005
22.1722
22.3396
21.8078
24.5494
24.3361
25.7678
28.7403
27.893
29.0712
30.3026
31.3214
31.9802
34.0646
34.3373
36.161
36.0896
35.6536
34.9504
36.0713
35.711
36.0753
33.9442
33.224
34.8309
31.9332
31.7986
31.9208
30.7846
31.1713
31.807
32.2811
31.2631
29.6439
29.2356
29.6128
27.0443
28.9059
28.2381
27.2203
29.4691
28.9281
28.0315
28.1896
30.3776
28.2707
28.3735
27.587
26.978
27.6893
27.958
27.5091
26.6957
27.0024
27.9431
29.8641
29.8723
30.5055
30.0251
31.7404
31.1759
31.3459
31.8338
31.8498
31.7569
31.5929
32.5845
32.0865
31.6261
31.1595
32.0359
31.4883
31.0483
31.2408
30.9286
30.7955
29.4022
28.94
28.2743
30.7764
30.3382
30.1451
29.7758
31.2512
30.1346
29.2705
29.7056
29.7111
28.4903
29.84
29.3197
29.3851
30.1584
28.2042
27.5493
28.2535
28.4085
28.9003
29.8648
28.683
31.9915
31.7075
31.5108
32.5986
33.6676
33.8518
33.4642
32.773
34.2706
32.5912
32.3213
32.6586
31.8634
31.9779
31.4047
33.3012
33.6005
34.3013
33.0216
34.2547
33.8985
34.1512
33.4431
35.1402
34.4416
33.9922
33.8063
34.5198
34.8591
34.6003
35.0469
34.632
34.4815
34.2161
33.8273
33.0578
33.5239
33.8183
33.3379
34.6355
35.3042
34.5128
34.9313
34.8611
34.3615
34.4274
33.6929
34.1611
33.1185
