35.6958
36.1281
36.2785
35.5289
35.8189
35.3378
36.4097
36.2197
35.9243
35.5887
35.5623
36.4926
34.4787
36.3365
35.1044
35.7167
33.8606
35.421
34.9053
34.2682
34.5581
32.6245
34.365
33.1756
33.6021
34.6152
33.1374
34.2548
33.5958
34.0238
34.6477
34.7111
34.0461
33.7274
33.7909
34.5289
33.6324
33.1946
34.646
35.1657
35.1691
33.8222
33.3434
33.799
34.2152
35.0177
34.1824
34.1209
34.5246
34.242
33.9319
35.4121
35.4992
35.1017
35.1982
35.7833
34.3725
35.3726
35.4088
35.4637
35.8463
35.2092
37.1829
38.007
39.0979
40.1709
41.4865
42.5951
42.8884
42.9644
42.668
41.8023
44.0607
49.0955
49.7141
48.9559
49.1643
48.6818
50.4032
49.355
50.4948
50.7038
51.0353
51.0851
50.5758
50.1794
49.0592
47.3343
46.2065
44.5277
42.8514
40.1769
38.993
38.7944
37.9795
38.0403
38.0918
36.5963
37.2822
37.0281
36.9836
36.6804
36.4104
36.9221
37.8649
37.0993
38.4005
37.9801
37.4202
37.9021
37.1052
37.6792
37.9018
37.2607
38.4039
37.8452
37.595
37.9957
37.3121
37.3828
37.9146
36.6622
37.2726
36.5763
36.7911
36.6117
37.532
37.5308
36.9602
37.3325
38.4173
37.9041
38.8319
38.6185
38.1022
38.1592
37.485
37.7225
38.2116
37.9762
37.4926
37.684
37.3161
39.3624
37.7519
37.4979
37.9888
38.8999
37.929
37.1384
37.3411
37.7663
36.5477
37.7591
38.1545
38.5619
37.0187
37.4778
39.2574
39.6077
37.7576
40.7123
41.806
50.011
51.158
52.151
52.8749
53.3825
53.982
53.7182
53.0097
53.5592
52.6997
52.5503
52.9674
53.2304
52.7213
54.1535
52.0196
52.5071
52.4072
50.8479
51.6997
51.426
51.6384
51.8135
51.415
51.2806
50.6482
50.6303
50.7069
51.1498
51.1922
50.3447
49.9936
50.3064
49.9906
50.937
50.8481
50.5604
49.4095
49.278
50.2102
49.5058
49.744
50.9426
49.054
49.9715
50.8597
51.2523
51.9803
51.986
51.7545
50.7452
51.5838
52.0853
52.4631
51.2518
51.49
51.8215
51.5392
50.8343
51.0574
51.5449
51.5728
50.6504
51.864
51.0672
51.9752
51.9957
51.5311
51.4496
51.3488
52.1607
52.41
52.1475
52.1379
52.5902
53.2187
51.2647
52.29
51.9788
52.0195
50.6681
50.9025
51.1695
50.2149
50.3209
50.7249
51.3674
52.9059
53.1229
51.6112
52.9965
52.8461
51.7221
52.3542
52.9245
53.3968
53.2294
53.6087
52.875
53.2877
53.8248
53.6818
53.8265
53.6291
55.1522
54.3522
53.5554
53.3293
53.659
54.4505
54.144
54.1625
54.283
53.8391
54.0357
52.5477
53.4182
53.8909
53.0894
54.1487
54.2724
54.4552
53.4863
53.5214
53.2216
53.675
53.3896
54.3094
53.9366
53.8258
53.8091
53.9366
55.433
53.4522
53.08
53.5141
52.5206
