32.6423
33.5751
33.7858
33.8372
33.8484
33.4429
33.2269
33.341
33.0056
33.0691
32.3697
31.7524
32.5049
33.127
33.1965
32.9262
33.1534
33.1067
32.773
33.4893
33.2117
33.0528
32.7702
33.4832
33.4538
34.119
34.0847
33.5286
33.0436
33.5963
33.9289
33.132
33.584
33.7103
34.5788
33.2152
33.6659
34.5481
34.174
34.8949
35.018
34.5394
35.0104
34.4441
33.9459
33.9927
35.7902
35.3733
36.1978
36.2752
36.1513
35.8565
35.8072
35.4025
34.4544
36.0519
36.1499
37.6588
35.5759
34.8988
36.4401
36.1758
36.6868
38.3808
37.0864
35.7623
36.7713
37.4341
35.8212
36.3927
36.2514
36.5997
37.3156
37.142
38.6267
38.2048
39.8998
38.567
41.2439
40.4551
39.9809
39.4707
39.9019
40.2434
40.9861
41.262
40.1799
37.8887
41.5763
41.6995
44.0691
41.7359
41.4705
40.6469
41.326
43.6652
43.1811
42.6619
43.0439
43.1221
43.5582
43.4267
42.9288
43.7882
44.7901
45.7799
46.6104
46.9241
46.7664
47.4474
46.6959
47.7982
46.6793
46.0825
47.3371
47.8798
48.2665
46.7408
47.295
47.2539
46.9747
47.7945
46.9131
47.78
46.8515
46.6102
47.2325
48.279
47.6678
49.4684
50.7092
51.6502
52.744
51.4532
50.1458
51.7836
51.9019
52.0434
50.9668
51.395
51.2766
52.1041
52.1155
51.746
52.1776
51.738
53.2289
53.1265
52.2312
51.582
51.6579
52.4858
51.3942
51.7756
53.0974
53.0342
52.5612
52.7182
52.4336
51.8916
52.605
53.2396
53.3904
52.6952
53.6758
53.3385
53.2965
52.5324
53.0753
52.667
53.2343
53.0018
52.2929
52.6295
52.5194
53.6672
52.6666
53.2036
53.9626
53.5639
53.3437
53.7109
53.6591
53.3251
52.263
53.4858
53.3346
52.9187
52.1267
53.1666
52.3211
53.3142
52.5806
52.2732
52.6468
53.3381
54.2797
52.4545
52.179
51.0198
52.4473
53.0391
51.5315
52.6873
53.0776
53.2521
51.428
52.384
52.6528
53.7381
52.7047
51.9399
51.8485
49.8453
51.7416
50.7103
50.9169
50.3913
50.3807
51.0111
51.9669
51.257
50.0819
50.4224
52.6558
50.9267
50.7724
51.2651
52.3522
52.6334
51.533
51.2093
51.2784
51.0137
50.4988
50.8562
50.5264
51.3283
50.8143
51.1963
50.1055
49.7601
50.0949
51.3024
51.1245
49.4472
50.4454
49.9793
50.3368
49.8747
47.5379
49.4579
49.481
49.2789
48.7312
48.3657
49.1698
48.7707
49.024
48.0947
47.7621
48.4201
48.165
48.1545
48.1512
48.6607
48.5793
47.11
47.4868
48.0844
47.7301
48.7324
47.9131
46.4977
45.6693
46.5109
46.2083
46.118
46.0305
45.3299
46.0066
46.7645
47.5877
46.7017
46.0232
45.7489
46.0605
44.9737
44.6955
44.1855
45.3933
45.8633
45.0074
45.3335
45.6131
45.308
43.7687
44.8526
43.1224
42.3346
42.4431
43.0107
43.4271
42.5781
43.8747
42.2127
42.3458
43.4361
42.7338
41.9872
41.1811
41.7167
43.1541
41.094
41.8828
41.7992
42.9857
41.8567
42.6187
41.3649
41.7566
41.4292
41.4711
40.5631
41.2721
41.1538
40.6011
41.8804
41.1784
41.7403
41.946
40.5143
41.0567
41.7918
41.3351
40.102
41.0041
41.781
42.0326
40.5852
41.666
40.8018
42.4117
42.9727
41.6812
41.1183
41.3819
41.5448
42.6668
42.7323
41.3996
41.2185
41.182
41.696
42.428
41.1788
41.5469
40.709
41.7701
41.1466
41.0726
40.3482
41.7136
41.1557
41.7971
41.2028
41.3294
40.9443
41.3612
41.1327
42.4316
42.2568
40.8983
41.3011
41.1142
41.7409
42.6606
41.5472
41.5554
41.6042
41.9572
41.9614
41.4197
41.5816
40.5091
40.8576
41.5614
41.361
43.0104
41.0192
42.0597
40.7547
40.4285
40.5773
41.3721
41.463
40.2424
41.0653
41.4753
42.3289
41.0017
40.0106
40.8806
41.4234
41.5279
41.2579
41.1738
41.1793
41.7929
42.3451
41.3583
40.2088
41.4175
40.5065
40.7359
39.5452
40.2145
41.7673
41.6217
40.7443
39.8393
40.3568
39.8371
41.2174
41.1019
40.3205
40.0271
41.4584
41.0254
40.3858
40.4734
40.5373
40.3908
40.6017
40.9534
40.5413
40.9155
40.3687
39.5687
39.834
39.8401
39.2062
38.9525
38.9331
39.9279
40.5441
40.1018
40.8843
40.6605
40.0947
39.9797
40.5754
40.9229
40.6641
40.1132
40.2162
41.1081
41.0942
40.1738
40.8608
41.421
40.1082
40.4727
40.9265
40.5413
40.3221
40.5821
40.2271
41.134
39.9373
40.0572
40.792
40.5896
40.2889
40.729
40.1472
40.2296
40.6738
39.8349
39.9894
40.0959
40.1366
40.364
41.1276
40.3234
40.5586
41.2745
40.4162
40.0004
40.4126
39.476
39.6834
40.0429
39.3466
39.8386
39.7914
39.9582
39.3042
39.6449
39.581
39.9083
40.0109
40.0565
40.0019
40.3434
39.2184
39.1519
39.9194
39.4778
39.5843
39.6157
39.4781
40.2518
39.8498
39.4671
40.0784
40.419
40.6347
40.5822
41.2317
40.8465
41.235
40.7491
41.1854
40.8851
40.2652
41.1265
40.7017
40.127
40.8825
39.8267
40.5281
40.8247
40.3507
40.5246
40.3548
39.2219
39.9632
39.635
39.9643
39.9375
39.8555
39.1336
39.6173
39.2814
39.8776
40.5698
39.8074
39.8301
40.1541
39.369
40.0546
40.1574
40.6953
40.5298
39.7963
39.3952
39.6905
39.6391
39.3508
40.7299
40.4487
40.5208
40.5008
39.7757
40.7153
40.1385
39.8208
38.9831
40.1706
40.8319
40.6589
40.909
40.5599
40.5499
40.8619
41.162
40.2989
39.8338
40.2227
40.4749
40.5336
39.7811
39.8573
39.5921
39.0256
40.0029
40.0815
40.1051
40.4162
39.3216
39.8392
39.5371
40.1139
39.2526
39.2809
38.9138
38.8558
39.0452
39.8038
