51.9317
51.9522
52.6262
52.9542
52.9178
52.7479
52.7524
52.4891
52.1396
53.4659
53.2087
53.3054
53.3703
53.9103
53.3299
53.4768
54.5838
54.658
53.797
54.4013
54.1762
53.9913
53.1812
53.5751
55.0639
56.126
54.4506
55.446
54.7402
54.5553
56.7112
55.4597
55.5221
55.2183
55.1307
56.9582
57.1528
56.0184
56.3938
56.4841
56.1992
57.2231
57.0709
57.2847
56.6689
56.4818
57.4791
57.8697
56.4515
58.0868
58.2968
57.6305
56.8111
58.9425
58.7212
58.2995
58.47
58.4757
57.2806
58.0007
57.1854
58.1651
59.0829
58.4554
59.2276
59.0918
58.9829
58.5349
58.4607
60.4172
59.638
60.1156
61.781
60.8854
59.1951
60.5135
60.1505
61.5376
60.273
62.3803
60.988
60.4441
61.8506
61.5023
61.163
61.5168
62.3002
62.4023
63.4038
61.5964
62.5829
62.1078
62.3724
61.8668
63.2207
62.2394
61.8143
63.67
63.3361
62.7219
63.4631
63.8757
63.8461
62.6741
63.6782
64.1821
64.0625
62.9901
63.6711
64.9037
63.3288
63.1129
64.1766
64.1426
63.8639
63.9872
64.2317
63.4695
64.9698
63.7387
64.3764
64.2967
63.7194
63.1672
64.7384
64.0289
64.7247
64.15
64.7531
65.3426
65.0063
64.1292
63.0859
63.3598
63.9629
64.988
64.3742
64.5189
63.3901
62.8417
63.2998
63.8056
62.502
63.1813
63.9918
64.114
63.7356
63.4481
63.1518
63.8028
63.3337
63.2126
63.5412
62.2664
62.9278
62.2085
63.4769
63.0225
62.6945
62.5281
61.1045
60.8455
61.6165
61.3035
61.4935
60.082
60.409
60.2398
59.3508
58.7839
59.9385
59.6722
59.7726
60.1324
59.6516
59.7734
60.5431
59.4969
59.0215
59.3246
59.7921
58.9675
58.9419
58.591
58.9956
58.505
58.1411
58.0505
57.9982
57.8975
58.4371
57.3334
57.2446
57.266
57.8079
56.081
57.7449
56.6476
57.0126
56.0254
55.7989
56.4455
56.9566
55.9591
54.5312
55.2818
54.68
54.3538
53.7382
54.0086
53.654
53.4593
53.7566
53.3375
53.6442
53.4185
53.4401
54.2689
52.3702
53.1148
52.6143
52.2215
52.044
52.1929
52.2171
53.0893
52.2547
52.1204
51.7838
51.5771
52.1885
51.0051
51.3087
50.8747
51.418
50.8991
51.3565
50.6259
51.7361
50.9351
51.007
51.7765
51.8439
50.8462
51.4746
51.9506
51.3719
50.9654
50.8161
51.3761
51.068
51.434
51.9695
51.7368
52.2333
52.4854
51.3267
51.5392
51.2402
52.1943
52.0584
52.5005
51.407
52.0035
51.9604
52.2707
52.0104
52.6047
53.0131
52.3111
53.984
51.939
52.2133
53.0464
52.6477
53.2217
52.0204
53.3345
52.4925
53.2775
53.7521
53.6328
53.4366
53.2356
53.7881
53.5806
54.5513
55.4301
53.4785
54.9366
55.443
54.9734
56.3592
56.6647
56.0293
56.2389
57.0642
56.389
58.3307
57.1445
58.2426
57.1075
57.8314
58.165
57.3523
59.0435
58.9896
58.749
58.5325
59.5921
58.9493
60.022
59.8473
59.4604
60.3436
59.7167
59.5726
58.8527
60.4997
61.3023
61.4675
61.206
60.8037
60.6777
61.8041
61.2653
61.4959
60.7574
61.4155
62.4239
61.8786
61.4883
61.8161
62.7846
62.7214
62.2472
63.6508
64.3199
62.4071
62.3578
63.3107
63.2312
63.5169
63.5154
63.1259
65.2901
62.0937
63.853
64.8468
64.9349
63.767
64.5825
64.3804
64.4418
65.1383
64.4648
64.782
64.2441
64.4909
64.4172
65.2175
64.4359
65.2285
64.2784
64.3789
65.5411
64.911
65.1724
65.1544
65.4794
64.8812
64.503
64.7864
64.4591
64.3477
63.7378
64.9939
64.5728
64.1708
65.401
64.8962
64.051
63.5665
64.4709
64.0441
64.0453
62.4157
62.3545
63.2323
63.9163
62.1068
62.7378
63.0929
63.6979
62.7364
61.5166
61.8456
62.4667
61.4594
62.2521
61.9472
63.0043
62.6581
62.4237
62.1644
62.298
61.924
62.6778
61.2516
61.7448
60.933
61.2641
61.9586
61.4772
60.7103
60.4433
60.1358
61.1033
60.44
61.1259
59.7432
60.9622
61.3931
59.202
59.2632
58.6848
61.0694
58.7277
58.7535
59.0157
58.5469
58.2309
58.7097
58.8099
58.8366
57.8343
57.4221
57.4676
58.7338
58.8492
56.9941
57.8863
56.0145
57.9024
56.9917
57.0032
56.4833
55.8434
54.4145
56.2755
55.2659
55.9151
55.3992
54.5277
54.7737
55.9422
54.1444
55.346
54.9317
54.6874
53.6914
53.8733
53.9878
54.6414
54.0022
53.9339
53.4324
53.2697
54.6258
53.1678
53.3583
53.7645
52.117
53.5332
53.4198
52.5799
52.1758
52.2699
53.2758
52.0807
51.1525
52.9847
53.1759
52.4817
52.194
53.2554
52.0519
51.7283
51.8586
52.7476
52.4542
52.1616
50.5047
50.9855
51.712
51.0847
51.2648
50.8682
51.604
51.4005
