26.3635
26.3291
25.6745
25.6743
25.5973
25.1919
24.872
25.1252
25.9566
26.1983
25.2437
26.4709
26.0526
25.2225
26.3373
26.009
26.2884
25.9876
26.195
26.0561
25.3948
25.3013
26.2165
26.1281
26.3457
25.7934
25.3505
26.0884
25.8509
26.3586
25.7418
25.331
25.6348
25.5903
25.5355
24.3213
24.6544
26.2237
25.2425
24.0669
23.9448
24.7156
25.1926
24.8444
23.8557
23.6108
22.6971
23.4836
23.7021
24.4448
23.1383
23.1214
23.1132
23.2506
23.5189
21.3748
21.9529
21.4351
21.8697
20.2068
19.5655
19.9514
19.2438
19.4982
20.4478
21.9481
20.547
21.1837
21.4019
21.8728
21.2581
22.1954
21.6734
21.7812
20.9985
21.0558
20.4689
19.6198
19.3819
19.9727
18.6883
19.8136
20.3887
20.4705
19.8506
19.0764
20.8035
20.4916
20.3239
20.8626
20.9021
20.0281
20.3248
21.2221
20.8823
20.5457
20.2012
21.416
21.7998
20.7279
20.6779
19.9945
20.6229
20.365
21.1839
21.1371
21.6385
21.6824
22.2383
22.078
21.9833
21.6698
22.0837
22.0861
21.5694
21.4066
21.409
21.9122
21.4983
22.6568
21.5534
23.658
23.6177
23.8728
24.1945
23.9064
23.9077
23.7998
24.6968
24.5028
23.5838
23.7298
24.5185
23.4049
24.594
25.0268
25.0479
25.3388
26.3142
26.2121
26.5124
26.0992
26.0801
26.5973
26.1096
25.7724
25.1729
25.6938
26.1883
26.2283
26.1761
26.1426
27.1772
26.5561
26.4467
27.6046
26.8774
26.7919
26.6214
26.1784
27.1324
26.8113
27.851
27.2403
28.1531
26.2542
27.2769
25.9679
25.1546
24.6492
23.2523
23.2941
23.4918
23.9071
24.0618
25.4606
24.3067
25.0412
26.0235
27.1382
26.6333
27.6536
27.2879
27.7797
26.7375
26.5981
26.4242
26.0687
26.3348
26.5018
26.8069
27.2432
26.9985
26.659
27.6737
27.2803
27.0383
27.3609
26.7993
27.9964
27.8938
27.8113
27.9915
26.8201
26.9517
27.3023
26.7203
27.4663
26.7275
26.6747
26.715
25.908
26.0735
25.4985
26.6033
24.2326
25.4012
24.8665
24.8548
25.6565
25.1317
23.7764
23.6933
22.2849
22.983
23.6096
22.4539
23.115
23.0629
22.6728
24.2364
23.1132
23.7543
22.801
23.0281
22.2561
23.0994
23.1765
21.9416
22.544
22.8337
22.9793
21.8209
22.656
23.1145
22.3831
22.2211
22.1992
22.0409
22.1522
21.9532
22.5033
20.909
22.3062
22.0991
20.9879
21.1165
21.7937
20.8354
21.4171
21.7656
21.7063
22.4366
22.9167
21.7366
22.2147
22.9305
22.8721
22.1698
22.3988
22.7141
22.8219
23.3605
23.2782
23.1169
22.588
23.1652
22.7184
22.1123
21.6771
22.0978
22.0335
21.5428
21.6471
22.0706
24.0856
23.6748
24.0957
24.7481
25.1638
26.1324
25.9434
24.6919
24.8935
24.7341
24.9813
25.2973
24.6928
25.1768
24.9296
26.4536
26.513
25.4351
25.8812
25.0053
25.7598
25.3512
25.7415
25.8649
25.8067
26.1574
24.4284
25.7327
25.8986
25.0113
25.7172
25.2772
25.6844
25.7581
25.2088
24.3359
24.1861
25.6506
25.3155
24.6164
24.3287
24.0271
24.3493
23.2887
24.179
23.1867
23.0731
24.4129
23.6464
23.2586
22.004
21.6442
22.9702
21.8634
21.7683
22.4634
22.8242
22.5323
21.9435
22.2159
22.1246
22.4084
22.6824
23.2939
22.2868
21.8007
21.7209
21.2671
21.7415
21.4577
21.8291
22.664
22.3673
22.8717
22.8347
22.4402
23.1544
21.797
22.1921
21.4478
22.0112
21.3396
21.3563
21.7321
20.7651
21.5143
20.3434
20.5093
20.4261
20.6167
20.9582
20.7821
19.7786
20.259
19.9922
19.162
18.5224
18.8335
19.2384
18.7687
17.8369
17.8947
17.208
17.051
15.8718
16.396
15.1662
13.9067
14.8298
14.1348
14.7399
15.6841
15.0986
15.0314
15.6261
15.593
16.4644
17.0275
15.9851
15.827
16.2233
16.2612
16.3636
16.8048
15.4685
17.114
16.2115
18.0317
17.302
17.2617
17.1129
18.1825
17.499
18.8236
17.7782
19.2471
20.0652
20.0995
20.3699
20.4539
20.4066
20.6265
20.8521
20.9116
21.0265
20.435
20.749
22.1938
21.466
22.4878
22.5055
22.4089
22.2812
22.8113
23.7541
22.9556
23.1411
23.7352
22.856
23.0443
22.4942
22.4216
23.3648
23.7552
23.2985
23.762
24.137
23.7139
24.3027
24.0681
24.1261
22.5531
24.3123
24.3865
23.9088
23.8085
23.9938
23.9144
23.5895
24.6263
24.4578
23.9663
24.7439
25.1385
25.7898
25.2646
26.0911
25.3201
25.789
24.9135
25.0145
25.6259
25.3242
26.2175
25.8256
25.5749
25.6126
24.7993
25.9286
25.7817
25.6326
25.8208
25.2166
25.6152
25.3775
25.7361
26.0709
25.8666
26.9395
26.3539
26.1261
25.0215
24.7757
23.8725
24.0144
