39.083
38.861
38.4612
38.4276
36.8398
36.8421
36.0896
37.3892
37.1092
36.797
36.8176
36.2838
36.594
36.1217
36.1871
36.8876
36.3304
36.6727
36.2051
37.5107
37.6455
37.0225
39.1246
39.8451
39.93
39.7836
39.9214
40.2195
41.1067
39.8564
39.0837
38.5989
37.5836
37.2419
37.2872
36.5692
37.4823
37.38
36.4423
36.2831
36.8156
36.5477
35.8617
35.9544
35.6261
36.0193
36.8511
37.1717
37.9885
36.8397
36.7076
36.9031
37.2226
36.9879
36.0704
34.9006
35.3977
35.6514
36.3285
37.4194
38.1318
37.7664
36.6366
36.7558
36.7273
36.3038
36.1813
36.189
35.8893
34.9616
36.3102
36.2644
37.9823
37.9123
37.8038
36.4468
36.705
36.6106
36.6253
37.5107
36.9436
36.1429
36.4455
37.9998
36.8472
35.6459
36.4234
35.6644
34.8901
34.7731
34.4525
34.2587
35.9277
36.0724
37.4222
36.6088
37.8894
36.7531
37.1494
35.8498
36.0134
35.7103
35.2901
36.0992
35.5981
34.7918
35.6948
35.263
35.4452
35.0458
35.4463
35.0768
35.6561
36.0131
35.1915
35.8193
35.2429
34.6415
36.6812
36.3511
36.5452
36.5609
37.2151
36.4273
36.6801
36.9185
35.8762
35.1545
34.9314
34.2425
34.4625
35.4136
36.1911
36.7283
35.877
35.2672
35.8876
35.8353
35.4285
35.0545
18.818
16.7162
19.0222
19.8108
16.8725
19.6935
18.8488
17.214
18.8104
18.7431
17.6584
18.1276
18.8396
16.2193
20.061
18.9699
17.33
18.5507
18.9537
16.2043
18.2719
18.4127
16.5954
17.1769
18.3793
17.3967
19.2028
19.8143
17.8861
19.6945
19.6563
18.9189
21.7335
20.7878
18.3363
20.0012
19.9488
18.8226
20.9908
21.1218
18.5205
20.2687
21.325
19.6461
20.688
21.6836
20.051
21.0375
19.6003
18.6027
21.8995
21.6303
19.2595
20.5145
20.2676
18.9104
20.9176
21.3923
19.8004
20.4476
20.4388
19.1409
21.1967
21.2467
18.4164
21.2443
21.1179
20.8468
22.0399
22.6066
20.1952
21.4988
20.9729
18.4743
22.4444
22.0112
20.1291
22.1694
22.0331
20.8149
21.9588
22.3718
21.5036
22.1869
22.3932
20.4439
22.2177
22.5199
21.0128
22.441
24.1773
22.6327
23.2863
23.2917
21.0104
22.4265
22.2709
22.0091
24.5703
21.2397
