12.0048
11.2076
9.44791
9.56183
7.89737
9.54998
9.04146
10.3606
10.2314
10.2597
10.0015
10.3332
11.8212
14.9407
15.9485
17.7644
18.5933
19.9861
22.946
23.23
23.5054
24.47
25.9807
27.2341
28.6834
29.2226
30.5088
31.0601
31.5894
30.697
31.0778
30.8975
31.5653
31.6781
31.2282
31.1288
30.9812
30.2989
31.0407
29.658
29.3616
27.0029
26.1699
25.5014
24.411
23.5335
22.0417
20.3078
19.1589
17.1911
16.7181
16.0385
13.6159
12.3257
10.7662
8.78911
8.0268
7.20645
7.00383
4.86991
5.05418
4.28281
5.33528
5.53803
5.68777
5.5099
6.11134
5.97894
6.13659
7.83045
7.77158
8.67501
11.1448
12.0036
12.2994
11.9495
13.7135
14.1525
13.4992
13.2768
13.4786
14.288
15.4593
14.8547
15.2494
16.1392
17.6779
18.4373
17.1032
17.5626
18.6735
18.0435
18.8974
20.3941
18.2196
18.3341
18.4402
17.1124
18.7681
19.2213
20.8298
21.2375
18.412
18.4423
17.3824
16.7148
14.8564
14.874
14.7395
14.2368
13.5167
15.3946
13.8732
13.8369
13.3548
13.0545
13.8615
13.6576
14.0351
14.1909
16.2073
16.6483
15.9805
17.7291
19.5881
21.9136
23.6418
25.102
26.8715
26.5904
29.7447
30.8911
32.9665
33.7539
35.592
36.7867
38.9419
39.1808
39.5576
41.5815
42.7819
42.9884
43.1567
43.8879
44.5205
44.8618
46.8699
46.3925
46.131
46.4389
47.6468
47.553
47.1878
46.172
45.8103
45.697
44.5233
44.47
44.7412
44.7992
43.7468
42.4101
41.8284
41.6885
40.3351
40.7609
39.277
38.8228
37.905
36.1662
34.8694
33.0845
31.3954
30.8848
29.2587
27.598
26.2343
24.4812
23.3653
20.7933
21.6891
20.4086
19.8428
17.6915
14.7781
15.9221
11.8995
14.4635
15.3135
15.7994
15.5615
16.833
16.8111
18.5505
17.4423
17.9937
18.3042
18.7627
18.3755
19.0806
21.3429
22.401
21.2672
22.0264
22.4859
22.7453
23.379
24.0571
25.0827
24.6884
24.4424
25.1643
25.2059
23.6279
23.9497
23.533
24.4242
24.8087
24.6922
23.6577
23.1493
22.9319
23.0979
23.3021
22.6721
21.4657
21.8975
21.1183
20.5614
21.012
20.9654
20.1227
20.8829
20.5037
21.1476
21.3139
20.6506
21.4347
20.9613
22.816
