61.7347
62.7246
61.7034
63.7823
62.4693
63.5606
64.1942
62.744
63.4504
63.1131
64.6683
65.198
65.0139
66.1453
64.6408
66.2105
64.3198
63.7057
66.1396
64.906
64.3948
65.3268
64.8736
66.0024
64.9206
65.6054
66.1859
65.8735
66.677
65.4403
65.9717
65.9781
66.0557
65.4404
66.229
64.9436
65.7915
65.9901
66.8884
66.6675
66.7926
66.9226
67.1095
67.1674
66.9083
68.0412
67.492
67.3321
67.1538
66.1047
67.5025
66.581
67.9802
66.5902
67.5894
66.421
67.7863
68.1291
67.3644
66.938
68.0557
67.1202
67.4903
66.5032
66.7612
67.5815
67.6302
67.222
67.4838
66.2218
67.752
65.2616
65.585
64.9613
64.6513
65.2662
64.9877
66.2486
64.9093
65.3528
65.7559
64.9126
65.7115
65.4142
65.6983
65.9292
65.9511
65.8699
65.3704
65.7126
64.8421
63.4095
64.4409
64.1105
64.5862
64.7238
64.603
65.3005
64.8972
64.2258
65.2064
65.114
64.1607
65.0561
63.7063
63.3403
63.7872
64.1233
63.5998
63.2373
63.7329
64.5738
63.2172
62.7122
63.4927
62.9163
62.5754
62.783
62.1374
62.3578
63.9748
63.8431
62.8358
63.5825
62.0422
61.7844
62.4564
62.0506
62.3751
60.9684
61.0517
60.9878
61.8221
60.6665
61.9743
61.3381
59.8099
61.3524
59.4193
59.6672
59.7055
58.8326
58.9074
57.1274
56.542
59.0627
57.7322
57.9505
58.0769
58.5864
58.0429
57.6855
57.7327
56.7414
57.399
57.1187
57.8249
56.2935
57.2886
56.3069
54.8563
55.3526
55.28
55.7702
54.8955
54.6763
54.8753
55.0737
55.3778
53.5364
53.7788
52.1379
53.0442
52.9907
53.6782
53.4006
51.5519
52.6445
52.6464
52.5409
52.504
52.5328
52.6121
52.1214
51.8742
53.1802
53.2434
53.4759
52.5937
53.0582
52.4166
53.5999
51.5427
51.6359
50.3462
50.5949
50.2936
50.3715
50.0317
51.7846
51.7464
51.5326
51.0021
52.4312
51.581
53.4164
53.4367
52.0663
52.6826
53.7445
53.0775
52.767
53.0456
53.8811
52.5169
52.8911
52.7111
54.2504
54.8118
54.547
55.5024
56.6239
57.0775
56.0404
56.9658
57.3637
57.2094
57.0268
58.2126
57.9184
57.3767
59.0525
57.6578
59.1809
59.4895
58.809
57.7455
58.6274
59.8734
58.6919
58.6146
58.5663
60.7423
60.4162
60.4348
60.0994
60.7043
61.7424
61.183
61.2297
60.24
60.1861
61.0932
62.2019
60.6498
62.9965
62.1306
62.4758
63.0591
62.5691
62.6115
61.5935
62.0915
62.5058
63.0953
63.292
63.3486
63.972
62.2282
62.8841
62.8543
63.465
62.8426
62.4041
63.8039
63.8335
64.1446
63.7879
63.6279
63.4739
64.6373
63.5162
63.4056
64.2942
62.6727
64.4488
64.0521
64.6462
64.0271
65.2058
64.536
64.1539
63.915
64.664
65.3497
65.1579
64.6532
64.3006
65.2529
64.3705
64.5545
64.8276
65.7345
65.4184
64.6459
64.4262
63.629
65.412
63.7405
64.1418
64.9572
64.4014
64.8187
64.8334
64.2202
65.0174
64.5352
66.0618
64.886
64.0912
64.9269
64.0723
64.5201
65.8953
64.1191
66.2819
65.0488
65.0339
64.1365
64.3981
65.1716
64.8839
63.5094
62.9331
63.8216
64.7933
64.0009
64.6088
63.6692
63.2466
63.3542
64.2687
62.8817
62.7776
63.5258
61.671
64.269
62.3187
62.4618
63.4903
62.9905
62.1433
61.7963
62.2598
62.9168
61.7632
62.0924
61.4082
60.5744
60.8665
60.6686
60.7644
60.8146
61.7381
60.2102
60.638
59.8066
60.3905
60.5747
61.0099
60.3341
60.5884
60.3514
60.3998
59.3167
58.493
59.187
59.337
58.5302
58.6478
57.8092
57.8323
58.7
58.7973
58.2099
57.4895
58.3851
57.828
57.179
57.86
57.1352
57.4808
57.6202
57.5474
57.3092
55.7578
57.1179
55.6703
55.6008
56.3324
56.7117
55.3796
55.407
56.0214
56.3512
54.8754
55.3256
56.6724
54.6464
56.3601
56.0262
55.2502
54.9021
54.7093
54.7186
54.2793
54.9228
53.5488
54.7901
54.5072
53.6018
53.7965
53.2738
53.6438
53.5386
53.1644
51.4192
53.1661
53.2797
52.1046
51.774
52.9432
52.1163
52.8445
52.6962
52.7848
52.8144
52.9606
52.8543
53.4351
54.2454
53.7116
53.9346
53.4318
52.3908
54.0839
53.3956
53.591
52.7059
53.5329
53.3251
53.4338
53.2126
53.4271
53.5381
52.3406
52.7614
52.1533
52.0832
51.7107
52.0658
53.5992
53.0226
52.989
52.5184
53.2296
52.5472
53.2338
54.2785
52.8669
53.8112
53.943
53.4811
53.541
54.3355
55.6137
55.0389
55.6407
55.8815
56.8535
55.4649
56.3064
55.3149
55.8156
56.6115
55.8716
57.0355
56.1785
56.2183
57.129
57.0211
56.8634
57.5388
57.5165
58.1812
58.4952
59.141
58.018
57.714
58.9478
