35.6532
35.4543
36.3951
36.3853
37.2861
36.77
36.1442
33.8949
34.6371
34.0299
33.8956
32.4508
31.5275
32.4202
31.9959
32.1577
30.6792
30.5836
31.1916
32.9369
32.7653
33.1878
31.6917
30.2453
30.4032
28.9095
29.3162
28.2988
30.1691
29.4852
28.4741
27.8032
28.0907
28.7502
28.6871
30.7758
32.3934
31.0179
31.1282
28.8813
29.3608
27.7936
27.5124
27.8198
25.6569
24.8059
23.5758
22.4489
23.002
23.2175
23.3341
21.3442
22.2039
21.9512
22.0121
21.9049
21.2551
21.6877
21.3372
22.8583
22.3439
21.2872
21.7045
22.3089
20.7328
22.131
23.3545
24.7133
25.8507
25.8454
27.7141
29.031
29.3715
29.6637
30.5704
31.7073
32.6351
34.0504
34.4402
35.0833
34.8193
35.2284
34.1235
33.4105
32.0723
32.1649
32.1167
33.7349
34.1911
34.7042
35.5289
35.0396
34.9892
34.9236
37.3383
38.5301
38.695
40.3488
41.4327
42.6488
40.9342
40.2307
41.3993
40.7822
41.379
40.5237
39.1541
38.6398
38.366
38.1623
38.1551
36.0072
37.1841
34.8575
32.4645
30.6547
30.6315
30.6409
28.919
29.1017
28.4798
27.2127
27.3185
25.4693
25.5469
24.9082
24.5264
23.9616
24.2501
24.6961
23.6688
24.182
23.4775
23.6997
23.9839
23.7388
23.1619
24.7141
24.5287
24.5284
23.5091
22.8274
23.1937
22.4533
22.5337
21.2739
20.2255
17.9863
20.7742
18.9593
18.9135
19.5895
20.0677
20.4115
21.1559
22.0642
21.0028
20.9996
22.2768
22.3547
23.0845
21.3296
21.3544
21.0036
20.6093
23.1374
22.8808
23.9365
24.2635
24.2548
23.6509
23.7725
25.5984
24.4808
24.5148
24.8635
26.0685
23.0097
24.4689
24.4657
25.1942
24.9452
27.3978
28.5257
28.0802
28.3171
28.5902
27.1309
26.3387
26.7172
27.1544
26.1915
24.8796
23.8653
21.3659
20.3626
19.2537
19.5316
19.8434
19.1268
18.453
18.5175
17.4991
16.3617
15.9059
15.3196
14.8355
14.9382
14.8204
15.0578
15.8114
15.0906
15.4211
16.2006
17.0983
18.0439
17.8728
19.834
20
19.5213
21.4461
22.4052
24.8237
26.0696
26.6962
27.7063
27.476
27.7273
27.0355
28.5622
30.347
31.4665
34.0838
35.1437
35.7745
37.3802
36.7784
36.5953
37.671
37.5069
38.4996
38.8957
39.7
39.8614
39.9174
39.848
39.4593
40.9544
41.0944
41.1115
39.6858
40.5453
40.2236
40.0527
39.3981
38.7058
36.3931
35.0513
34.9604
34.0414
33.8526
33.074
32.2081
30.7701
30.8131
29.3896
28.5643
28.5941
26.2033
25.0602
24.1038
23.952
23.0645
21.8343
20.2365
18.3837
17.3314
16.9374
18.4403
16.7121
17.8872
18.0108
16.3351
17.1693
18.1003
16.2028
15.4078
12.8832
13.4686
11.7242
13.1306
13.5225
14.3057
15.6809
16.8021
17.9503
19.4393
19.6363
20.5137
18.8602
