33.0175
32.0914
31.922
32.5323
31.5108
32.2994
32.4345
31.9443
31.8337
31.0018
31.5158
31.6536
32.6635
31.0777
29.8928
28.9005
27.0216
26.2538
25.7174
24.4649
24.3203
24.2587
22.8283
22.2734
23.8033
24.9931
24.9612
24.4893
25.3613
24.9824
26.4429
24.9189
26.3617
26.1422
25.4778
27.1592
32.114
30.9904
32.3991
33.2003
33.1259
32.8709
32.1529
31.1341
29.1168
28.2657
28.8524
29.4916
34.8345
29.5435
27.7457
27.3647
26.1872
26.7642
26.6045
24.9549
25.8733
26.2569
26.0537
27.8702
33.7262
29.0753
28.4963
27.3824
26.111
25.53
25.5621
26.2163
25.065
26.3285
25.5037
27.1374
29.5265
26.8845
27.5946
29.4764
27.5324
25.9477
28.0072
27.4586
27.5454
29.3031
31.0094
33.7536
41.5656
37.8385
36.5386
35.8763
35.3864
36.5337
38.4788
38.2474
38.1729
40.2261
40.7948
41.4279
46.3508
42.2651
40.9592
42.1055
39.3122
39.4911
38.9793
38.1075
38.6956
38.2938
39.4337
40.0053
43.8715
38.7466
38.8444
37.4593
36.8464
36.2099
36.1785
34.9112
34.2535
33.56
34.6515
35.8821
42.6129
37.7012
37.4799
35.8332
35.9451
36.2805
36.7665
36.9069
36.4566
36.6041
38.7826
40.1722
43.6867
42.4591
41.9557
41.0702
40.9348
40.4661
39.9444
38.6246
38.244
37.1194
37.839
37.9911
37.8762
40.0405
39.2042
38.4842
39.201
39.4822
38.1706
40.4247
40.2956
40.5434
39.3267
40.458
41.1593
41.744
39.9693
39.3174
38.9236
39.3955
39.9438
39.56
40.6321
40.4168
38.6344
38.8743
40.6193
40.4823
39.7517
40.6968
38.5224
38.1609
40.851
37.833
38.0547
39.9644
38.0344
39.581
43.1527
39.7515
38.8798
40.139
38.8787
38.1335
39.7326
38.4417
37.2962
40.3792
39.72
40.2441
42.5823
39.5972
41.1503
42.3416
40.604
41.6052
41.7287
40.9122
42.0207
42.435
39.6933
42.1255
43.2214
41.3885
41.8819
43.4849
42.8681
44.365
42.4754
42.2566
42.1803
43.298
42.5249
44.1164
45.8469
45.2236
45.6659
45.367
45.2186
44.6489
44.7069
44.0111
43.8774
44.1406
42.7392
43.3606
45.0546
43.3427
42.5556
42.3797
42.2078
42.7837
43.4372
42.2883
43.3211
43.0266
42.3067
41.2633
45.0822
44.0372
42.9139
44.0062
42.5748
42.4707
42.6863
42.2703
42.6236
42.6873
42.5162
42.2433
44.8582
44.2148
43.8429
45.1476
42.9485
44.5853
44.3234
42.6026
44.3588
44.3453
42.8493
44.2303
45.7381
45.2227
44.2078
44.2728
43.4587
45.0909
44.6907
44.5707
44.6936
44.2034
44.4526
45.9462
46.6289
45.8532
45.4833
46.1656
44.9464
45.1315
46.2338
43.9654
43.2735
44.1463
45.1141
46.5332
46.4398
46.2301
46.0095
46.4004
45.6307
44.9641
43.958
43.7184
44.806
44.7673
43.6272
45.2346
45.9986
44.7294
45.365
44.4889
43.0303
43.1485
43.4936
43.4206
43.5331
42.7448
43.2458
45.3754
46.265
44.5058
43.695
43.7016
42.7664
43.8108
44.0722
43.4523
42.9226
42.7235
42.9786
44.7651
46.635
46.0872
45.2202
44.7273
43.8719
45.1321
44.3638
44.5553
43.4002
43.6455
44.2317
46.0691
47.9133
46.4862
46.1486
46.4981
45.9732
45.1366
45.552
45.4528
46.3491
45.4478
45.9638
47.834
49.9562
48.2801
47.9106
48.1981
47.581
47.6863
47.1169
46.2741
46.8322
47.0621
45.8758
49.2002
49.226
47.9742
47.8972
48.6375
47.6641
47.5293
47.6039
47.4787
46.8016
46.5052
46.3789
48.8145
49.6621
49.0034
48.9514
49.2314
48.6942
49.1825
49.1565
48.2022
47.7959
47.9673
47.2981
50.0087
50.2758
49.5217
48.4594
48.4047
47.489
48.1738
48.7469
47.7105
47.2618
47.8381
47.1908
48.6095
50.6488
48.6767
47.6586
46.9553
46.3809
45.9432
46.2257
46.1056
44.9894
45.6616
43.9836
47.505
49.2718
46.9934
46.1551
47.0878
46.4112
46.2291
46.3945
46.3927
46.8181
46.6669
46.9072
50.1775
55.1029
50.7555
48.9903
49.0844
47.4203
47.5601
48.3932
47.9459
46.7947
47.6368
47.0285
49.8203
49.9722
47.3926
46.711
47.6439
46.0322
46.817
47.6388
47.0959
46.5575
48.4852
47.8409
49.6278
53.4896
51.3633
50.4774
51.5871
50.1764
50.573
50.6355
50.9282
51.0667
52.1197
52.3629
53.1779
56.0771
54.6082
53.6108
54.1358
52.1161
50.9775
51.2921
49.7941
48.844
49.6571
49.2079
50.3528
54.8574
53.6185
52.3702
52.4408
50.9511
51.1417
51.7081
50.0344
49.6105
49.6804
48.0104
49.9725
53.6425
52.8524
51.0814
51.1617
48.7625
48.8853
49.8952
48.6627
47.6202
48.724
48.901
49.4229
54.7494
52.6843
52.1474
51.9826
49.3304
49.9613
49.8176
48.381
47.7973
48.7258
48.6684
50.4825
53.3159
51.3251
50.8746
51.8682
50.0502
49.2339
49.8787
48.4488
47.7164
49.0133
48.154
48.4583
51.7893
49.9672
49.2162
49.5978
48.5093
47.4048
47.8348
46.7433
46.0137
46.9059
44.6682
44.9256
47.1997
45.411
46.8658
46.2152
45.0364
44.6161
44.0277
42.9949
43.334
42.1628
43.7411
44.0504
46.5826
45.5415
45.5518
45.6338
44.4004
45.4801
45.4142
43.989
45.1453
45.0636
43.8865
44.683
45.7761
45.9064
45.899
46.0605
45.4762
44.6482
45.1314
44.0775
43.5715
42.9417
44.2285
44.8057
46.2154
46.4091
46.5784
45.9056
45.7888
45.0475
45.6104
44.822
44.3119
44.4854
43.8993
42.8479
45.3549
42.5969
42.7042
44.01
42.8703
42.4637
43.2642
41.4141
41.8884
42.7685
40.9631
42.6566
43.9401
42.6627
42.2609
43.1094
42.5077
41.5376
42.1978
41.643
41.717
43.2708
43.0637
45.7005
