4.22346
6.1441
5.89671
4.83521
5.58831
6.2313
4.72459
5.94161
4.9458
5.05106
5.40369
5.14152
5.31429
6.90935
6.22962
4.88003
5.87096
6.92002
5.46309
6.23244
6.09438
5.38376
7.18966
6.22498
5.09432
5.90854
5.55238
4.27202
6.36402
6.30117
5.15587
5.68897
5.15206
4.84287
6.49421
6.44551
5.41217
7.3121
8.55218
5.59504
7.88548
7.6163
7.48856
8.54515
8.64557
7.57222
9.2357
9.02052
6.91933
8.85729
8.3105
7.47194
9.07106
9.20209
8.10423
9.16135
8.96233
8.22897
7.68402
9.28882
7.38959
9.1316
9.59095
9.05112
8.86743
8.89048
8.88935
9.1487
10.1253
7.57406
9.03831
9.0274
7.14158
8.63853
9.31336
6.92942
9.23227
9.60866
7.80194
9.03606
8.75268
7.85743
9.26548
9.34546
7.47171
8.57993
8.78312
8.32763
9.09669
9.49222
7.38613
8.98462
7.92776
7.34236
8.9326
10.5868
8.38132
10.1461
9.74106
8.97929
10.1058
9.3016
8.72501
9.35891
9.09719
7.76359
9.2566
8.89374
7.02706
8.39953
8.72865
7.53457
9.34332
8.76325
7.17368
8.49666
8.74199
7.38518
8.67141
8.08191
6.63503
7.38918
8.94907
7.59531
8.23437
7.70359
6.98066
7.72707
8.48104
7.63239
9.8206
8.43604
7.2214
8.99373
9.72507
7.74984
9.56524
9.66897
7.88373
9.36971
9.69376
7.63221
10.1775
9.62502
7.74504
9.57906
8.03173
7.15867
8.84421
8.24345
6.45859
8.26271
8.56271
7.04996
7.89807
7.7581
6.63969
7.62577
8.6007
7.72156
9.07396
9.06475
7.92102
9.89849
9.62584
9.27792
9.41381
10.0902
8.73719
10.5223
10.5117
10.4375
11.5308
10.3953
9.70191
9.67356
10.479
9.23986
10.6355
9.59502
8.0357
11.059
10.1231
9.60549
10.162
10.1909
8.67506
11.3105
11.3408
10.9098
11.1759
10.894
9.59396
10.9156
11.1003
9.23897
11.1624
9.99625
9.07515
10.7506
11.1548
10.4065
11.053
11.1616
9.76282
12.0034
11.2025
9.65477
11.1633
11.2623
10.0706
11.9377
12.1036
10.9801
11.6868
11.9606
10.2587
12.122
11.3634
10.8039
12.9587
12.4036
10.1449
10.1986
10.8783
9.42914
11.5603
10.5033
9.28353
11.3086
11.2483
10.1348
10.6821
10.5561
10.2738
11.2377
11.24
10.2156
10.9811
10.1127
