36.0828
36.048
36.0749
35.8951
35.8775
35.1522
35.4977
36.8921
37.4193
38.0529
37.2087
37.06
37.4418
35.9117
36.2166
36.6595
38.6762
37.5043
36.7163
37.7942
38.0054
36.2428
36.4908
35.6955
37.3658
36.194
36.3633
36.3923
36.3107
35.1352
36.569
36.3535
35.4859
34.6356
34.6866
34.8317
34.1945
34.6813
35.1452
34.678
35.1485
35.2919
35.2941
34.9836
36.6379
35.7803
36.4036
36.0099
36.8189
35.7115
35.8338
35.8981
36.1594
35.5286
36.097
38.116
37.0549
37.7731
36.0917
34.5773
36.0286
36.6712
35.7472
38.0755
37.5358
37.758
38.4199
36.0008
37.0801
39.1361
39.0542
37.7136
37.4298
38.1078
39.2177
38.4424
39.3509
36.3883
38.6777
37.0836
37.3312
37.1825
37.9106
38.8107
37.3824
38.6645
38.6015
39.7371
38.6579
40.4734
39.8137
38.9628
39.8088
39.0476
38.1508
40.6476
40.5706
41.7749
40.1535
39.8879
40.2235
38.7374
38.5404
41.2867
39.7992
41.0579
40.4054
40.0032
42.3235
42.6832
41.5482
42.6643
42.0707
42.6317
42.3952
41.7357
41.5618
43.0264
41.0359
42.2467
41.0509
42.5408
40.899
42.9879
41.0076
42.9243
41.6252
42.4525
42.635
43.5757
41.567
43.1831
41.3346
42.829
42.9998
43.7049
42.8418
43.4414
44.3013
43.9023
42.4444
41.6465
42.452
42.0026
42.0862
42.8286
44.0028
44.239
43.3795
42.3825
44.4327
43.9175
42.4668
42.7262
44.59
44.3383
44.304
43.6106
44.6379
44.8662
44.6143
44.5833
44.6815
44.402
45.4386
45.764
45.9793
45.356
45.4784
46.0215
45.9742
45.5316
45.9798
46.8273
47.2327
47.2932
46.0186
47.0829
47.2241
47.5532
47.4678
47.0603
46.9661
47.2101
47.4043
47.6417
47.3098
46.3495
46.5518
46.5972
45.8814
46.8224
46.4446
45.7615
44.7525
47.3187
47.836
46.9781
46.0496
46.0218
46.4535
47.0385
48.398
49.2544
48.5017
49.0798
48.279
48.7572
47.8164
49.3397
49.7327
49.1035
48.0045
48.7866
48.8603
47.5147
46.8831
47.554
47.5148
47.9082
46.8377
46.8903
46.8431
48.8144
47.1431
47.5775
46.9331
49.4069
48.6757
49.4011
49.0006
48.607
47.3644
49.0037
47.1823
48.021
48.2295
48.8431
49.0304
49.1333
48.009
49.2556
48.599
48.966
48.9175
48.1968
47.2071
47.7423
46.8213
47.3891
46.4153
45.2082
46.1839
46.5092
46.3148
47.3302
46.9771
48.3965
48.6336
47.8816
46.7839
47.2269
44.8225
45.4729
44.4972
46.1756
47.7312
46.0884
45.514
46.5978
46.2999
47.3016
44.365
45.1165
45.0116
45.6241
43.8774
45.5826
45.9799
44.7809
43.958
43.1811
45.2197
43.157
42.6873
41.8618
43.9004
42.4048
43.3158
43.7783
43.3963
43.6002
41.3796
42.7118
41.8829
40.6423
38.6339
40.5673
37.3747
38.7498
37.1767
38.7182
37.1714
38.2284
37.9334
39.4344
39.3324
37.9202
36.6477
37.5846
37.0045
36.9262
35.6326
32.6458
35.8501
30.8715
32.519
31.8889
31.9848
35.5623
37.3746
31.7023
34.0445
30.4288
32.3558
30.0575
34.2161
29.6881
33.2513
29.8523
35.1545
29.9504
32.5891
30.6268
33.5266
31.3597
33.9576
31.4468
32.6514
30.2537
31.581
30.1059
32.2609
31.4447
34.2238
30.7099
31.462
28.761
30.5374
30.5583
32.1619
34.5934
36.6203
34.1778
31.0947
28.7474
31.5266
32.609
31.2586
30.1959
34.3182
32.9861
31.0794
28.8553
32.1817
32.5154
31.3625
30.9718
32.9821
28.816
33.6486
29.1335
30.3814
30.6541
29.4655
31.6491
33.7551
33.0975
29.4362
31.9644
32.8096
31.7858
30.2103
33.6593
35.0585
32.1646
30.6745
33.5535
35.5686
34.1756
32.6698
34.002
33.9969
33.0604
31.0611
32.8597
34.0635
31.8484
29.8868
31.8583
33.3388
33.0552
31.0197
32.2226
30.8839
30.8336
28.589
32.2115
32.3692
31.7516
27.3414
26.9452
28.7442
31.3764
30.8227
32.26
33.8387
34.1314
32.2667
32.6432
29.7787
31.683
28.343
31.1526
31.3625
31.8773
29.5006
30.341
27.7737
28.5861
28.0397
30.2025
29.6266
30.5468
26.7854
29.1625
26.4709
28.5132
29.1754
29.6257
28.8884
29.7241
29.2162
28.8518
28.6763
31.0513
31.261
32.0767
34.6259
33.8275
32.953
33.2746
33.14
34.5031
32.4224
31.9335
31.2613
31.8535
32.1858
31.1026
29.6697
31.034
32.2206
31.6874
30.6338
32.5104
30.7677
31.708
30.4097
30.9974
31.8117
31.0855
30.7963
31.4035
31.3081
30.257
28.7742
31.0409
31.6053
32.1724
33.3381
34.9795
34.4076
33.6417
33.1131
33.7578
34.184
32.6439
31.4027
32.3895
32.978
32.2182
30.792
31.7658
32.0152
31.2113
30.1896
31.4191
31.6536
31.1656
30.9284
31.386
31.7492
31.0787
29.7507
30.5516
30.8134
30.0093
28.2782
29.5866
30.738
30.6378
31.5689
33.1006
34.073
33.4857
32.729
34.3147
33.5858
33.7247
32.366
33.6954
34.5897
34.1985
33.4388
34.2661
35.22
33.9309
33.2056
33.8894
34.2167
34.253
33.5278
33.6084
34.0413
33.2251
31.9788
33.592
33.4599
32.7283
31.4586
32.969
33.6503
33.7429
33.9749
34.7752
35.7344
35.5793
34.6866
35.0935
34.3589
33.4686
31.8901
33.6223
34.3045
34.2296
33.1746
33.6186
34.052
33.1014
32.6208
33.7872
34.5637
34.1501
34.3384
34.3404
34.5263
33.5036
32.8986
33.2543
32.7639
32.9264
33.276
34.3318
35.2666
34.6879
33.9788
34.4478
35.1878
34.7925
34.4737
34.1954
34.6799
33.8198
32.6253
33.5682
34.4925
33.8017
32.7836
33.151
33.0328
32.865
32.2916
32.9644
33.6088
33.1872
32.9246
33.4492
33.7537
33.9363
